3.788880000000000109e+03 -2.058188472457363549e-15
3.790733571583172306e+03 -3.568260488321693726e-15
3.792587143166344504e+03 1.419563376560844645e-15
3.794440714749516246e+03 -2.069848049004628183e-15
3.796294286332688444e+03 -1.871392598481693368e-15
3.798147857915860641e+03 -1.813110922661409839e-15
3.800001429499032838e+03 -1.754840430693495170e-15
3.801855001082205035e+03 -1.696573446832694717e-15
3.803708572665376778e+03 -1.638309967687324288e-15
3.805562144248548975e+03 -1.580042318699055668e-15
3.807415715831721172e+03 -1.521785839122137621e-15
3.809269287414893370e+03 -1.463532854211332778e-15
3.811122858998065112e+03 -2.772725498779969038e-15
3.812976430581237310e+03 9.338205768429939172e-17
3.814830002164409507e+03 -1.715803842312924686e-15
3.816683573747581704e+03 -3.437591704084498128e-15
3.818537145330753901e+03 -1.831818756100188886e-15
3.820390716913925644e+03 -1.612693390194129165e-15
3.822244288497097841e+03 -1.393552317384786580e-15
3.824097860080270038e+03 -1.174452988103833223e-15
3.825951431663442236e+03 -9.553667736774285146e-16
3.827805003246614433e+03 -7.362934908504783789e-16
3.829658574829786176e+03 -5.172043436696529487e-16
3.831512146412958373e+03 -2.981570335657416552e-16
3.833365717996130570e+03 -7.912267087758768233e-17
3.835219289579302767e+03 1.398987628247478212e-16
3.837072861162474510e+03 3.589072429861045226e-16
3.838926432745646707e+03 2.066030478456903740e-15
3.840780004328818904e+03 -5.201931912001947692e-17
3.842633575911991102e+03 -2.374933901854641379e-15
3.844487147495163299e+03 2.542487020793136696e-16
3.846340719078335042e+03 5.704481345266995012e-17
3.848194290661507239e+03 2.537030281020869708e-15
3.850047862244679436e+03 -5.795920245033264167e-16
3.851901433827851633e+03 -1.665445382165163174e-15
3.853755005411023376e+03 -3.932549324096058189e-15
3.855608576994195573e+03 -2.152515767931077471e-15
3.857462148577367770e+03 7.974873434169506691e-16
3.859315720160539968e+03 -5.988233137795999651e-16
3.861169291743712165e+03 1.230391544202424528e-15
3.863022863326883908e+03 1.359509962602824749e-15
3.864876434910056105e+03 -7.539776224629044182e-16
3.866730006493228302e+03 2.101582122212263513e-15
3.868583578076400499e+03 4.478191792864919535e-15
3.870437149659572697e+03 1.919026254915962874e-15
3.872290721242744439e+03 1.422446328444944779e-17
3.874144292825916637e+03 -1.057625916073328621e-15
3.875997864409088834e+03 -7.913872460403746407e-16
3.877851435992261031e+03 -1.002582177944866487e-15
3.879705007575433228e+03 6.521938990547756628e-16
3.881558579158604971e+03 4.249851383228054294e-15
3.883412150741777168e+03 8.853364047606257412e-16
3.885265722324949365e+03 2.589142354571132253e-17
3.887119293908121563e+03 1.957615979312749488e-15
3.888972865491293305e+03 1.642314643492150764e-15
3.890826437074465503e+03 8.924288423359252143e-16
3.892680008657637700e+03 2.424016222270480705e-15
3.894533580240809897e+03 -8.352913466854299843e-16
3.896387151823982094e+03 1.518755166134426093e-15
3.898240723407153837e+03 2.417777704173043851e-15
3.900094294990326034e+03 1.894444441756831558e-15
3.901947866573498231e+03 -1.466294908944901608e-15
3.903801438156670429e+03 4.283040156605535120e-16
3.905655009739842626e+03 -1.287989930066206792e-15
3.907508581323014369e+03 -1.385735363759605080e-16
3.909362152906186566e+03 2.111053504992613913e-15
3.911215724489358763e+03 2.233532490357464996e-15
3.913069296072530960e+03 1.924698958763563563e-15
3.914922867655702703e+03 2.025040095758978311e-15
3.916776439238874900e+03 2.812697384936083539e-15
3.918630010822047097e+03 3.952637311793893327e-15
3.920483582405219295e+03 7.643084053391015041e-16
3.922337153988391492e+03 7.796895178398060183e-16
3.924190725571563235e+03 1.553122778807201659e-15
3.926044297154735432e+03 2.750866708137551339e-15
3.927897868737907629e+03 1.602594360474417476e-15
3.929751440321079826e+03 2.708681609156188793e-15
3.931605011904252024e+03 1.541811384221118627e-15
3.933458583487423766e+03 2.706018025819420687e-15
3.935312155070595963e+03 -6.265350971494932395e-16
3.937165726653768161e+03 1.791580628319506278e-15
3.939019298236940358e+03 1.353449752620746776e-15
3.940872869820112101e+03 -6.112261855678588069e-17
3.942726441403284298e+03 1.718280183633108320e-15
3.944580012986456495e+03 2.191537686764222070e-15
3.946433584569628692e+03 2.273838560958858211e-15
3.948287156152800890e+03 2.750257170743455217e-15
3.950140727735972632e+03 3.589970801005463266e-15
3.951994299319144829e+03 1.213463051207933640e-15
3.953847870902317027e+03 1.739011284617352365e-15
3.955701442485489224e+03 3.181967589319390881e-15
3.957555014068661421e+03 1.463214613643653192e-15
3.959408585651833164e+03 2.323492183685643954e-15
3.961262157235005361e+03 1.128116669539353831e-15
3.963115728818177558e+03 1.118851293305357950e-15
3.964969300401349756e+03 1.744005524865126607e-15
3.966822871984521953e+03 1.352379077311405511e-15
3.968676443567693696e+03 7.831212607792571773e-16
3.970530015150865893e+03 1.797885061150522682e-15
3.972383586734038090e+03 2.863921436455608055e-15
3.974237158317210287e+03 2.095092416003133128e-15
3.976090729900382030e+03 2.169465335261140353e-15
3.977944301483554227e+03 2.329829539586771701e-15
3.979797873066726424e+03 3.697317819184195840e-15
3.981651444649898622e+03 3.015788184774999095e-15
3.983505016233070819e+03 1.898509635563947417e-15
3.985358587816242562e+03 2.508356151184577104e-15
3.987212159399414759e+03 3.440514763665035046e-15
3.989065730982586956e+03 1.850906706070529348e-15
3.990919302565759153e+03 2.700284419722917106e-15
3.992772874148930896e+03 2.171620299875640732e-15
3.994626445732103093e+03 2.210589509838444031e-15
3.996480017315275290e+03 2.469224158225531505e-15
3.998333588898447488e+03 4.076936282371015540e-15
4.000187160481619685e+03 2.988252564849869834e-15
4.002040732064791428e+03 3.270519839923746113e-15
4.003894303647963625e+03 2.584649726421343894e-15
4.005747875231135822e+03 3.950412095390594862e-15
4.007601446814308019e+03 3.345513069801811362e-15
4.009455018397480217e+03 2.724012391196653307e-15
4.011308589980651959e+03 2.617612638597115273e-15
4.013162161563824156e+03 2.226899234348697205e-15
4.015015733146996354e+03 2.384412708687179192e-15
4.016869304730168551e+03 2.923589082347278117e-15
4.018722876313340748e+03 2.218276159087249010e-15
4.020576447896512491e+03 2.717550085588362180e-15
4.022430019479684688e+03 2.998251114606755554e-15
4.024283591062856885e+03 2.852361905356667010e-15
4.026137162646029083e+03 2.824050110634376881e-15
4.027990734229200825e+03 3.243929084429445706e-15
4.029844305812373022e+03 2.948319819609536518e-15
4.031697877395545220e+03 2.225462782734946413e-15
4.033551448978717417e+03 2.826853102115840917e-15
4.035405020561889614e+03 2.564897854373535103e-15
4.037258592145061357e+03 3.474061582232419173e-15
4.039112163728233554e+03 1.623269221681407311e-15
4.040965735311405751e+03 2.177764282129108495e-15
4.042819306894577949e+03 2.935272333138786076e-15
4.044672878477749691e+03 3.877725302758858060e-15
4.046526450060921889e+03 3.386183872735027918e-15
4.048380021644094086e+03 2.787545065057504614e-15
4.050233593227266283e+03 3.470384347322477706e-15
4.052087164810438480e+03 3.035978840342912208e-15
4.053940736393610223e+03 2.606655807559451717e-15
4.055794307976782420e+03 2.712858524769318472e-15
4.057647879559954617e+03 2.126310064652476421e-15
4.059501451143126815e+03 2.449455199169140776e-15
4.061355022726298557e+03 3.120872407303354851e-15
4.063208594309470755e+03 3.107565453777593129e-15
4.065062165892642952e+03 2.687235542845337540e-15
4.066915737475815149e+03 2.580755622025314538e-15
4.068769309058987346e+03 1.820934007843947947e-15
4.070622880642159544e+03 2.942855677747200064e-15
4.072476452225331286e+03 2.507819948175142073e-15
4.074330023808503483e+03 2.337055626093753826e-15
4.076183595391675681e+03 1.688300491705272091e-15
4.078037166974847878e+03 2.847767735981509948e-15
4.079890738558019621e+03 2.636534431159454604e-15
4.081744310141191818e+03 1.977052748035208546e-15
4.083597881724364015e+03 2.514156052867443260e-15
4.085451453307536212e+03 1.764426908955462690e-15
4.087305024890708410e+03 1.123052240636058910e-15
4.089158596473880152e+03 1.376189979592335802e-15
4.091012168057052349e+03 2.229170192439973855e-15
4.092865739640224547e+03 1.820074112707291800e-15
4.094719311223396744e+03 1.973459749578011056e-15
4.096572882806568487e+03 1.969089903147625844e-15
4.098426454389740684e+03 1.928730890560731722e-15
4.100280025972912881e+03 1.292337556415107067e-15
4.102133597556085078e+03 1.987009552215002698e-15
4.103987169139257276e+03 1.190067398192531231e-15
4.105840740722429473e+03 1.947121689968943400e-15
4.107694312305601670e+03 1.887025529050154509e-15
4.109547883888773868e+03 2.190536373325396363e-15
4.111401455471945155e+03 2.056124174035902725e-15
4.113255027055117353e+03 1.476335637812016814e-15
4.115108598638289550e+03 1.273104293981018247e-15
4.116962170221461747e+03 1.250366886557032958e-15
4.118815741804633944e+03 1.711837808978008634e-15
4.120669313387806142e+03 1.116382739831733512e-15
4.122522884970978339e+03 1.766684142672126677e-15
4.124376456554150536e+03 1.436017646424096515e-15
4.126230028137322734e+03 1.055574518020098251e-15
4.128083599720494021e+03 9.967638466721641861e-16
4.129937171303666219e+03 1.560643237355658237e-15
4.131790742886838416e+03 8.872574409377630479e-16
4.133644314470010613e+03 1.000061979504341301e-15
4.135497886053182810e+03 1.125813581018685070e-15
4.137351457636355008e+03 1.507960663915692179e-15
4.139205029219527205e+03 1.777837549578436440e-15
4.141058600802699402e+03 1.766710412847380611e-15
4.142912172385871600e+03 1.236119109077333909e-15
4.144765743969042887e+03 1.236005146139851577e-15
4.146619315552215085e+03 1.523800982017369624e-15
4.148472887135387282e+03 1.475768115349709002e-15
4.150326458718559479e+03 1.526189362128604850e-15
4.152180030301731676e+03 1.486249292287845100e-15
4.154033601884903874e+03 1.060531542124963117e-15
4.155887173468076071e+03 1.789456445661835703e-15
4.157740745051248268e+03 1.455941608095751359e-15
4.159594316634420466e+03 8.151676924809318636e-16
4.161447888217591753e+03 1.463390008955393445e-15
4.163301459800763951e+03 1.319293107283082597e-15
4.165155031383936148e+03 1.414090590814959541e-15
4.167008602967108345e+03 8.223074139372316166e-16
4.168862174550280542e+03 1.311454930449712386e-15
4.170715746133452740e+03 1.479453655982292303e-15
4.172569317716624937e+03 1.690243479020726999e-15
4.174422889299797134e+03 1.506172163058479189e-15
4.176276460882969332e+03 9.163823730189052878e-16
4.178130032466141529e+03 8.732598372645387696e-16
4.179983604049312817e+03 1.125582790663801337e-15
4.181837175632485014e+03 1.562132135987695085e-15
4.183690747215657211e+03 1.247919365374574516e-15
4.185544318798829408e+03 1.223822272303861194e-15
4.187397890382001606e+03 6.513795375746433307e-16
4.189251461965173803e+03 6.781687220627758812e-16
4.191105033548346000e+03 1.424033960707933504e-15
4.192958605131518198e+03 1.478705138937799391e-15
4.194812176714690395e+03 1.199740491624714015e-15
4.196665748297862592e+03 7.469235404479847108e-16
4.198519319881033880e+03 1.132282264183033279e-15
4.200372891464206077e+03 6.307840301198967313e-16
4.202226463047378274e+03 7.152216760493436716e-16
4.204080034630550472e+03 1.169167286250484873e-15
4.205933606213722669e+03 7.677388925168842164e-16
4.207787177796894866e+03 1.178049936081757559e-15
4.209640749380067064e+03 5.262237210015062708e-16
4.211494320963239261e+03 9.424573517217145818e-16
4.213347892546411458e+03 1.144962191306542563e-15
4.215201464129582746e+03 1.071420676222802482e-15
4.217055035712754943e+03 1.233333471816487753e-15
4.218908607295927141e+03 9.955420792259328218e-16
4.220762178879099338e+03 8.957366864680847799e-16
4.222615750462271535e+03 7.998102534961983290e-16
4.224469322045443732e+03 1.194543798051892599e-15
4.226322893628615930e+03 1.119792338042344211e-15
4.228176465211788127e+03 1.313533491364892493e-15
4.230030036794960324e+03 1.526206004682224477e-15
4.231883608378131612e+03 1.375175385829899260e-15
4.233737179961303809e+03 1.060731688908891450e-15
4.235590751544476007e+03 1.043909880715420182e-15
4.237444323127648204e+03 1.257235435285620627e-15
4.239297894710820401e+03 9.675890322953864292e-16
4.241151466293992598e+03 8.203571894027380215e-16
4.243005037877164796e+03 1.415127162267860619e-15
4.244858609460336993e+03 1.141277128486075543e-15
4.246712181043509190e+03 7.284646849379163043e-16
4.248565752626680478e+03 1.078650211590560962e-15
4.250419324209852675e+03 1.405067787070673473e-15
4.252272895793024873e+03 1.175622972580474874e-15
4.254126467376197070e+03 1.118982800195372428e-15
4.255980038959369267e+03 8.998426454651859129e-16
4.257833610542541464e+03 1.262378114182447788e-15
4.259687182125713662e+03 1.199677702690743826e-15
4.261540753708885859e+03 1.071373511925728639e-15
4.263394325292058056e+03 1.149125677986835832e-15
4.265247896875229344e+03 1.458064564372393148e-15
4.267101468458401541e+03 1.315484361407506762e-15
4.268955040041573739e+03 1.410092157306212975e-15
4.270808611624745936e+03 1.393629325027106494e-15
4.272662183207918133e+03 1.589390823471295271e-15
4.274515754791090330e+03 1.448703108724299390e-15
4.276369326374262528e+03 1.257482380642513046e-15
4.278222897957434725e+03 1.373458938117855219e-15
4.280076469540606922e+03 1.104741029010465988e-15
4.281930041123779120e+03 1.201945067766518469e-15
4.283783612706950407e+03 1.142918195597668998e-15
4.285637184290122605e+03 7.880497532678287901e-16
4.287490755873294802e+03 1.134226699307214953e-15
4.289344327456466999e+03 1.058928519637708433e-15
4.291197899039639196e+03 1.495069966607439445e-15
4.293051470622811394e+03 1.453681080999624807e-15
4.294905042205983591e+03 1.063598901415521918e-15
4.296758613789155788e+03 9.268090475753426660e-16
4.298612185372327986e+03 1.254140326105384484e-15
4.300465756955500183e+03 1.342773065087026115e-15
4.302319328538671471e+03 1.167350799893906275e-15
4.304172900121843668e+03 1.166135059349340578e-15
4.306026471705015865e+03 1.317842587140388152e-15
4.307880043288188062e+03 1.141865735426275913e-15
4.309733614871360260e+03 1.050281423285129514e-15
4.311587186454532457e+03 1.024446422883977222e-15
4.313440758037704654e+03 1.142269909244814914e-15
4.315294329620876852e+03 1.222648527679203685e-15
4.317147901204049049e+03 1.351708121559985626e-15
4.319001472787220337e+03 1.265569588494064185e-15
4.320855044370392534e+03 1.072079585233832113e-15
4.322708615953564731e+03 1.039705950901077579e-15
4.324562187536736928e+03 1.099905137135993789e-15
4.326415759119909126e+03 1.166514064859324559e-15
4.328269330703081323e+03 1.121700442785931296e-15
4.330122902286253520e+03 1.344433407841558642e-15
4.331976473869425718e+03 1.135791668649507954e-15
4.333830045452597915e+03 1.336915894719081098e-15
4.335683617035769203e+03 1.069697770155060486e-15
4.337537188618941400e+03 1.169848804585712623e-15
4.339390760202113597e+03 1.283920100648788936e-15
4.341244331785285794e+03 1.383889139270184000e-15
4.343097903368457992e+03 1.266764488933177525e-15
4.344951474951630189e+03 1.191292914905757297e-15
4.346805046534802386e+03 1.181779861007719587e-15
4.348658618117974584e+03 1.331642981303325750e-15
4.350512189701146781e+03 1.221515165250323177e-15
4.352365761284318069e+03 1.143969069200932713e-15
4.354219332867490266e+03 1.119513844535265692e-15
4.356072904450662463e+03 1.072719793222649880e-15
4.357926476033834660e+03 1.476435349539044547e-15
4.359780047617006858e+03 1.211634109811811884e-15
4.361633619200179055e+03 9.965715084381994385e-16
4.363487190783351252e+03 9.020310825498686199e-16
4.365340762366523450e+03 1.116129381601623081e-15
4.367194333949695647e+03 1.174336229317232560e-15
4.369047905532866935e+03 1.378609609466366761e-15
4.370901477116039132e+03 1.483379532517053538e-15
4.372755048699211329e+03 1.477859581870195732e-15
4.374608620282383527e+03 1.101811216541487485e-15
4.376462191865555724e+03 1.148707463798177655e-15
4.378315763448727921e+03 1.161635732551597871e-15
4.380169335031900118e+03 1.177605298514697660e-15
4.382022906615072316e+03 9.810354433083543430e-16
4.383876478198244513e+03 1.290038609938029462e-15
4.385730049781416710e+03 1.316086661611455932e-15
4.387583621364588907e+03 1.090360417285039501e-15
4.389437192947760195e+03 1.236421088673180216e-15
4.391290764530932393e+03 1.214342656127620499e-15
4.393144336114104590e+03 1.230006182523379806e-15
4.394997907697276787e+03 1.238735975135873031e-15
4.396851479280448984e+03 1.247075608602180822e-15
4.398705050863621182e+03 1.346532848809677023e-15
4.400558622446793379e+03 1.184693010287516705e-15
4.402412194029965576e+03 1.440523322044277993e-15
4.404265765613137773e+03 1.339054244494532998e-15
4.406119337196309061e+03 1.147715042303052736e-15
4.407972908779481259e+03 1.319004585630297002e-15
4.409826480362653456e+03 1.267678842001878843e-15
4.411680051945825653e+03 1.011169323694332989e-15
4.413533623528997850e+03 9.862205869696637746e-16
4.415387195112170048e+03 1.056741731144717809e-15
4.417240766695342245e+03 1.024648581718136147e-15
4.419094338278514442e+03 8.726671412288239761e-16
4.420947909861686639e+03 1.159733489088236711e-15
4.422801481444857927e+03 1.189843084788499153e-15
4.424655053028030125e+03 1.207948724969908377e-15
4.426508624611202322e+03 1.121746273692056604e-15
4.428362196194374519e+03 1.132363488461588594e-15
4.430215767777546716e+03 1.120042730728653122e-15
4.432069339360718914e+03 9.766314086820526477e-16
4.433922910943891111e+03 8.338475249569702830e-16
4.435776482527063308e+03 9.037441223215537624e-16
4.437630054110235506e+03 8.959383693578982033e-16
4.439483625693406793e+03 8.424948915706425888e-16
4.441337197276578991e+03 8.037082137112451613e-16
4.443190768859751188e+03 8.621166027792295596e-16
4.445044340442923385e+03 8.537909856411440734e-16
4.446897912026095582e+03 8.321169954090247235e-16
4.448751483609267780e+03 9.243865090902318196e-16
4.450605055192439977e+03 8.448784212175600900e-16
4.452458626775612174e+03 7.735361859450257226e-16
4.454312198358784372e+03 8.363056335110472995e-16
4.456165769941955659e+03 7.895983477089568819e-16
4.458019341525127857e+03 7.588067520871591029e-16
4.459872913108300054e+03 8.503453078409023546e-16
4.461726484691472251e+03 8.939991860627726211e-16
4.463580056274644448e+03 7.582444329770318429e-16
4.465433627857816646e+03 8.892186718877505795e-16
4.467287199440988843e+03 8.213431844509645139e-16
4.469140771024161040e+03 6.236306073423545571e-16
4.470994342607333238e+03 7.402679813173680955e-16
4.472847914190504525e+03 8.204797009908483725e-16
4.474701485773676723e+03 8.195320490909469186e-16
4.476555057356848920e+03 6.664173242058533108e-16
4.478408628940021117e+03 7.445324907709161304e-16
4.480262200523193314e+03 6.421192959833982427e-16
4.482115772106365512e+03 6.157145765620460249e-16
4.483969343689537709e+03 6.957473784520644862e-16
4.485822915272709906e+03 7.600508879062597499e-16
4.487676486855882104e+03 7.617209147022535362e-16
4.489530058439054301e+03 9.778128351201319684e-16
4.491383630022226498e+03 8.423135040942846697e-16
4.493237201605397786e+03 7.834757016223131078e-16
4.495090773188569983e+03 7.699578912824381350e-16
4.496944344771742180e+03 8.198255542627245468e-16
4.498797916354914378e+03 6.996525117290306382e-16
4.500651487938086575e+03 9.876616594005882383e-16
4.502505059521258772e+03 8.168417760680484949e-16
4.504358631104430970e+03 8.743706004996537856e-16
4.506212202687603167e+03 8.279501414007801596e-16
4.508065774270775364e+03 7.742560575333299676e-16
4.509919345853946652e+03 7.606042326655500547e-16
4.511772917437118849e+03 9.076373025414877583e-16
4.513626489020291046e+03 9.476501907167021135e-16
4.515480060603463244e+03 7.846101165424685262e-16
4.517333632186635441e+03 9.702208412956476951e-16
4.519187203769807638e+03 9.318728682780635397e-16
4.521040775352979836e+03 1.222346344089720879e-15
4.522894346936152033e+03 1.187982395641998859e-15
4.524747918519324230e+03 9.410131121521071268e-16
4.526601490102495518e+03 8.956026835626225677e-16
4.528455061685667715e+03 1.089298106492347651e-15
4.530308633268839912e+03 1.133727127854797794e-15
4.532162204852012110e+03 1.164284310511429836e-15
4.534015776435184307e+03 1.184011418038023279e-15
4.535869348018356504e+03 1.084408967964888740e-15
4.537722919601528702e+03 1.169817871989510096e-15
4.539576491184700899e+03 1.205146034073737860e-15
4.541430062767873096e+03 1.168589189307517062e-15
4.543283634351044384e+03 1.240659303268204243e-15
4.545137205934216581e+03 1.270509626377305464e-15
4.546990777517388779e+03 1.204374629459010866e-15
4.548844349100560976e+03 1.368227872862925850e-15
4.550697920683733173e+03 1.346225833905047995e-15
4.552551492266905370e+03 1.438109072399096586e-15
4.554405063850077568e+03 1.372133618480056938e-15
4.556258635433249765e+03 1.564589644336645399e-15
4.558112207016421962e+03 1.273580353382348628e-15
4.559965778599593250e+03 1.395568401647357528e-15
4.561819350182765447e+03 1.433437919653897984e-15
4.563672921765937645e+03 1.478046756194667737e-15
4.565526493349109842e+03 1.472914685833771792e-15
4.567380064932282039e+03 1.550965120400119251e-15
4.569233636515454236e+03 1.612881021374645253e-15
4.571087208098626434e+03 1.546697359960984271e-15
4.572940779681798631e+03 1.588379247245144407e-15
4.574794351264970828e+03 1.607034008890636813e-15
4.576647922848142116e+03 1.700453175472634052e-15
4.578501494431315223e+03 1.602200616229171281e-15
4.580355066014486511e+03 1.631330021831179487e-15
4.582208637597658708e+03 1.718051527352172498e-15
4.584062209180830905e+03 1.710491997240718527e-15
4.585915780764003102e+03 1.721842871478519461e-15
4.587769352347175300e+03 1.723421341205896821e-15
4.589622923930347497e+03 1.641700275213357276e-15
4.591476495513519694e+03 1.740647569581688398e-15
4.593330067096691891e+03 1.653465704549496535e-15
4.595183638679864089e+03 1.693011878116504392e-15
4.597037210263035377e+03 1.872568698200923635e-15
4.598890781846207574e+03 1.659921537790742063e-15
4.600744353429379771e+03 1.855986289174735814e-15
4.602597925012551968e+03 1.815962626232214884e-15
4.604451496595724166e+03 1.889007787071132127e-15
4.606305068178896363e+03 1.933999739569380866e-15
4.608158639762068560e+03 1.961803164132894220e-15
4.610012211345240758e+03 1.937181065593848435e-15
4.611865782928412955e+03 1.960032777902768233e-15
4.613719354511584243e+03 2.074600341762024335e-15
4.615572926094756440e+03 2.068019334454182947e-15
4.617426497677928637e+03 2.075651893122116387e-15
4.619280069261100834e+03 2.328985206483640366e-15
4.621133640844273032e+03 2.251690703853032514e-15
4.622987212427445229e+03 2.142281473626362723e-15
4.624840784010617426e+03 2.187675463167588244e-15
4.626694355593789624e+03 2.121801706411825519e-15
4.628547927176961821e+03 2.159346090791809852e-15
4.630401498760133109e+03 2.144166893072377415e-15
4.632255070343305306e+03 2.193123277371353184e-15
4.634108641926477503e+03 2.207000078425309934e-15
4.635962213509649700e+03 2.257281705137485004e-15
4.637815785092821898e+03 2.262685702731557179e-15
4.639669356675994095e+03 2.276526422404053402e-15
4.641522928259166292e+03 2.101581050849246957e-15
4.643376499842338490e+03 2.201623701523431409e-15
4.645230071425510687e+03 2.318415065382320662e-15
4.647083643008681975e+03 2.322381946193199576e-15
4.648937214591854172e+03 2.223711381447767376e-15
4.650790786175026369e+03 2.280040805792644007e-15
4.652644357758198566e+03 2.375593015266250281e-15
4.654497929341370764e+03 2.462950854088428784e-15
4.656351500924542961e+03 2.449347957683357134e-15
4.658205072507715158e+03 2.464095542643483503e-15
4.660058644090887356e+03 2.545945571567414843e-15
4.661912215674059553e+03 2.542980321490424588e-15
4.663765787257230841e+03 2.519527887927209326e-15
4.665619358840403038e+03 2.442389099153457978e-15
4.667472930423575235e+03 2.356277470148907123e-15
4.669326502006747432e+03 2.365349003884578142e-15
4.671180073589919630e+03 2.444231513388739771e-15
4.673033645173091827e+03 2.510638490549791070e-15
4.674887216756264024e+03 2.448069898438372508e-15
4.676740788339436222e+03 2.434538846884657457e-15
4.678594359922608419e+03 2.414377488629253653e-15
4.680447931505780616e+03 2.411637877837799178e-15
4.682301503088952813e+03 2.380490043264219007e-15
4.684155074672124101e+03 2.379028998846073307e-15
4.686008646255296298e+03 2.410489866586402310e-15
4.687862217838468496e+03 2.362640457505675051e-15
4.689715789421640693e+03 2.317121611678691448e-15
4.691569361004812890e+03 2.272565036987218987e-15
4.693422932587985088e+03 2.315525258827318471e-15
4.695276504171157285e+03 2.404250791501288510e-15
4.697130075754329482e+03 2.353349941671427719e-15
4.698983647337501679e+03 2.230313326817019946e-15
4.700837218920672967e+03 2.188844509837644401e-15
4.702690790503845164e+03 2.268289725167242925e-15
4.704544362087017362e+03 2.226686294545820607e-15
4.706397933670189559e+03 2.183509715353847807e-15
4.708251505253361756e+03 2.234585678333001103e-15
4.710105076836533954e+03 2.192033098335111503e-15
4.711958648419706151e+03 2.222143887066772524e-15
4.713812220002878348e+03 2.230396989229118284e-15
4.715665791586050545e+03 2.245686970631942829e-15
4.717519363169221833e+03 2.253630354572416716e-15
4.719372934752394031e+03 2.162166330081184100e-15
4.721226506335566228e+03 2.170083097851231825e-15
4.723080077918738425e+03 2.219758774058173667e-15
4.724933649501910622e+03 2.221315204453852710e-15
4.726787221085082820e+03 2.168337963115531223e-15
4.728640792668255017e+03 2.192195339598246212e-15
4.730494364251427214e+03 2.123029416194902023e-15
4.732347935834599411e+03 2.132240209592473346e-15
4.734201507417770699e+03 2.015444078971753655e-15
4.736055079000942897e+03 1.997072832141662113e-15
4.737908650584115094e+03 2.014177012127667581e-15
4.739762222167287291e+03 1.902412023592789009e-15
4.741615793750459488e+03 1.964965253032533299e-15
4.743469365333631686e+03 1.936025874180653150e-15
4.745322936916803883e+03 1.903153420563333409e-15
4.747176508499976080e+03 1.931825293235227175e-15
4.749030080083148277e+03 1.887334233812541356e-15
4.750883651666319565e+03 1.858366900968107880e-15
4.752737223249491763e+03 1.796743233068643968e-15
4.754590794832663960e+03 1.803955966353220051e-15
4.756444366415836157e+03 1.830449574100474207e-15
4.758297937999008354e+03 1.704759036948077503e-15
4.760151509582180552e+03 1.751824323951109188e-15
4.762005081165352749e+03 1.739230074515404174e-15
4.763858652748524946e+03 1.690705109681074095e-15
4.765712224331697143e+03 1.691889637025092948e-15
4.767565795914868431e+03 1.646227937888367570e-15
4.769419367498040629e+03 1.702223635240536524e-15
4.771272939081212826e+03 1.604216203651390569e-15
4.773126510664385023e+03 1.654956699864151623e-15
4.774980082247557220e+03 1.546981708619005734e-15
4.776833653830729418e+03 1.594500390472985719e-15
4.778687225413901615e+03 1.533146286246528176e-15
4.780540796997073812e+03 1.535260052927248855e-15
4.782394368580246010e+03 1.530161434257949250e-15
4.784247940163418207e+03 1.447772888879207062e-15
4.786101511746590404e+03 1.461989761491618394e-15
4.787955083329761692e+03 1.474534781225113063e-15
4.789808654912933889e+03 1.406286546521687493e-15
4.791662226496106086e+03 1.374706482152633038e-15
4.793515798079278284e+03 1.389733409958774110e-15
4.795369369662450481e+03 1.400216834555385451e-15
4.797222941245622678e+03 1.333914259200743720e-15
4.799076512828794876e+03 1.349041696272463028e-15
4.800930084411967073e+03 1.270592233322236620e-15
4.802783655995139270e+03 1.233449510713069561e-15
4.804637227578310558e+03 1.205265302974598656e-15
4.806490799161482755e+03 1.178537670139278365e-15
4.808344370744654952e+03 1.185525208236114740e-15
4.810197942327827150e+03 1.264047643607971244e-15
4.812051513910999347e+03 1.137251116940896299e-15
4.813905085494171544e+03 1.161820603191782404e-15
4.815758657077343742e+03 1.124662146658201228e-15
4.817612228660515939e+03 1.069858562686804290e-15
4.819465800243688136e+03 1.002435412247069315e-15
4.821319371826859424e+03 9.630563963930015219e-16
4.823172943410031621e+03 9.979740178534950697e-16
4.825026514993203818e+03 9.800243466223278559e-16
4.826880086576376016e+03 9.109363273480883038e-16
4.828733658159548213e+03 8.736653228366303272e-16
4.830587229742720410e+03 9.006018045847546155e-16
4.832440801325892608e+03 9.007951996730625542e-16
4.834294372909064805e+03 8.811075254918198530e-16
4.836147944492237002e+03 8.448512515798208548e-16
4.838001516075408290e+03 7.955445259373303251e-16
4.839855087658580487e+03 7.763108532981359679e-16
4.841708659241752684e+03 8.210100303346789700e-16
4.843562230824924882e+03 7.870417110465924651e-16
4.845415802408097079e+03 7.263861146830808164e-16
4.847269373991269276e+03 7.073707409303178251e-16
4.849122945574441474e+03 7.328397412344765383e-16
4.850976517157613671e+03 7.612653544737009857e-16
4.852830088740785868e+03 8.118427603581131604e-16
4.854683660323957156e+03 8.207015658474170823e-16
4.856537231907130263e+03 8.182639712408852870e-16
4.858390803490301550e+03 8.163604893229043430e-16
4.860244375073473748e+03 8.438301590030638354e-16
4.862097946656645945e+03 7.752716380352101502e-16
4.863951518239818142e+03 7.388222917500400193e-16
4.865805089822990340e+03 8.446752385651186343e-16
4.867658661406162537e+03 8.439505557067455494e-16
4.869512232989334734e+03 9.102843639135337012e-16
4.871365804572506022e+03 8.607766055412058895e-16
4.873219376155679129e+03 7.662618305505470285e-16
4.875072947738850416e+03 8.135618719513476433e-16
4.876926519322022614e+03 8.928432098534049355e-16
4.878780090905194811e+03 9.526555918929048623e-16
4.880633662488367008e+03 8.721902235170569061e-16
4.882487234071539206e+03 8.438347926281627527e-16
4.884340805654711403e+03 8.542584446176912680e-16
4.886194377237883600e+03 8.550605331651229813e-16
4.888047948821054888e+03 8.940423192945039481e-16
4.889901520404227995e+03 8.960514740590478625e-16
4.891755091987399283e+03 9.515327404652750941e-16
4.893608663570571480e+03 9.849811103265705477e-16
4.895462235153743677e+03 9.688046491511963508e-16
4.897315806736915874e+03 9.913971289256856555e-16
4.899169378320088072e+03 1.035271967671977987e-15
4.901022949903260269e+03 1.007220675531123583e-15
4.902876521486432466e+03 9.799213857300119833e-16
4.904730093069604663e+03 9.773410775926176194e-16
4.906583664652776861e+03 9.599473253203294318e-16
4.908437236235948149e+03 9.721440601237773192e-16
4.910290807819120346e+03 9.350519199706998600e-16
4.912144379402292543e+03 9.170122063347535220e-16
4.913997950985464740e+03 9.546845732181199309e-16
4.915851522568636938e+03 9.150214819717741583e-16
4.917705094151809135e+03 9.225496199349831116e-16
4.919558665734981332e+03 9.490819353622388913e-16
4.921412237318153529e+03 9.481032535327587207e-16
4.923265808901325727e+03 9.334657143349604210e-16
4.925119380484497015e+03 8.545146223917017348e-16
4.926972952067669212e+03 9.505469533045505502e-16
4.928826523650841409e+03 9.683598050885601452e-16
4.930680095234013606e+03 8.896555646124089264e-16
4.932533666817185804e+03 9.250784112714480693e-16
4.934387238400358001e+03 9.730418366206453056e-16
4.936240809983530198e+03 9.839410634792656746e-16
4.938094381566702396e+03 9.857562730394504493e-16
4.939947953149874593e+03 9.559161428993608971e-16
4.941801524733045881e+03 9.585172863438388886e-16
4.943655096316218987e+03 1.031925296260331756e-15
4.945508667899390275e+03 1.047286365874371621e-15
4.947362239482562472e+03 1.048080382572701217e-15
4.949215811065734670e+03 1.083565434346182031e-15
4.951069382648906867e+03 1.079254699034003412e-15
4.952922954232079064e+03 1.112524680539134291e-15
4.954776525815251262e+03 1.126808060294321259e-15
4.956630097398423459e+03 1.229066358082956116e-15
4.958483668981594747e+03 1.199718324633989843e-15
4.960337240564767853e+03 1.231181031509661684e-15
4.962190812147939141e+03 1.280950446374479250e-15
4.964044383731111338e+03 1.287533836042670333e-15
4.965897955314283536e+03 1.331271313500299684e-15
4.967751526897455733e+03 1.376253641828851503e-15
4.969605098480627930e+03 1.407789588344467139e-15
4.971458670063800128e+03 1.403808967615057153e-15
4.973312241646972325e+03 1.436941584860345731e-15
4.975165813230143613e+03 1.505157340703710542e-15
4.977019384813316719e+03 1.578794094579690191e-15
4.978872956396488007e+03 1.619440671319449756e-15
4.980726527979660204e+03 1.660265097584093117e-15
4.982580099562832402e+03 1.621343049237817263e-15
4.984433671146004599e+03 1.670332152558706313e-15
4.986287242729176796e+03 1.684347243584730829e-15
4.988140814312348994e+03 1.737590700529328598e-15
4.989994385895521191e+03 1.786551096805960185e-15
4.991847957478692479e+03 1.891425450157181799e-15
4.993701529061865585e+03 1.897634654321043574e-15
4.995555100645036873e+03 1.936194041503499933e-15
4.997408672228209070e+03 1.991081089016355733e-15
4.999262243811381268e+03 2.002473190582644178e-15
5.001115815394553465e+03 2.090705102617279261e-15
5.002969386977725662e+03 2.073818944238694040e-15
5.004822958560897860e+03 2.109260497950196402e-15
5.006676530144070057e+03 2.196255875813724488e-15
5.008530101727242254e+03 2.070533303693853751e-15
5.010383673310414451e+03 2.172392391861615641e-15
5.012237244893585739e+03 2.215881091175725618e-15
5.014090816476757936e+03 2.169408758106890919e-15
5.015944388059930134e+03 2.103733075088971882e-15
5.017797959643102331e+03 2.143859185940565406e-15
5.019651531226274528e+03 2.143987388644070804e-15
5.021505102809446726e+03 2.171409042941612313e-15
5.023358674392618923e+03 2.086654224898089154e-15
5.025212245975791120e+03 2.026961501682606619e-15
5.027065817558963317e+03 2.057983966416960282e-15
5.028919389142134605e+03 2.024664037266339904e-15
5.030772960725306802e+03 1.989263519455278590e-15
5.032626532308479000e+03 2.018206020222059255e-15
5.034480103891651197e+03 1.924739656519616147e-15
5.036333675474823394e+03 1.956884732797420179e-15
5.038187247057995592e+03 1.969188540054703779e-15
5.040040818641167789e+03 1.872954885675531670e-15
5.041894390224339986e+03 1.853350075601662652e-15
5.043747961807512183e+03 1.843026587726684029e-15
5.045601533390683471e+03 1.810333669944802716e-15
5.047455104973856578e+03 1.774676798912052601e-15
5.049308676557027866e+03 1.735693001711365360e-15
5.051162248140200063e+03 1.625856657391256083e-15
5.053015819723372260e+03 1.599656398002158976e-15
5.054869391306544458e+03 1.571469761270684838e-15
5.056722962889716655e+03 1.538938486026415315e-15
5.058576534472888852e+03 1.526323444101727727e-15
5.060430106056061049e+03 1.437654331999333856e-15
5.062283677639232337e+03 1.405508524402888210e-15
5.064137249222405444e+03 1.400876090916153582e-15
5.065990820805576732e+03 1.382777768977627556e-15
5.067844392388748929e+03 1.327408797212703985e-15
5.069697963971921126e+03 1.250985612609959166e-15
5.071551535555093324e+03 1.285284942650504356e-15
5.073405107138265521e+03 1.252153184154150661e-15
5.075258678721437718e+03 1.180934342585406469e-15
5.077112250304609915e+03 1.161970779887667473e-15
5.078965821887781203e+03 1.134326646453443526e-15
5.080819393470954310e+03 1.104491853305761647e-15
5.082672965054125598e+03 1.110679097523335393e-15
5.084526536637297795e+03 1.040871745891402343e-15
5.086380108220469992e+03 1.079861654109518286e-15
5.088233679803642190e+03 1.102024018886022669e-15
5.090087251386814387e+03 1.074931693601551550e-15
5.091940822969986584e+03 1.077247249073670028e-15
5.093794394553158781e+03 1.084186626698468399e-15
5.095647966136330069e+03 1.096462780526614712e-15
5.097501537719503176e+03 1.046735268272603457e-15
5.099355109302674464e+03 1.110046254253766225e-15
5.101208680885846661e+03 1.202732109964861706e-15
5.103062252469018858e+03 1.168662944852693838e-15
5.104915824052191056e+03 1.161839801058603015e-15
5.106769395635363253e+03 1.187949682314826503e-15
5.108622967218535450e+03 1.120041690634598607e-15
5.110476538801707648e+03 1.129363485667625841e-15
5.112330110384879845e+03 1.150239711700892367e-15
5.114183681968052042e+03 1.137786324291279441e-15
5.116037253551223330e+03 1.183778531992051622e-15
5.117890825134395527e+03 1.211494975433214189e-15
5.119744396717567724e+03 1.202364113644122369e-15
5.121597968300739922e+03 1.207093334084207084e-15
5.123451539883912119e+03 1.250000481379683714e-15
5.125305111467084316e+03 1.272782275586768675e-15
5.127158683050256514e+03 1.269582754401558393e-15
5.129012254633428711e+03 1.318758880844074818e-15
5.130865826216600908e+03 1.330193315567670441e-15
5.132719397799772196e+03 1.284241083388318261e-15
5.134572969382944393e+03 1.312690916009802573e-15
5.136426540966116590e+03 1.367878634133320237e-15
5.138280112549288788e+03 1.363169305714478371e-15
5.140133684132460985e+03 1.338789049974054543e-15
5.141987255715633182e+03 1.337759999320668555e-15
5.143840827298805380e+03 1.405476460401599580e-15
5.145694398881977577e+03 1.415140628286690001e-15
5.147547970465149774e+03 1.463025140936105460e-15
5.149401542048321062e+03 1.489760348009861027e-15
5.151255113631494169e+03 1.453528863272729865e-15
5.153108685214665456e+03 1.453754990193047965e-15
5.154962256797837654e+03 1.457147565159954828e-15
5.156815828381009851e+03 1.473600201925132294e-15
5.158669399964182048e+03 1.478845161213980259e-15
5.160522971547354246e+03 1.474377153674485923e-15
5.162376543130526443e+03 1.472981268238523980e-15
5.164230114713698640e+03 1.520679502902891362e-15
5.166083686296869928e+03 1.505161520059258748e-15
5.167937257880043035e+03 1.472854895388433302e-15
5.169790829463214322e+03 1.493257271178944763e-15
5.171644401046386520e+03 1.493725348914146538e-15
5.173497972629558717e+03 1.488009300227230025e-15
5.175351544212730914e+03 1.456413292143320814e-15
5.177205115795903112e+03 1.508330790940698538e-15
5.179058687379075309e+03 1.484887578600363339e-15
5.180912258962247506e+03 1.457646992530699587e-15
5.182765830545418794e+03 1.444389539124470173e-15
5.184619402128591901e+03 1.437736294355220047e-15
5.186472973711763188e+03 1.432640638431736264e-15
5.188326545294935386e+03 1.484327931586874352e-15
5.190180116878107583e+03 1.518654239967284520e-15
5.192033688461279780e+03 1.466904046134227063e-15
5.193887260044451978e+03 1.433102954080225869e-15
5.195740831627624175e+03 1.447213262281847919e-15
5.197594403210796372e+03 1.459593880879677343e-15
5.199447974793967660e+03 1.426268154032542503e-15
5.201301546377140767e+03 1.399343612870128721e-15
5.203155117960312054e+03 1.441431969907438291e-15
5.205008689543484252e+03 1.434428368753104382e-15
5.206862261126656449e+03 1.387488098864468191e-15
5.208715832709828646e+03 1.402952966151842735e-15
5.210569404293000844e+03 1.441909095672276691e-15
5.212422975876173041e+03 1.417606972224608192e-15
5.214276547459345238e+03 1.404558401451395776e-15
5.216130119042517435e+03 1.428272530563630637e-15
5.217983690625689633e+03 1.415784094413824041e-15
5.219837262208860921e+03 1.376714775579224639e-15
5.221690833792033118e+03 1.382429040755188809e-15
5.223544405375205315e+03 1.442810573097479863e-15
5.225397976958377512e+03 1.410898335020141013e-15
5.227251548541549710e+03 1.365304842362219166e-15
5.229105120124721907e+03 1.366898734175339616e-15
5.230958691707894104e+03 1.380987382877477892e-15
5.232812263291066301e+03 1.362624765460700461e-15
5.234665834874238499e+03 1.372431588729577188e-15
5.236519406457409787e+03 1.372433570087427922e-15
5.238372978040582893e+03 1.338602068640684705e-15
5.240226549623754181e+03 1.361127139050605717e-15
5.242080121206926378e+03 1.327066422341530604e-15
5.243933692790098576e+03 1.327329440861777998e-15
5.245787264373270773e+03 1.375726420413407513e-15
5.247640835956442970e+03 1.326262132665575583e-15
5.249494407539615167e+03 1.357973031223324572e-15
5.251347979122787365e+03 1.357548383187911397e-15
5.253201550705958653e+03 1.380946190473706617e-15
5.255055122289131759e+03 1.405914889066423852e-15
5.256908693872303047e+03 1.409469489367871851e-15
5.258762265455475244e+03 1.414932431196750168e-15
5.260615837038647442e+03 1.404142869524829881e-15
5.262469408621819639e+03 1.456829530185266286e-15
5.264322980204991836e+03 1.435384432036527905e-15
5.266176551788164033e+03 1.486728075871692043e-15
5.268030123371336231e+03 1.491065164945834120e-15
5.269883694954507519e+03 1.553198386350240131e-15
5.271737266537680625e+03 1.555646672966218326e-15
5.273590838120851913e+03 1.540810644363889946e-15
5.275444409704024110e+03 1.526043155228867942e-15
5.277297981287196308e+03 1.622088050777026663e-15
5.279151552870368505e+03 1.579623351399981200e-15
5.281005124453540702e+03 1.565770978872374041e-15
5.282858696036712900e+03 1.631354546234087436e-15
5.284712267619885097e+03 1.610776400227011857e-15
5.286565839203056385e+03 1.654725015756270182e-15
5.288419410786229491e+03 1.705383286864426714e-15
5.290272982369400779e+03 1.728304522054346121e-15
5.292126553952572976e+03 1.747524276147636683e-15
5.293980125535745174e+03 1.784443137735075904e-15
5.295833697118917371e+03 1.766610142045408549e-15
5.297687268702089568e+03 1.820127345994958646e-15
5.299540840285261766e+03 1.798426554849898453e-15
5.301394411868433963e+03 1.810859059033037748e-15
5.303247983451606160e+03 1.853213133709004102e-15
5.305101555034778357e+03 1.864108871065407572e-15
5.306955126617949645e+03 1.870870968459238877e-15
5.308808698201121842e+03 1.880545387846015891e-15
5.310662269784294040e+03 1.933303245505016412e-15
5.312515841367466237e+03 1.934348280842117970e-15
5.314369412950638434e+03 1.974561102389748485e-15
5.316222984533810632e+03 1.976838211673111974e-15
5.318076556116982829e+03 1.996595204515209689e-15
5.319930127700155026e+03 2.036186845840214011e-15
5.321783699283327223e+03 2.048459724040663700e-15
5.323637270866498511e+03 2.053590673996466952e-15
5.325490842449670708e+03 2.060107732542851197e-15
5.327344414032842906e+03 2.068269627604798247e-15
5.329197985616015103e+03 2.038381674667346720e-15
5.331051557199187300e+03 2.072114030716047983e-15
5.332905128782359498e+03 2.078127432462573457e-15
5.334758700365531695e+03 2.084381272770263280e-15
5.336612271948703892e+03 2.104277328805648058e-15
5.338465843531876089e+03 2.090121794775069924e-15
5.340319415115047377e+03 2.138234178940141781e-15
5.342172986698220484e+03 2.091736564684685761e-15
5.344026558281391772e+03 2.117878477215735837e-15
5.345880129864563969e+03 2.188069484029113552e-15
5.347733701447736166e+03 2.198306945255386399e-15
5.349587273030908364e+03 2.171116705001438751e-15
5.351440844614080561e+03 2.181646010984923793e-15
5.353294416197252758e+03 2.186258807081321510e-15
5.355147987780424955e+03 2.203430603898159991e-15
5.357001559363596243e+03 2.167589379157387196e-15
5.358855130946769350e+03 2.185173312190091420e-15
5.360708702529940638e+03 2.182397190332301973e-15
5.362562274113112835e+03 2.184861121862550259e-15
5.364415845696285032e+03 2.187783853105347720e-15
5.366269417279457230e+03 2.188094525899439874e-15
5.368122988862629427e+03 2.218647987603685351e-15
5.369976560445801624e+03 2.213112167052467561e-15
5.371830132028973821e+03 2.203453785178451429e-15
5.373683703612145109e+03 2.199622234741693440e-15
5.375537275195318216e+03 2.191150037386415972e-15
5.377390846778489504e+03 2.169941365091005030e-15
5.379244418361661701e+03 2.210586496053315217e-15
5.381097989944833898e+03 2.227932343444124378e-15
5.382951561528006096e+03 2.219473050089438284e-15
5.384805133111178293e+03 2.163745624155653483e-15
5.386658704694350490e+03 2.176229128935614852e-15
5.388512276277522687e+03 2.181373306854409627e-15
5.390365847860693975e+03 2.156077341021018930e-15
5.392219419443867082e+03 2.154763640284587554e-15
5.394072991027038370e+03 2.171262523507893700e-15
5.395926562610210567e+03 2.125021394142426658e-15
5.397780134193382764e+03 2.121245157277134557e-15
5.399633705776554962e+03 2.141790067341885086e-15
5.401487277359727159e+03 2.150243502907298519e-15
5.403340848942899356e+03 2.162953831391612438e-15
5.405194420526071553e+03 2.081628219164557834e-15
5.407047992109243751e+03 2.123268853900414373e-15
5.408901563692415948e+03 2.156987602195958816e-15
5.410755135275587236e+03 2.091195491168952789e-15
5.412608706858759433e+03 2.114439641426545853e-15
5.414462278441931630e+03 2.131944808802973400e-15
5.416315850025103828e+03 2.084614937091376425e-15
5.418169421608276025e+03 2.064140749891999729e-15
5.420022993191448222e+03 2.079866026369986668e-15
5.421876564774620419e+03 2.062429178839620336e-15
5.423730136357792617e+03 2.030282465844948401e-15
5.425583707940964814e+03 2.039518410717455136e-15
5.427437279524136102e+03 2.069654137309937829e-15
5.429290851107308299e+03 2.054407160306801325e-15
5.431144422690480496e+03 2.041070888912748602e-15
5.432997994273652694e+03 2.033809849875938445e-15
5.434851565856824891e+03 1.995949485317102476e-15
5.436705137439997088e+03 1.974981513160289713e-15
5.438558709023169286e+03 1.934544188767694850e-15
5.440412280606341483e+03 1.977666453997070540e-15
5.442265852189513680e+03 1.948928553864465258e-15
5.444119423772684968e+03 1.881658317800399218e-15
5.445972995355858075e+03 1.856089783144823376e-15
5.447826566939029362e+03 1.794114678305066696e-15
5.449680138522201560e+03 1.823572238772598853e-15
5.451533710105373757e+03 1.833061083932556073e-15
5.453387281688545954e+03 1.884721321734934832e-15
5.455240853271718152e+03 1.829461516961394246e-15
5.457094424854890349e+03 1.783171714301521481e-15
5.458947996438062546e+03 1.804847995039542538e-15
5.460801568021233834e+03 1.800312173739617470e-15
5.462655139604406941e+03 1.825571310451053668e-15
5.464508711187578228e+03 1.763099103648258003e-15
5.466362282770750426e+03 1.814627446607022995e-15
5.468215854353922623e+03 1.808615931339112425e-15
5.470069425937094820e+03 1.752048431936486903e-15
5.471922997520267018e+03 1.752341586216799312e-15
5.473776569103439215e+03 1.721287931709290979e-15
5.475630140686611412e+03 1.781084125467555678e-15
5.477483712269782700e+03 1.765924535930062945e-15
5.479337283852955807e+03 1.763706020086962985e-15
5.481190855436127094e+03 1.755118285115256447e-15
5.483044427019299292e+03 1.740261947652884444e-15
5.484897998602471489e+03 1.785712684111221075e-15
5.486751570185643686e+03 1.738348391234804990e-15
5.488605141768815884e+03 1.766077619317090736e-15
5.490458713351988081e+03 1.775225168542837768e-15
5.492312284935160278e+03 1.739484846003187838e-15
5.494165856518331566e+03 1.760714746657898775e-15
5.496019428101504673e+03 1.758887891676451949e-15
5.497872999684675960e+03 1.750540684546012243e-15
5.499726571267848158e+03 1.773051400190732202e-15
5.501580142851020355e+03 1.795738999601970813e-15
5.503433714434192552e+03 1.771838811082928363e-15
5.505287286017364750e+03 1.809367508718671483e-15
5.507140857600536947e+03 1.816232843522407330e-15
5.508994429183709144e+03 1.775068249074199141e-15
5.510848000766881341e+03 1.828666631489298005e-15
5.512701572350053539e+03 1.830988136771905187e-15
5.514555143933224826e+03 1.858612758911483119e-15
5.516408715516397024e+03 1.868796956326840053e-15
5.518262287099569221e+03 1.856340561739677325e-15
5.520115858682741418e+03 1.858128576421535971e-15
5.521969430265913616e+03 1.897913619624829437e-15
5.523823001849085813e+03 1.884704345741122242e-15
5.525676573432258010e+03 1.900561884180863716e-15
5.527530145015430207e+03 1.944041491046224862e-15
5.529383716598602405e+03 1.954612662785691832e-15
5.531237288181773692e+03 1.952384142862349874e-15
5.533090859764946799e+03 1.950105854542474881e-15
5.534944431348118087e+03 1.952261541240240029e-15
5.536798002931290284e+03 1.977819566850955953e-15
5.538651574514462482e+03 1.959850765049739205e-15
5.540505146097634679e+03 1.953451461243900679e-15
5.542358717680806876e+03 1.983315247050727265e-15
5.544212289263979073e+03 1.968877579720446429e-15
5.546065860847151271e+03 1.962670322165231434e-15
5.547919432430322559e+03 1.910596835490720888e-15
5.549773004013495665e+03 1.921959217419362952e-15
5.551626575596666953e+03 1.916880992567309477e-15
5.553480147179839150e+03 1.904340482966714970e-15
5.555333718763011348e+03 1.917279277846054345e-15
5.557187290346183545e+03 1.937402094276898050e-15
5.559040861929355742e+03 1.933267572765109328e-15
5.560894433512527939e+03 1.900962016935758620e-15
5.562748005095700137e+03 1.849369152755150027e-15
5.564601576678871425e+03 1.888589348305559815e-15
5.566455148262044531e+03 1.905234014924643732e-15
5.568308719845215819e+03 1.875052629343404137e-15
5.570162291428388016e+03 1.841746291672841748e-15
5.572015863011560214e+03 1.906676777793071529e-15
5.573869434594732411e+03 1.954530895569548568e-15
5.575723006177904608e+03 1.928866189562448851e-15
5.577576577761076805e+03 1.838807692588996148e-15
5.579430149344249003e+03 1.866744523081279664e-15
5.581283720927420291e+03 1.814942844239102779e-15
5.583137292510593397e+03 1.801014236544687155e-15
5.584990864093764685e+03 1.796304672457422779e-15
5.586844435676936882e+03 1.780496009209174012e-15
5.588698007260109080e+03 1.749252126355051805e-15
5.590551578843281277e+03 1.776797509010103074e-15
5.592405150426453474e+03 1.802682832648637784e-15
5.594258722009625671e+03 1.742855614199312379e-15
5.596112293592797869e+03 1.771544409449991370e-15
5.597965865175970066e+03 1.754256895683935107e-15
5.599819436759142263e+03 1.753785364272316335e-15
5.601673008342313551e+03 1.751215223678017387e-15
5.603526579925485748e+03 1.726741762597157301e-15
5.605380151508657946e+03 1.753510166978742545e-15
5.607233723091830143e+03 1.763607860149816388e-15
5.609087294675002340e+03 1.746917034121519700e-15
5.610940866258174538e+03 1.713703892645547903e-15
5.612794437841346735e+03 1.759582492988556776e-15
5.614648009424518932e+03 1.757142382880160705e-15
5.616501581007691129e+03 1.743157295692486560e-15
5.618355152590862417e+03 1.729450752817847631e-15
5.620208724174034614e+03 1.702459208290009687e-15
5.622062295757206812e+03 1.715462282342665100e-15
5.623915867340379009e+03 1.723226915287025425e-15
5.625769438923551206e+03 1.728049315632154151e-15
5.627623010506723404e+03 1.709221877659648340e-15
5.629476582089895601e+03 1.686245853216376909e-15
5.631330153673067798e+03 1.706307484871901188e-15
5.633183725256239995e+03 1.710797512725070266e-15
5.635037296839411283e+03 1.704806581636965868e-15
5.636890868422584390e+03 1.685643980555036603e-15
5.638744440005755678e+03 1.681999084869920470e-15
5.640598011588927875e+03 1.669359748049405352e-15
5.642451583172100072e+03 1.635289129299521249e-15
5.644305154755272270e+03 1.651977040806765302e-15
5.646158726338444467e+03 1.632396983235536877e-15
5.648012297921616664e+03 1.638024131537236075e-15
5.649865869504788861e+03 1.646021234744660760e-15
5.651719441087960149e+03 1.633098419193579189e-15
5.653573012671133256e+03 1.623125590655546385e-15
5.655426584254304544e+03 1.583587191519656002e-15
5.657280155837476741e+03 1.602913324982662258e-15
5.659133727420648938e+03 1.593226012942255327e-15
5.660987299003821136e+03 1.556403599758418596e-15
5.662840870586993333e+03 1.538856277773806523e-15
5.664694442170165530e+03 1.544108057167866794e-15
5.666548013753337727e+03 1.559947110266632978e-15
5.668401585336509015e+03 1.539807820753220827e-15
5.670255156919682122e+03 1.483632967820051784e-15
5.672108728502853410e+03 1.470772943426606370e-15
5.673962300086025607e+03 1.458950024613225607e-15
5.675815871669197804e+03 1.431639411469403552e-15
5.677669443252370002e+03 1.466731195229662706e-15
5.679523014835542199e+03 1.425986742520448773e-15
5.681376586418714396e+03 1.426400243361050574e-15
5.683230158001886593e+03 1.400226833507285500e-15
5.685083729585057881e+03 1.393408183920674225e-15
5.686937301168230988e+03 1.361127447543451798e-15
5.688790872751402276e+03 1.349550199495081859e-15
5.690644444334574473e+03 1.338050123752711410e-15
5.692498015917746670e+03 1.320137851498257862e-15
5.694351587500918868e+03 1.289896933028880036e-15
5.696205159084091065e+03 1.233066895844917859e-15
5.698058730667263262e+03 1.221337836532140478e-15
5.699912302250435459e+03 1.240654083479358990e-15
5.701765873833607657e+03 1.212109205292257813e-15
5.703619445416779854e+03 1.168327598698775547e-15
5.705473016999951142e+03 1.181640078630244400e-15
5.707326588583123339e+03 1.177110362613219334e-15
5.709180160166295536e+03 1.200220333415906506e-15
5.711033731749467734e+03 1.136941078737758550e-15
5.712887303332639931e+03 1.128795015967745402e-15
5.714740874915812128e+03 1.141506109218221089e-15
5.716594446498984325e+03 1.147209110565410848e-15
5.718448018082156523e+03 1.160904093168906364e-15
5.720301589665328720e+03 1.152238163822725776e-15
5.722155161248500008e+03 1.167018866648320115e-15
5.724008732831672205e+03 1.119146598887772460e-15
5.725862304414844402e+03 1.089244583672978272e-15
5.727715875998016600e+03 1.085990841809565436e-15
5.729569447581188797e+03 1.119449886200920918e-15
5.731423019164360994e+03 1.122430906239354729e-15
5.733276590747533191e+03 1.091138639665999907e-15
5.735130162330705389e+03 1.085866067550179393e-15
5.736983733913877586e+03 1.096270871888046481e-15
5.738837305497048874e+03 1.087134086752629856e-15
5.740690877080221981e+03 1.111649422732316513e-15
5.742544448663393268e+03 1.138789500036876687e-15
5.744398020246565466e+03 1.127781687361273335e-15
5.746251591829737663e+03 1.088947066536456704e-15
5.748105163412909860e+03 1.103361563565302380e-15
5.749958734996082057e+03 1.121220291462864897e-15
5.751812306579254255e+03 1.103946445060303457e-15
5.753665878162426452e+03 1.094406538117539644e-15
5.755519449745597740e+03 1.092021245242193231e-15
5.757373021328770847e+03 1.092426222625356480e-15
5.759226592911942134e+03 1.120717880241640109e-15
5.761080164495114332e+03 1.101290202350304529e-15
5.762933736078286529e+03 1.111719897848134244e-15
5.764787307661458726e+03 1.096161482825959670e-15
5.766640879244630923e+03 1.116792697006647432e-15
5.768494450827803121e+03 1.100879495931484339e-15
5.770348022410975318e+03 1.105599230903203335e-15
5.772201593994146606e+03 1.131224934730311302e-15
5.774055165577319713e+03 1.149052534712904469e-15
5.775908737160491000e+03 1.135028368403024978e-15
5.777762308743663198e+03 1.113975358820267644e-15
5.779615880326835395e+03 1.148334512285233842e-15
5.781469451910007592e+03 1.138126102984003763e-15
5.783323023493179790e+03 1.138243669144273729e-15
5.785176595076351987e+03 1.166786333290358797e-15
5.787030166659524184e+03 1.185119705855944524e-15
5.788883738242695472e+03 1.176279856102430829e-15
5.790737309825868579e+03 1.172529398487905750e-15
5.792590881409039866e+03 1.186607403433504905e-15
5.794444452992212064e+03 1.176966163449977831e-15
5.796298024575384261e+03 1.196915814094705292e-15
5.798151596158556458e+03 1.229162984996445486e-15
5.800005167741728656e+03 1.235382307193412905e-15
5.801858739324900853e+03 1.234798361166530201e-15
5.803712310908073050e+03 1.204086087270002991e-15
5.805565882491245247e+03 1.238933558777861727e-15
5.807419454074417445e+03 1.251547609042768597e-15
5.809273025657588732e+03 1.254034278388582987e-15
5.811126597240760930e+03 1.251001310400167222e-15
5.812980168823933127e+03 1.256068151360335464e-15
5.814833740407105324e+03 1.267758444240279024e-15
5.816687311990277522e+03 1.276516624400855113e-15
5.818540883573449719e+03 1.280413629018035974e-15
5.820394455156621916e+03 1.301204351318689006e-15
5.822248026739794113e+03 1.290562713237890547e-15
5.824101598322966311e+03 1.313976824090458645e-15
5.825955169906137598e+03 1.337429950444199027e-15
5.827808741489309796e+03 1.319764820003364977e-15
5.829662313072481993e+03 1.336046544327200174e-15
5.831515884655654190e+03 1.345145094729122986e-15
5.833369456238826388e+03 1.373107348238041525e-15
5.835223027821998585e+03 1.379099976530478775e-15
5.837076599405170782e+03 1.432217091171527036e-15
5.838930170988342070e+03 1.456632122634072017e-15
5.840783742571515177e+03 1.446310748759224634e-15
5.842637314154686464e+03 1.468989976422483882e-15
5.844490885737859571e+03 1.483982966516781285e-15
5.846344457321030859e+03 1.515455923125927130e-15
5.848198028904203056e+03 1.530279825832520531e-15
5.850051600487375254e+03 1.517616077720105714e-15
5.851905172070547451e+03 1.554259617298120640e-15
5.853758743653719648e+03 1.591352830583686858e-15
5.855612315236891845e+03 1.612735997748104035e-15
5.857465886820064043e+03 1.670841337858864368e-15
5.859319458403235330e+03 1.695925989853377442e-15
5.861173029986408437e+03 1.737329386787794960e-15
5.863026601569579725e+03 1.729282281442278487e-15
5.864880173152751922e+03 1.768274206609363287e-15
5.866733744735924120e+03 1.785300373903591782e-15
5.868587316319096317e+03 1.785129886730730356e-15
5.870440887902268514e+03 1.817509005468849230e-15
5.872294459485440711e+03 1.837803730124547454e-15
5.874148031068612909e+03 1.887632105344307694e-15
5.876001602651784196e+03 1.874144594674670687e-15
5.877855174234957303e+03 1.898947722537839526e-15
5.879708745818128591e+03 1.873738750657106719e-15
5.881562317401301698e+03 1.889394796716933717e-15
5.883415888984472986e+03 1.917273421298403783e-15
5.885269460567645183e+03 1.947724070012285800e-15
5.887123032150817380e+03 1.905200635204365619e-15
5.888976603733989577e+03 1.941198578650124814e-15
5.890830175317161775e+03 1.991551916334495718e-15
5.892683746900333063e+03 1.961684547451092130e-15
5.894537318483506169e+03 1.974823953714440802e-15
5.896390890066677457e+03 2.009282520926820965e-15
5.898244461649850564e+03 2.004492900675634347e-15
5.900098033233021852e+03 2.018962658074630628e-15
5.901951604816194049e+03 2.020026560387589883e-15
5.903805176399366246e+03 2.018076881958434778e-15
5.905658747982538443e+03 2.031696080717181627e-15
5.907512319565710641e+03 2.046387866108598554e-15
5.909365891148881929e+03 2.035074404835210654e-15
5.911219462732055035e+03 2.045099146042331575e-15
5.913073034315226323e+03 2.006675157000446519e-15
5.914926605898399430e+03 2.008330851579621665e-15
5.916780177481570718e+03 1.980182700639037750e-15
5.918633749064742915e+03 1.941864502079181304e-15
5.920487320647915112e+03 1.964989703701309001e-15
5.922340892231087309e+03 2.012382620533070878e-15
5.924194463814259507e+03 2.019013609342438076e-15
5.926048035397430795e+03 2.082431191074428928e-15
5.927901606980603901e+03 2.114642167521451087e-15
5.929755178563775189e+03 2.088566515437844398e-15
5.931608750146948296e+03 2.102430278247653648e-15
5.933462321730119584e+03 2.087039979772623951e-15
5.935315893313291781e+03 2.084819777424067271e-15
5.937169464896463978e+03 2.087321346416932551e-15
5.939023036479636175e+03 2.094708329647503793e-15
5.940876608062808373e+03 2.078909366225232931e-15
5.942730179645979661e+03 2.084115578441094927e-15
5.944583751229152767e+03 2.063315634629835467e-15
5.946437322812324055e+03 2.049686938770111557e-15
5.948290894395497162e+03 2.038510185263672056e-15
5.950144465978668450e+03 2.026029722876248746e-15
5.951998037561840647e+03 2.034625374610759596e-15
5.953851609145012844e+03 2.052499734769998700e-15
5.955705180728185042e+03 2.005408589010462976e-15
5.957558752311357239e+03 2.032743600033837514e-15
5.959412323894529436e+03 2.020528740335548640e-15
5.961265895477701633e+03 1.988557136272478627e-15
5.963119467060872921e+03 1.983851865390857052e-15
5.964973038644046028e+03 1.973811173329014128e-15
5.966826610227217316e+03 1.968433162896105344e-15
5.968680181810389513e+03 1.955264705660748401e-15
5.970533753393561710e+03 1.966572016270688426e-15
5.972387324976733908e+03 1.947005466908179673e-15
5.974240896559906105e+03 1.926476918378291168e-15
5.976094468143078302e+03 1.953032349589354981e-15
5.977948039726250499e+03 1.933262417354391798e-15
5.979801611309421787e+03 1.908275592190297866e-15
5.981655182892594894e+03 1.887091231479154664e-15
5.983508754475766182e+03 1.874140826437554213e-15
5.985362326058939288e+03 1.893884102644781981e-15
5.987215897642110576e+03 1.889022763505353893e-15
5.989069469225282774e+03 1.868664624369563105e-15
5.990923040808454971e+03 1.893882232827282527e-15
5.992776612391627168e+03 1.853624439550525913e-15
5.994630183974799365e+03 1.858957663592599337e-15
5.996483755557970653e+03 1.866732362812008916e-15
5.998337327141143760e+03 1.845580154346222726e-15
6.000190898724315048e+03 1.832493272296425890e-15
6.002044470307488155e+03 1.808848886355101714e-15
6.003898041890659442e+03 1.807586631673109755e-15
6.005751613473831640e+03 1.758081271936526842e-15
6.007605185057003837e+03 1.757975295202666532e-15
6.009458756640176034e+03 1.736211211196304056e-15
6.011312328223348231e+03 1.750501164822660059e-15
6.013165899806519519e+03 1.724460861676098350e-15
6.015019471389692626e+03 1.735527694962216365e-15
6.016873042972863914e+03 1.708567726756183928e-15
6.018726614556037021e+03 1.686276257602212849e-15
6.020580186139208308e+03 1.692497384307776003e-15
6.022433757722380506e+03 1.680847319204153709e-15
6.024287329305552703e+03 1.698991601419583136e-15
6.026140900888724900e+03 1.652701059674273239e-15
6.027994472471897097e+03 1.660406446622660203e-15
6.029848044055068385e+03 1.675634389367612784e-15
6.031701615638241492e+03 1.648425362600617328e-15
6.033555187221412780e+03 1.654961144731263653e-15
6.035408758804585887e+03 1.656183369535686538e-15
6.037262330387757174e+03 1.641949226677358423e-15
6.039115901970929372e+03 1.606360319143536157e-15
6.040969473554101569e+03 1.585897285801784310e-15
6.042823045137273766e+03 1.596690353361530627e-15
6.044676616720445963e+03 1.578275243336308274e-15
6.046530188303618161e+03 1.557148306162079657e-15
6.048383759886790358e+03 1.523582877916711112e-15
6.050237331469961646e+03 1.520072626665919603e-15
6.052090903053134753e+03 1.556058184082059183e-15
6.053944474636306040e+03 1.519601546459842719e-15
6.055798046219478238e+03 1.485419656071588110e-15
6.057651617802650435e+03 1.476039357849288022e-15
6.059505189385822632e+03 1.467136192283604122e-15
6.061358760968994829e+03 1.464010792837239175e-15
6.063212332552167027e+03 1.446121967080159706e-15
6.065065904135339224e+03 1.449962348627120881e-15
6.066919475718510512e+03 1.444156207091166007e-15
6.068773047301683619e+03 1.394201116886403330e-15
6.070626618884854906e+03 1.400523049698038215e-15
6.072480190468028013e+03 1.402530643126111028e-15
6.074333762051199301e+03 1.377117257595265882e-15
6.076187333634371498e+03 1.380771330887967777e-15
6.078040905217543695e+03 1.387730210277503844e-15
6.079894476800715893e+03 1.397772764531092525e-15
6.081748048383888090e+03 1.411051196289796755e-15
6.083601619967059378e+03 1.400458044235537220e-15
6.085455191550232485e+03 1.405482646210477900e-15
6.087308763133403772e+03 1.405661985783918776e-15
6.089162334716576879e+03 1.400978961024931996e-15
6.091015906299748167e+03 1.402069402908610061e-15
6.092869477882920364e+03 1.388486240923206573e-15
6.094723049466092561e+03 1.386419375171870376e-15
6.096576621049264759e+03 1.404477764714109417e-15
6.098430192632436956e+03 1.394546400622682038e-15
6.100283764215608244e+03 1.414984364492698907e-15
6.102137335798781351e+03 1.417838907839204647e-15
6.103990907381952638e+03 1.404286655766509910e-15
6.105844478965125745e+03 1.380144892446795755e-15
6.107698050548297033e+03 1.385450399794805039e-15
6.109551622131469230e+03 1.364939961198162033e-15
6.111405193714641428e+03 1.400923284739754485e-15
6.113258765297813625e+03 1.397681319591819133e-15
6.115112336880985822e+03 1.391415369297499921e-15
6.116965908464157110e+03 1.404044731162525353e-15
6.118819480047330217e+03 1.381356284131000989e-15
6.120673051630501504e+03 1.380446413251917398e-15
6.122526623213674611e+03 1.407610587334720922e-15
6.124380194796845899e+03 1.378736066711626329e-15
6.126233766380018096e+03 1.377693282142583009e-15
6.128087337963190294e+03 1.384690392059569443e-15
6.129940909546362491e+03 1.389853702335622112e-15
6.131794481129534688e+03 1.410670193330068700e-15
6.133648052712705976e+03 1.407117837865867446e-15
6.135501624295879083e+03 1.405455070896451538e-15
6.137355195879050370e+03 1.405062201386985692e-15
6.139208767462223477e+03 1.413700601523589156e-15
6.141062339045394765e+03 1.396510709215283333e-15
6.142915910628566962e+03 1.379616765014737808e-15
6.144769482211739160e+03 1.399385002164210074e-15
6.146623053794911357e+03 1.407391862307288024e-15
6.148476625378083554e+03 1.373398774691828347e-15
6.150330196961255751e+03 1.355897634429217163e-15
6.152183768544427949e+03 1.364114497281622369e-15
6.154037340127599236e+03 1.351341070984930498e-15
6.155890911710772343e+03 1.357289242666536180e-15
6.157744483293943631e+03 1.346207168922839380e-15
6.159598054877115828e+03 1.360674013141602413e-15
6.161451626460288026e+03 1.343918887629110653e-15
6.163305198043460223e+03 1.312974074483954776e-15
6.165158769626632420e+03 1.326048151297990806e-15
6.167012341209804617e+03 1.320649421009738979e-15
6.168865912792976815e+03 1.316499625543426026e-15
6.170719484376148102e+03 1.327118902828326825e-15
6.172573055959321209e+03 1.336339200442456189e-15
6.174426627542492497e+03 1.337462653318559112e-15
6.176280199125665604e+03 1.296725267402321009e-15
6.178133770708836892e+03 1.301000932042900138e-15
6.179987342292009089e+03 1.334647921233673619e-15
6.181840913875181286e+03 1.323094473800481331e-15
6.183694485458353483e+03 1.336214095887397447e-15
6.185548057041525681e+03 1.349074479996560794e-15
6.187401628624696968e+03 1.326366224697979657e-15
6.189255200207870075e+03 1.323748623326370369e-15
6.191108771791041363e+03 1.332720884277826169e-15
6.192962343374214470e+03 1.302319624406925987e-15
6.194815914957385758e+03 1.339521763184808771e-15
6.196669486540557955e+03 1.379741418252450984e-15
6.198523058123730152e+03 1.348327739173478652e-15
6.200376629706902349e+03 1.344791604178902504e-15
6.202230201290074547e+03 1.357196469254853910e-15
6.204083772873245834e+03 1.353286927159817251e-15
6.205937344456418941e+03 1.346076770001155251e-15
6.207790916039590229e+03 1.362234112054186007e-15
6.209644487622763336e+03 1.378800062040953388e-15
6.211498059205934624e+03 1.368379966314493488e-15
6.213351630789106821e+03 1.364554800958560052e-15
6.215205202372279018e+03 1.398371918125966188e-15
6.217058773955451215e+03 1.399361041082669718e-15
6.218912345538623413e+03 1.390274509173861852e-15
6.220765917121794701e+03 1.426505194073969652e-15
6.222619488704967807e+03 1.425365059766240820e-15
6.224473060288139095e+03 1.427889824655523225e-15
6.226326631871312202e+03 1.451098005202726422e-15
6.228180203454483490e+03 1.478729243759545816e-15
6.230033775037655687e+03 1.470125192079784412e-15
6.231887346620827884e+03 1.483498049430152029e-15
6.233740918204000081e+03 1.491069379744311546e-15
6.235594489787172279e+03 1.489087068437206238e-15
6.237448061370343567e+03 1.481983008496884634e-15
6.239301632953516673e+03 1.476511586243262847e-15
6.241155204536687961e+03 1.497830610320649883e-15
6.243008776119861068e+03 1.503426656267504693e-15
6.244862347703032356e+03 1.485088973951677444e-15
6.246715919286204553e+03 1.453766077200301359e-15
6.248569490869376750e+03 1.451839647910155808e-15
6.250423062452548947e+03 1.449987925007155460e-15
6.252276634035721145e+03 1.460959625232223737e-15
6.254130205618893342e+03 1.447793356747881663e-15
6.255983777202065539e+03 1.448647102007472831e-15
6.257837348785236827e+03 1.426484510076199265e-15
6.259690920368409934e+03 1.386677709083955489e-15
6.261544491951581222e+03 1.414544564525001677e-15
6.263398063534753419e+03 1.412886973514064445e-15
6.265251635117925616e+03 1.366503460081063333e-15
6.267105206701097813e+03 1.369639203529698810e-15
6.268958778284270011e+03 1.365040150415112574e-15
6.270812349867442208e+03 1.369871331087455870e-15
6.272665921450614405e+03 1.356529071319440216e-15
6.274519493033785693e+03 1.326506572603401086e-15
6.276373064616958800e+03 1.301736770429213615e-15
6.278226636200130088e+03 1.284292948027558295e-15
6.280080207783303194e+03 1.303216170923319291e-15
6.281933779366474482e+03 1.277936527555661482e-15
6.283787350949646680e+03 1.274770335709382522e-15
6.285640922532818877e+03 1.253736277369904231e-15
6.287494494115991074e+03 1.228787096179773951e-15
6.289348065699163271e+03 1.231209074338496459e-15
6.291201637282334559e+03 1.237598679732539545e-15
6.293055208865507666e+03 1.239825055355502904e-15
6.294908780448678954e+03 1.204737955459142588e-15
6.296762352031852060e+03 1.233178022020652235e-15
6.298615923615023348e+03 1.237222955233707021e-15
6.300469495198195546e+03 1.157306338769208698e-15
6.302323066781367743e+03 1.219293414763848488e-15
6.304176638364539940e+03 1.234842994636020976e-15
6.306030209947712137e+03 1.173923114974174453e-15
6.307883781530883425e+03 1.143693340850428386e-15
6.309737353114056532e+03 1.120579832052476830e-15
6.311590924697227820e+03 1.121209145716058792e-15
6.313444496280400926e+03 1.126040045210808723e-15
6.315298067863572214e+03 1.124947768039320018e-15
6.317151639446744412e+03 1.131936610342370985e-15
6.319005211029916609e+03 1.115864635924257743e-15
6.320858782613088806e+03 1.126790335444135447e-15
6.322712354196261003e+03 1.137729341162468754e-15
6.324565925779432291e+03 1.100980258237600278e-15
6.326419497362605398e+03 1.108719790123829307e-15
6.328273068945776686e+03 1.101866739761748319e-15
6.330126640528949792e+03 1.076852301686403291e-15
6.331980212112121080e+03 1.107815947323062111e-15
6.333833783695293278e+03 1.132806287920901113e-15
6.335687355278465475e+03 1.117929973035147667e-15
6.337540926861637672e+03 1.072247040267849398e-15
6.339394498444809869e+03 1.095709456571733084e-15
6.341248070027982067e+03 1.109116137765920939e-15
6.343101641611154264e+03 1.106905768412865153e-15
6.344955213194325552e+03 1.098860919851412037e-15
6.346808784777498659e+03 1.092179925059708235e-15
6.348662356360669946e+03 1.102129423923268100e-15
6.350515927943842144e+03 1.109910618347950148e-15
6.352369499527014341e+03 1.094691802541931819e-15
6.354223071110186538e+03 1.123761630572984824e-15
6.356076642693358735e+03 1.127645788754347867e-15
6.357930214276530933e+03 1.117668532353308893e-15
6.359783785859703130e+03 1.107174060535610977e-15
6.361637357442874418e+03 1.124635534474312445e-15
6.363490929026047525e+03 1.133784351622091747e-15
6.365344500609218812e+03 1.144238947764138462e-15
6.367198072192391919e+03 1.105237989354987049e-15
6.369051643775563207e+03 1.086049676153566907e-15
6.370905215358735404e+03 1.106200563684554527e-15
6.372758786941907601e+03 1.095386941132367424e-15
6.374612358525079799e+03 1.099229266869089607e-15
6.376465930108251996e+03 1.089615482939777302e-15
6.378319501691423284e+03 1.090754610682968539e-15
6.380173073274596391e+03 1.137675833775626088e-15
6.382026644857767678e+03 1.132227102534996817e-15
6.383880216440940785e+03 1.129547635202155286e-15
6.385733788024112073e+03 1.139736025849005616e-15
6.387587359607284270e+03 1.139592109073560037e-15
6.389440931190456467e+03 1.160181392890829890e-15
6.391294502773628665e+03 1.163209708820767209e-15
6.393148074356800862e+03 1.171393021972677780e-15
6.395001645939972150e+03 1.167736552840924136e-15
6.396855217523145257e+03 1.170298749861238709e-15
6.398708789106316544e+03 1.197342523560237720e-15
6.400562360689489651e+03 1.210224161941807359e-15
6.402415932272660939e+03 1.207836279043654457e-15
6.404269503855833136e+03 1.222107775717481871e-15
6.406123075439005333e+03 1.228171634424951460e-15
6.407976647022177531e+03 1.220377902235069255e-15
6.409830218605349728e+03 1.232179859489754376e-15
6.411683790188521016e+03 1.233710261728142041e-15
6.413537361771694123e+03 1.253804322909750123e-15
6.415390933354865410e+03 1.235010850152316784e-15
6.417244504938038517e+03 1.270084213141631014e-15
6.419098076521209805e+03 1.272001697061906344e-15
6.420951648104382002e+03 1.275667964269126338e-15
6.422805219687554199e+03 1.268492836143407647e-15
6.424658791270726397e+03 1.264069493271771359e-15
6.426512362853898594e+03 1.274694087995187579e-15
6.428365934437069882e+03 1.296009252218196863e-15
6.430219506020242989e+03 1.320469223365099460e-15
6.432073077603414276e+03 1.349661150930460368e-15
6.433926649186587383e+03 1.336733599536406831e-15
6.435780220769758671e+03 1.333638732122229643e-15
6.437633792352930868e+03 1.385470242055988421e-15
6.439487363936103065e+03 1.371927493999684976e-15
6.441340935519275263e+03 1.377266167668941163e-15
6.443194507102447460e+03 1.360648311105876533e-15
6.445048078685619657e+03 1.384714343591973785e-15
6.446901650268791855e+03 1.410352388944507752e-15
6.448755221851963142e+03 1.377525396919232873e-15
6.450608793435136249e+03 1.417269461230047688e-15
6.452462365018307537e+03 1.402418393998088582e-15
6.454315936601479734e+03 1.396091034462890625e-15
6.456169508184651932e+03 1.397548617053483677e-15
6.458023079767824129e+03 1.388042452520102859e-15
6.459876651350996326e+03 1.411907524278890761e-15
6.461730222934168523e+03 1.399735875683986083e-15
6.463583794517340721e+03 1.384198045833506732e-15
6.465437366100512008e+03 1.387655277096946522e-15
6.467290937683685115e+03 1.389307742667312567e-15
6.469144509266856403e+03 1.401766720309727397e-15
6.470998080850029510e+03 1.398354485304670224e-15
6.472851652433200798e+03 1.364955523449345007e-15
6.474705224016372995e+03 1.399111656369414675e-15
6.476558795599545192e+03 1.379723075613105755e-15
6.478412367182717389e+03 1.367106976588163365e-15
6.480265938765889587e+03 1.376787469220763095e-15
6.482119510349060874e+03 1.385020825102783863e-15
6.483973081932233981e+03 1.367732220303705172e-15
6.485826653515405269e+03 1.344253968276538875e-15
6.487680225098578376e+03 1.344487628654740820e-15
6.489533796681749664e+03 1.336021649278720673e-15
6.491387368264921861e+03 1.331140528822430719e-15
6.493240939848094058e+03 1.368784635008261032e-15
6.495094511431266255e+03 1.354812100739912911e-15
6.496948083014438453e+03 1.351721522921027810e-15
6.498801654597609740e+03 1.358886143226697860e-15
6.500655226180782847e+03 1.332179881039346633e-15
6.502508797763954135e+03 1.330804291687607439e-15
6.504362369347127242e+03 1.333466771177982464e-15
6.506215940930298530e+03 1.307754536104346075e-15
6.508069512513470727e+03 1.325956474069811506e-15
6.509923084096642924e+03 1.301141135236614164e-15
6.511776655679815121e+03 1.296446280661738803e-15
6.513630227262987319e+03 1.292651712810055960e-15
6.515483798846158606e+03 1.277386716741724844e-15
6.517337370429331713e+03 1.217672769516989163e-15
6.519190942012503001e+03 1.221180771927568325e-15
6.521044513595676108e+03 1.254267002223206768e-15
6.522898085178847396e+03 1.242677458364957164e-15
6.524751656762019593e+03 1.232780423445980708e-15
6.526605228345191790e+03 1.242269117668298672e-15
6.528458799928363987e+03 1.248078056059063430e-15
6.530312371511536185e+03 1.223853831586716460e-15
6.532165943094707472e+03 1.237680698072959043e-15
6.534019514677880579e+03 1.219007307626720598e-15
6.535873086261051867e+03 1.209986236672603488e-15
6.537726657844224974e+03 1.209049997969499042e-15
6.539580229427396262e+03 1.192445776939107719e-15
6.541433801010568459e+03 1.196406578124045058e-15
6.543287372593740656e+03 1.207662046337066392e-15
6.545140944176912853e+03 1.199045795211244325e-15
6.546994515760085051e+03 1.161482403566359742e-15
6.548848087343257248e+03 1.188992230118790040e-15
6.550701658926429445e+03 1.193063137558230094e-15
6.552555230509600733e+03 1.172440085092205179e-15
6.554408802092773840e+03 1.180928209030867781e-15
6.556262373675945128e+03 1.191524509451250664e-15
6.558115945259117325e+03 1.189047986085513461e-15
6.559969516842289522e+03 1.169816995770595910e-15
6.561823088425461719e+03 1.184975753492995975e-15
6.563676660008633917e+03 1.213276878920721762e-15
6.565530231591806114e+03 1.183299336647706435e-15
6.567383803174978311e+03 1.192546889654442823e-15
6.569237374758149599e+03 1.199763406412995597e-15
6.571090946341322706e+03 1.196826110106100485e-15
6.572944517924493994e+03 1.195555792506139126e-15
6.574798089507667100e+03 1.224870948743477056e-15
6.576651661090838388e+03 1.211277498342251888e-15
6.578505232674010585e+03 1.191661960656408165e-15
6.580358804257182783e+03 1.211337408049650226e-15
6.582212375840354980e+03 1.214069013085182152e-15
6.584065947423527177e+03 1.229460150829251014e-15
6.585919519006698465e+03 1.201483590567343138e-15
6.587773090589871572e+03 1.227616185879847840e-15
6.589626662173042860e+03 1.252003162276387372e-15
6.591480233756215966e+03 1.260410183498406097e-15
6.593333805339387254e+03 1.290429341634067647e-15
6.595187376922559451e+03 1.279339027741163827e-15
6.597040948505731649e+03 1.235495977491742790e-15
6.598894520088903846e+03 1.261845841812869160e-15
6.600748091672076043e+03 1.237275809799253266e-15
6.602601663255247331e+03 1.257181676734593253e-15
6.604455234838420438e+03 1.245943093343473473e-15
6.606308806421591726e+03 1.243158635165340235e-15
6.608162378004764832e+03 1.264030270119924116e-15
6.610015949587936120e+03 1.243746797202352259e-15
6.611869521171108318e+03 1.255487569349390182e-15
6.613723092754280515e+03 1.279293849405871602e-15
6.615576664337452712e+03 1.251633800648003178e-15
6.617430235920624909e+03 1.261339859940650964e-15
6.619283807503796197e+03 1.257828605206114587e-15
6.621137379086969304e+03 1.262361819667250319e-15
6.622990950670140592e+03 1.224279209105926340e-15
6.624844522253313698e+03 1.236469075954970875e-15
6.626698093836484986e+03 1.246393272424900370e-15
6.628551665419657184e+03 1.255570327945722927e-15
6.630405237002829381e+03 1.240893571769249234e-15
6.632258808586001578e+03 1.217582647208717521e-15
6.634112380169173775e+03 1.222856026847148813e-15
6.635965951752345973e+03 1.249541888431499620e-15
6.637819523335518170e+03 1.240085712713925651e-15
6.639673094918689458e+03 1.232981214804322607e-15
6.641526666501862564e+03 1.252823562452152098e-15
6.643380238085033852e+03 1.258293865779879995e-15
6.645233809668206050e+03 1.276969600811094944e-15
6.647087381251378247e+03 1.277113832981923271e-15
6.648940952834550444e+03 1.288141926901118604e-15
6.650794524417722641e+03 1.269340877405314281e-15
6.652648096000894839e+03 1.290100328487517321e-15
6.654501667584067036e+03 1.292421188314557841e-15
6.656355239167238324e+03 1.338405741220281802e-15
