3.800000000000000000e+03 -2.521211901235516727e-17
3.803041410184666802e+03 2.741425801280653384e-17
3.806082820369334058e+03 6.769149658360475148e-17
3.809124230554000860e+03 -9.591985748895845163e-17
3.812165640738668117e+03 -2.613304028705900159e-17
3.815207050923334918e+03 2.676264127796691397e-17
3.818248461108002175e+03 5.206243726348801957e-17
3.821289871292668977e+03 1.222231857544803112e-16
3.824331281477335779e+03 5.712996015655533671e-17
3.827372691662003035e+03 1.160286699194207200e-16
3.830414101846669837e+03 5.617367712997506690e-17
3.833455512031337094e+03 3.347704792471386039e-17
3.836496922216003895e+03 2.622689954768586721e-18
3.839538332400671152e+03 6.186616382603944451e-17
3.842579742585337954e+03 1.172366597535101479e-16
3.845621152770005210e+03 8.410361319249822137e-17
3.848662562954672012e+03 1.059670166807410733e-16
3.851703973139338814e+03 4.798006380361263240e-17
3.854745383324006070e+03 7.545236655176306442e-17
3.857786793508672872e+03 -1.247147221271495030e-17
3.860828203693340129e+03 2.187399273127012114e-17
3.863869613878006930e+03 1.061053087666571866e-16
3.866911024062674187e+03 9.177863086747694357e-17
3.869952434247340989e+03 1.113306237510174952e-16
3.872993844432007791e+03 7.082526754109315568e-17
3.876035254616675047e+03 3.245226465587742716e-17
3.879076664801341849e+03 7.485334573817476801e-17
3.882118074986009105e+03 5.606688388866669561e-17
3.885159485170675907e+03 7.522019236713167198e-17
3.888200895355343164e+03 9.242115522303435539e-17
3.891242305540009966e+03 -9.370286465200756808e-18
3.894283715724676767e+03 1.111538694492913062e-16
3.897325125909344024e+03 9.159224811465529946e-17
3.900366536094010826e+03 -9.990820755995425604e-18
3.903407946278678082e+03 1.859355977437624067e-16
3.906449356463344884e+03 1.398196353808182521e-16
3.909490766648012141e+03 4.617795745763516523e-17
3.912532176832678942e+03 1.168311740837604205e-16
3.915573587017346199e+03 2.081303589588093628e-16
3.918614997202013001e+03 1.578400918812193057e-16
3.921656407386679803e+03 1.723879486036203276e-16
3.924697817571347059e+03 1.370837132003926426e-16
3.927739227756013861e+03 1.665038806615128561e-16
3.930780637940681117e+03 2.800997291520938963e-16
3.933822048125347919e+03 1.979974484086883135e-16
3.936863458310015176e+03 2.150555683713990492e-16
3.939904868494681978e+03 2.331425908011967718e-16
3.942946278679349234e+03 2.645167428321436243e-16
3.945987688864016036e+03 3.026377793055899814e-16
3.949029099048682838e+03 3.519928318308679254e-16
3.952070509233350094e+03 4.105049038718637939e-16
3.955111919418016896e+03 3.512592472562597787e-16
3.958153329602684153e+03 3.944927612374327285e-16
3.961194739787350954e+03 3.909458198224485474e-16
3.964236149972018211e+03 3.983848594114284523e-16
3.967277560156685013e+03 3.148364977643615812e-16
3.970318970341351815e+03 2.853713090586291104e-16
3.973360380526019071e+03 2.867295650124496612e-16
3.976401790710685873e+03 2.902852628672112455e-16
3.979443200895353129e+03 2.528966352918917897e-16
3.982484611080019931e+03 2.674499944537562127e-16
3.985526021264687188e+03 2.446954554473238644e-16
3.988567431449353990e+03 2.733065329692082846e-16
3.991608841634020791e+03 2.612007787697058362e-16
3.994650251818688048e+03 3.007225268612631925e-16
3.997691662003354850e+03 2.855415429219764595e-16
4.000733072188022106e+03 2.542022356340131408e-16
4.003774482372688908e+03 3.370982356577787159e-16
4.006815892557356165e+03 2.969765953499155421e-16
4.009857302742022966e+03 3.139035941096586241e-16
4.012898712926689768e+03 3.199285932479665640e-16
4.015940123111357025e+03 3.283142604559291873e-16
4.018981533296023827e+03 4.045391752456432128e-16
4.022022943480691083e+03 4.888930599805068364e-16
4.025064353665357885e+03 4.146454798491049291e-16
4.028105763850025141e+03 3.638634470675309512e-16
4.031147174034691943e+03 3.874532516624287294e-16
4.034188584219359200e+03 4.700598425274315718e-16
4.037229994404026002e+03 5.043392443103496587e-16
4.040271404588692803e+03 3.945635084023474265e-16
4.043312814773360060e+03 4.322177597087105563e-16
4.046354224958026862e+03 4.730066942202343377e-16
4.049395635142694118e+03 4.954829209024490696e-16
4.052437045327360920e+03 4.709975264781239929e-16
4.055478455512028177e+03 3.898538262971244952e-16
4.058519865696694978e+03 4.214699791107852660e-16
4.061561275881362235e+03 3.852268143107071773e-16
4.064602686066029037e+03 3.591106731708888857e-16
4.067644096250695839e+03 4.242797775716397664e-16
4.070685506435363095e+03 4.163809459213411218e-16
4.073726916620029897e+03 4.508047994509138326e-16
4.076768326804697153e+03 4.483808610622835894e-16
4.079809736989363955e+03 3.317300729501754123e-16
4.082851147174031212e+03 3.630335240108604363e-16
4.085892557358698014e+03 3.169279496887175861e-16
4.088933967543364815e+03 4.031630838728518376e-16
4.091975377728032072e+03 3.394260479122129029e-16
4.095016787912698874e+03 3.179335868165343788e-16
4.098058198097365675e+03 3.911689484610669691e-16
4.101099608282032932e+03 3.546870556861716159e-16
4.104141018466700189e+03 3.371458625700299152e-16
4.107182428651367445e+03 3.455085098119833747e-16
4.110223838836033792e+03 3.898151600023087745e-16
4.113265249020701049e+03 4.307042640469438591e-16
4.116306659205368305e+03 4.157313601750173750e-16
4.119348069390034652e+03 3.823273055108474728e-16
4.122389479574701909e+03 4.286089927562358379e-16
4.125430889759369165e+03 4.022725539790977405e-16
4.128472299944036422e+03 3.075112355475450666e-16
4.131513710128702769e+03 4.160739301796947802e-16
4.134555120313370026e+03 4.040689909229748134e-16
4.137596530498037282e+03 3.631898101240516074e-16
4.140637940682703629e+03 3.831861074618846877e-16
4.143679350867370886e+03 4.456775838928953663e-16
4.146720761052038142e+03 4.100800950808990982e-16
4.149762171236705399e+03 3.721783283723808835e-16
4.152803581421371746e+03 4.003947872325855305e-16
4.155844991606039002e+03 4.274448696801886996e-16
4.158886401790706259e+03 4.148741551171615387e-16
4.161927811975372606e+03 3.517786321472502642e-16
4.164969222160039863e+03 4.231645190151989950e-16
4.168010632344707119e+03 5.091107062756889345e-16
4.171052042529374376e+03 4.932790122035500960e-16
4.174093452714040723e+03 4.719305904472303439e-16
4.177134862898707979e+03 4.049311392237765445e-16
4.180176273083375236e+03 4.920409017701138819e-16
4.183217683268041583e+03 5.164280225414901918e-16
4.186259093452708839e+03 4.287893431956573659e-16
4.189300503637376096e+03 3.812094968279844598e-16
4.192341913822043352e+03 3.970498259732088190e-16
4.195383324006709699e+03 4.847849140317741767e-16
4.198424734191376956e+03 4.599019829953668587e-16
4.201466144376044213e+03 4.102422843950461085e-16
4.204507554560710560e+03 4.222630479632093376e-16
4.207548964745377816e+03 4.778530600482159730e-16
4.210590374930045073e+03 4.338982254414574925e-16
4.213631785114712329e+03 4.417015377561266960e-16
4.216673195299378676e+03 4.092048122854721310e-16
4.219714605484045933e+03 4.421664945524877719e-16
4.222756015668713189e+03 4.074277244862352168e-16
4.225797425853379536e+03 4.778264802078582998e-16
4.228838836038046793e+03 3.839141847979475735e-16
4.231880246222714050e+03 3.956676514455948143e-16
4.234921656407381306e+03 3.786188530741034700e-16
4.237963066592047653e+03 3.934502508836716499e-16
4.241004476776714910e+03 3.613524454695412503e-16
4.244045886961382166e+03 3.612617083856498147e-16
4.247087297146048513e+03 3.546617936359745943e-16
4.250128707330715770e+03 3.812406016762453594e-16
4.253170117515383026e+03 4.268138167654396748e-16
4.256211527700050283e+03 4.031311243949609417e-16
4.259252937884716630e+03 3.724251456087030759e-16
4.262294348069383886e+03 3.989349031514153630e-16
4.265335758254051143e+03 3.286494113233567507e-16
4.268377168438718400e+03 3.487306688546828051e-16
4.271418578623384747e+03 2.996327522975151799e-16
4.274459988808052003e+03 3.795536843356504366e-16
4.277501398992719260e+03 3.468837433056232576e-16
4.280542809177385607e+03 3.251579985400379723e-16
4.283584219362052863e+03 3.637417155761928373e-16
4.286625629546720120e+03 3.730766202174343792e-16
4.289667039731387376e+03 3.632194747185817698e-16
4.292708449916053723e+03 2.937462130758795366e-16
4.295749860100720980e+03 3.626559050641794137e-16
4.298791270285388237e+03 3.584978866616717409e-16
4.301832680470054584e+03 2.953272011117500750e-16
4.304874090654721840e+03 3.534023845219135583e-16
4.307915500839389097e+03 3.224064029299281617e-16
4.310956911024056353e+03 3.212206355730789553e-16
4.313998321208722700e+03 3.521553140619679555e-16
4.317039731393389957e+03 3.347327518511185333e-16
4.320081141578057213e+03 3.216048583226145897e-16
4.323122551762724470e+03 3.648949881331291507e-16
4.326163961947390817e+03 3.609815262039562813e-16
4.329205372132058073e+03 2.707826187547347984e-16
4.332246782316725330e+03 2.548973157700635338e-16
4.335288192501391677e+03 2.757695102538554707e-16
4.338329602686058934e+03 3.065145609342171476e-16
4.341371012870726190e+03 3.371384405948270332e-16
4.344412423055393447e+03 2.903670812870602474e-16
4.347453833240059794e+03 2.597062437973288140e-16
4.350495243424727050e+03 2.978403592570648592e-16
4.353536653609394307e+03 2.646541374341922034e-16
4.356578063794060654e+03 2.412940321675102508e-16
4.359619473978727910e+03 2.964682056612889241e-16
4.362660884163395167e+03 2.368236034920804110e-16
4.365702294348062424e+03 2.951948929491168811e-16
4.368743704532728771e+03 3.214283721972915151e-16
4.371785114717396027e+03 2.431527368590667522e-16
4.374826524902063284e+03 2.579035818156026253e-16
4.377867935086729631e+03 3.222708039281556683e-16
4.380909345271396887e+03 3.224560253025921471e-16
4.383950755456064144e+03 2.516038067017891612e-16
4.386992165640731400e+03 2.671341047305211354e-16
4.390033575825397747e+03 2.572806475760286326e-16
4.393074986010065004e+03 2.088184368510292973e-16
4.396116396194732260e+03 2.076016038485880082e-16
4.399157806379398608e+03 2.411576647842133948e-16
4.402199216564065864e+03 1.757221038659718858e-16
4.405240626748733121e+03 2.027910331289603767e-16
4.408282036933400377e+03 1.564352877910271759e-16
4.411323447118066724e+03 1.792783992415961944e-16
4.414364857302733981e+03 2.099876775534752394e-16
4.417406267487401237e+03 2.168591323707589911e-16
4.420447677672067584e+03 2.068322126239486321e-16
4.423489087856734841e+03 2.379414132394819784e-16
4.426530498041402097e+03 1.945661326570657615e-16
4.429571908226069354e+03 1.859427594014241939e-16
4.432613318410735701e+03 2.113716231235191353e-16
4.435654728595402958e+03 1.958095853573674958e-16
4.438696138780070214e+03 1.895676920533818509e-16
4.441737548964736561e+03 2.062283145061836816e-16
4.444778959149403818e+03 2.559010267251648339e-16
4.447820369334071074e+03 2.205766217139233237e-16
4.450861779518738331e+03 2.512019615570572160e-16
4.453903189703404678e+03 3.021280307941717145e-16
4.456944599888071934e+03 3.392258848600006022e-16
4.459986010072739191e+03 3.445122870711239196e-16
4.463027420257405538e+03 3.264866249754065438e-16
4.466068830442072795e+03 3.583222101842957743e-16
4.469110240626740051e+03 3.609645699821153575e-16
4.472151650811407308e+03 3.713700188327932735e-16
4.475193060996073655e+03 3.626476008029367715e-16
4.478234471180740911e+03 3.305061790976455461e-16
4.481275881365408168e+03 3.338013649030434445e-16
4.484317291550074515e+03 3.669786670487028255e-16
4.487358701734741771e+03 3.299511152470372786e-16
4.490400111919409028e+03 3.604818199061496717e-16
4.493441522104076284e+03 3.594764337620636820e-16
4.496482932288742631e+03 3.850895812500410092e-16
4.499524342473409888e+03 3.736657213542704974e-16
4.502565752658077145e+03 3.617343063435890542e-16
4.505607162842743492e+03 3.566366724712822786e-16
4.508648573027410748e+03 3.179576591350588551e-16
4.511689983212078005e+03 3.370699271527345901e-16
4.514731393396745261e+03 3.504668550831987217e-16
4.517772803581411608e+03 3.491823812194864670e-16
4.520814213766078865e+03 3.719114595443600509e-16
4.523855623950746121e+03 3.959977825369628966e-16
4.526897034135412468e+03 3.556981755261494420e-16
4.529938444320079725e+03 4.036706790861302160e-16
4.532979854504746982e+03 3.786694988550690639e-16
4.536021264689414238e+03 3.417070654560671339e-16
4.539062674874080585e+03 3.651919780892567249e-16
4.542104085058747842e+03 3.601352147483150073e-16
4.545145495243415098e+03 3.210346555205158288e-16
4.548186905428082355e+03 3.478890494598126471e-16
4.551228315612748702e+03 3.506827453077643788e-16
4.554269725797415958e+03 3.695140070414905549e-16
4.557311135982083215e+03 3.971671892088346999e-16
4.560352546166750471e+03 3.825660647356999346e-16
4.563393956351416819e+03 3.909084041929733212e-16
4.566435366536084075e+03 3.958333123647806225e-16
4.569476776720751332e+03 4.184777760829721180e-16
4.572518186905417679e+03 3.915443245514287992e-16
4.575559597090084935e+03 3.863337670492545624e-16
4.578601007274752192e+03 4.443482300156250030e-16
4.581642417459419448e+03 4.278939588383158028e-16
4.584683827644085795e+03 4.314260944370068875e-16
4.587725237828753052e+03 4.255525252171766332e-16
4.590766648013420308e+03 3.962145066414490616e-16
4.593808058198086655e+03 4.649388511879594695e-16
4.596849468382753912e+03 4.274580732410146670e-16
4.599890878567421169e+03 4.225051708712286514e-16
4.602932288752088425e+03 4.359599159675811926e-16
4.605973698936754772e+03 4.406610193747372200e-16
4.609015109121422029e+03 4.596177893603560453e-16
4.612056519306089285e+03 4.617158865664396085e-16
4.615097929490755632e+03 4.472130074943680995e-16
4.618139339675422889e+03 4.471406962736289254e-16
4.621180749860090145e+03 5.105618873594922497e-16
4.624222160044757402e+03 5.094212686149689739e-16
4.627263570229423749e+03 4.999459262759742436e-16
4.630304980414091006e+03 4.845364526379207215e-16
4.633346390598758262e+03 4.242329288147785538e-16
4.636387800783424609e+03 4.610238620444659987e-16
4.639429210968091866e+03 4.250672215756000016e-16
4.642470621152759122e+03 4.269222713335160418e-16
4.645512031337426379e+03 4.484211630908525633e-16
4.648553441522092726e+03 4.430683185042760169e-16
4.651594851706759982e+03 4.496142988394639640e-16
4.654636261891427239e+03 4.171175264361305111e-16
4.657677672076093586e+03 3.835580162717004560e-16
4.660719082260760842e+03 3.496515116530272082e-16
4.663760492445428099e+03 4.192395464701731666e-16
4.666801902630095356e+03 4.157114019716220487e-16
4.669843312814761703e+03 3.964467305765820447e-16
4.672884722999428959e+03 3.537993079964736306e-16
4.675926133184096216e+03 3.588658301621405605e-16
4.678967543368762563e+03 3.743719683112579955e-16
4.682008953553429819e+03 4.130169855198792105e-16
4.685050363738097076e+03 3.868435265949433807e-16
4.688091773922764332e+03 3.863636475303448312e-16
4.691133184107430679e+03 4.099910417516582368e-16
4.694174594292097936e+03 4.254744966483994764e-16
4.697216004476765193e+03 4.668760301658743056e-16
4.700257414661431540e+03 4.939052813319701764e-16
4.703298824846098796e+03 5.234105179437133195e-16
4.706340235030766053e+03 4.964736310934045985e-16
4.709381645215433309e+03 5.157822295519398882e-16
4.712423055400099656e+03 5.230421883253901110e-16
4.715464465584766913e+03 5.422870069150644988e-16
4.718505875769434169e+03 5.319961151995505268e-16
4.721547285954100516e+03 5.016978612850037679e-16
4.724588696138767773e+03 5.074154959635404385e-16
4.727630106323435029e+03 4.789493772917739875e-16
4.730671516508102286e+03 5.150117891497749203e-16
4.733712926692768633e+03 4.916299645633154652e-16
4.736754336877435890e+03 5.109205729031514310e-16
4.739795747062103146e+03 5.188998924685542594e-16
4.742837157246769493e+03 4.796410752366194632e-16
4.745878567431436750e+03 4.636872372841893021e-16
4.748919977616104006e+03 5.100322576947903808e-16
4.751961387800771263e+03 4.317294953942786547e-16
4.755002797985437610e+03 4.230521308971804832e-16
4.758044208170104866e+03 4.339453448451159185e-16
4.761085618354772123e+03 4.521625727444442945e-16
4.764127028539438470e+03 4.978760521613280478e-16
4.767168438724105727e+03 4.921423942576251973e-16
4.770209848908772983e+03 4.918003102697902005e-16
4.773251259093440240e+03 4.868354423567756670e-16
4.776292669278106587e+03 4.823676695712417842e-16
4.779334079462773843e+03 4.647952933119399568e-16
4.782375489647441100e+03 4.757547080366876431e-16
4.785416899832107447e+03 5.304210307177583678e-16
4.788458310016774703e+03 4.926493613860365436e-16
4.791499720201441960e+03 4.550951406348042855e-16
4.794541130386109216e+03 4.517757050010224633e-16
4.797582540570775564e+03 4.722600714486349721e-16
4.800623950755442820e+03 4.779661555918027179e-16
4.803665360940110077e+03 4.794565408522693837e-16
4.806706771124777333e+03 4.611442449262315065e-16
4.809748181309443680e+03 4.556391737483981147e-16
4.812789591494110937e+03 4.534978791150116211e-16
4.815831001678778193e+03 4.549115320099919002e-16
4.818872411863445450e+03 4.475172612412935617e-16
4.821913822048111797e+03 4.792321018322475012e-16
4.824955232232779053e+03 4.565160495610974075e-16
4.827996642417445400e+03 4.127651440954104256e-16
4.831038052602112657e+03 3.895768364625788737e-16
4.834079462786779914e+03 4.047954422926877217e-16
4.837120872971447170e+03 3.969412875190618989e-16
4.840162283156114427e+03 3.922772027672185429e-16
4.843203693340780774e+03 3.762180893055619255e-16
4.846245103525448030e+03 3.202063364512707598e-16
4.849286513710115287e+03 3.349968449954507836e-16
4.852327923894781634e+03 3.068265959862150400e-16
4.855369334079448890e+03 2.662179577952923679e-16
4.858410744264116147e+03 2.841405256704237176e-16
4.861452154448783403e+03 2.785998949632595924e-16
4.864493564633449751e+03 2.744206347801540939e-16
4.867534974818117007e+03 2.570395361916057709e-16
4.870576385002784264e+03 2.081388485615119676e-16
4.873617795187450611e+03 2.387116256628898677e-16
4.876659205372117867e+03 2.094714540668400557e-16
4.879700615556785124e+03 2.405291878353146797e-16
4.882742025741452380e+03 2.297744800560994157e-16
4.885783435926118727e+03 1.957159865578609911e-16
4.888824846110785984e+03 2.104377932617133683e-16
4.891866256295453240e+03 1.776146533203939104e-16
4.894907666480119588e+03 1.630651996742254250e-16
4.897949076664786844e+03 1.724912706858543439e-16
4.900990486849454101e+03 1.524057278874671041e-16
4.904031897034121357e+03 1.584028837612077351e-16
4.907073307218787704e+03 1.489148338739536700e-16
4.910114717403454961e+03 1.509925147005843970e-16
4.913156127588122217e+03 1.327380292706370285e-16
4.916197537772788564e+03 1.422208901796120014e-16
4.919238947957455821e+03 1.655344152364584863e-16
4.922280358142123077e+03 1.450596340031747522e-16
4.925321768326790334e+03 1.452798881297834666e-16
4.928363178511456681e+03 1.636477987207063491e-16
4.931404588696123938e+03 1.892599044847422224e-16
4.934445998880791194e+03 1.800029127440452237e-16
4.937487409065457541e+03 1.964907523226133364e-16
4.940528819250124798e+03 2.156946062768282909e-16
4.943570229434792054e+03 2.124181810193276203e-16
4.946611639619459311e+03 2.184731484677357845e-16
4.949653049804125658e+03 2.359064462188572707e-16
4.952694459988792914e+03 2.511895862319863818e-16
4.955735870173460171e+03 2.444228542494862293e-16
4.958777280358126518e+03 2.415025894901204508e-16
4.961818690542793775e+03 2.950287248023111776e-16
4.964860100727461031e+03 3.384549410509898736e-16
4.967901510912128288e+03 3.430861421376284345e-16
4.970942921096794635e+03 3.472438211214882480e-16
4.973984331281461891e+03 3.534126273767723122e-16
4.977025741466129148e+03 4.130013305061030449e-16
4.980067151650795495e+03 4.531472329325141748e-16
4.983108561835462751e+03 4.625573434066267466e-16
4.986149972020130008e+03 4.447197515216080656e-16
4.989191382204797264e+03 4.736468205246301659e-16
4.992232792389463611e+03 4.998146102746298827e-16
4.995274202574130868e+03 5.308639189447656125e-16
4.998315612758798125e+03 5.260771621511047477e-16
5.001357022943464472e+03 5.611598614357581621e-16
5.004398433128131728e+03 5.900736071908977551e-16
5.007439843312798985e+03 5.914548143264841643e-16
5.010481253497466241e+03 6.219137308445077464e-16
5.013522663682133498e+03 6.434921894559333130e-16
5.016564073866799845e+03 5.930805201267230796e-16
5.019605484051467101e+03 6.010661220980227428e-16
5.022646894236133448e+03 6.267138850861016751e-16
5.025688304420800705e+03 6.326885064469369603e-16
5.028729714605467962e+03 6.386615357491808350e-16
5.031771124790135218e+03 6.446349953465738831e-16
5.034812534974802475e+03 6.506078195466691821e-16
5.037853945159468822e+03 6.565801217420625303e-16
5.040895355344136078e+03 6.282010385302707252e-16
5.043936765528802425e+03 6.734821282461791537e-16
5.046978175713469682e+03 6.594883917435732954e-16
5.050019585898136938e+03 6.942100122306477742e-16
5.053060996082804195e+03 6.965422087683712599e-16
5.056102406267471451e+03 6.652741023742878280e-16
5.059143816452137798e+03 6.741371137097315814e-16
5.062185226636805055e+03 6.766052885407022092e-16
5.065226636821471402e+03 6.763421651667263104e-16
5.068268047006138659e+03 6.732630948264497661e-16
5.071309457190805915e+03 6.849356455472672616e-16
5.074350867375473172e+03 6.613272567573626368e-16
5.077392277560140428e+03 6.395754593564693226e-16
5.080433687744806775e+03 6.597434400266172710e-16
5.083475097929474032e+03 6.533794612451486803e-16
5.086516508114140379e+03 6.341042386871229692e-16
5.089557918298807635e+03 6.051045649695506375e-16
5.092599328483474892e+03 6.228311458236698822e-16
5.095640738668142149e+03 5.917051152984842556e-16
5.098682148852809405e+03 5.709671025157274370e-16
5.101723559037475752e+03 5.766177658122527985e-16
5.104764969222143009e+03 5.606380634974376301e-16
5.107806379406810265e+03 5.387396378875806945e-16
5.110847789591476612e+03 5.063425308894622637e-16
5.113889199776143869e+03 5.063099884263476658e-16
5.116930609960811125e+03 5.427291786974327700e-16
5.119972020145478382e+03 5.031124894841389557e-16
5.123013430330144729e+03 4.733098560072746188e-16
5.126054840514811985e+03 4.959724684141531195e-16
5.129096250699479242e+03 4.817046659575389562e-16
5.132137660884145589e+03 4.649189401132628372e-16
5.135179071068812846e+03 4.486707474267366290e-16
5.138220481253480102e+03 4.495524431546762885e-16
5.141261891438147359e+03 4.553723360001923198e-16
5.144303301622813706e+03 4.363993245745635417e-16
5.147344711807480962e+03 4.663329905113004724e-16
5.150386121992148219e+03 4.863997036449898235e-16
5.153427532176814566e+03 4.701388136790412713e-16
5.156468942361481822e+03 4.870032210777779944e-16
5.159510352546149079e+03 4.987671768997555720e-16
5.162551762730816336e+03 4.718612515665887264e-16
5.165593172915482683e+03 4.694355243446952269e-16
5.168634583100149939e+03 4.780558740874639226e-16
5.171675993284817196e+03 4.861950970091192589e-16
5.174717403469483543e+03 4.705560421802291389e-16
5.177758813654150799e+03 4.990391080657718129e-16
5.180800223838818056e+03 5.001614589392460151e-16
5.183841634023485312e+03 4.872821895971519104e-16
5.186883044208151659e+03 4.871775741556674835e-16
5.189924454392818916e+03 4.772868234304789813e-16
5.192965864577486172e+03 4.879850580731462694e-16
5.196007274762152520e+03 4.787902548769602694e-16
5.199048684946819776e+03 5.145038284064618036e-16
5.202090095131487033e+03 5.096208497653658772e-16
5.205131505316154289e+03 4.964710410867544743e-16
5.208172915500820636e+03 4.940400630830389360e-16
5.211214325685487893e+03 4.811343038878780997e-16
5.214255735870155149e+03 5.072930949666079522e-16
5.217297146054821496e+03 4.845824406761855669e-16
5.220338556239488753e+03 4.868597564244341376e-16
5.223379966424156009e+03 5.019269493988777450e-16
5.226421376608823266e+03 4.970515942742719974e-16
5.229462786793489613e+03 4.895298755603548324e-16
5.232504196978156870e+03 4.922764461096442240e-16
5.235545607162824126e+03 4.550413929366439185e-16
5.238587017347490473e+03 4.618562186744135818e-16
5.241628427532157730e+03 4.880444794029621810e-16
5.244669837716824986e+03 4.833071860108496893e-16
5.247711247901492243e+03 4.775389113208839487e-16
5.250752658086159499e+03 4.512962687268654097e-16
5.253794068270825846e+03 4.614270060906690618e-16
5.256835478455493103e+03 4.681609901832785370e-16
5.259876888640159450e+03 4.441232253359028088e-16
5.262918298824826707e+03 4.887856434300057683e-16
5.265959709009493963e+03 4.998331738832122778e-16
5.269001119194161220e+03 5.092029443176263765e-16
5.272042529378828476e+03 4.942716490482524738e-16
5.275083939563494823e+03 4.648879710382613684e-16
5.278125349748162080e+03 4.756754711088219987e-16
5.281166759932828427e+03 4.699927023393444115e-16
5.284208170117495683e+03 4.657454539064687413e-16
5.287249580302162940e+03 4.661258724442080066e-16
5.290290990486830196e+03 4.669885276068272384e-16
5.293332400671497453e+03 4.576434538615283134e-16
5.296373810856163800e+03 4.661207477996341545e-16
5.299415221040831057e+03 4.688706509782457461e-16
5.302456631225497404e+03 4.635247230625021239e-16
5.305498041410164660e+03 4.702010228060979910e-16
5.308539451594831917e+03 4.881764893821780600e-16
5.311580861779499173e+03 4.638602519670464222e-16
5.314622271964166430e+03 4.725095953571543435e-16
5.317663682148832777e+03 5.179062351026680340e-16
5.320705092333500033e+03 5.249066660011631879e-16
5.323746502518166380e+03 4.912430962349271417e-16
5.326787912702833637e+03 5.103519494005775764e-16
5.329829322887500894e+03 4.851860009670795047e-16
5.332870733072168150e+03 4.773899729326807972e-16
5.335912143256835407e+03 5.056524468174355337e-16
5.338953553441501754e+03 4.963653982958154615e-16
5.341994963626169010e+03 5.056628107463204012e-16
5.345036373810836267e+03 5.261672128546514883e-16
5.348077783995502614e+03 5.015747983495716477e-16
5.351119194180169870e+03 5.008748698313735885e-16
5.354160604364837127e+03 5.000566747190206548e-16
5.357202014549504383e+03 5.226895114577498805e-16
5.360243424734170731e+03 5.187768505085744801e-16
5.363284834918837987e+03 5.053737365042324001e-16
5.366326245103505244e+03 5.047216217291505138e-16
5.369367655288171591e+03 5.094809414221652202e-16
5.372409065472838847e+03 5.219215104416246804e-16
5.375450475657506104e+03 4.952280689093438044e-16
5.378491885842173360e+03 4.895329511262967000e-16
5.381533296026839707e+03 4.760035743785659385e-16
5.384574706211506964e+03 4.795933335458983734e-16
5.387616116396174220e+03 5.159549412829668227e-16
5.390657526580840567e+03 5.210460141299545435e-16
5.393698936765507824e+03 5.131060449278275019e-16
5.396740346950175081e+03 5.178948672103319830e-16
5.399781757134842337e+03 5.284373550519659626e-16
5.402823167319508684e+03 5.474092981470632393e-16
5.405864577504175941e+03 5.381272470498762952e-16
5.408905987688843197e+03 5.282864244605194290e-16
5.411947397873509544e+03 5.448363982208026722e-16
5.414988808058176801e+03 5.465069642741665508e-16
5.418030218242844057e+03 5.122259253533208272e-16
5.421071628427511314e+03 5.336778825309178383e-16
5.424113038612177661e+03 5.409099530764832361e-16
5.427154448796844918e+03 5.242943622914802876e-16
5.430195858981512174e+03 5.319263806865623189e-16
5.433237269166178521e+03 5.269520541700089110e-16
5.436278679350845778e+03 5.267163505710383386e-16
5.439320089535513034e+03 5.327807363812551317e-16
5.442361499720180291e+03 5.423206850835356167e-16
5.445402909904846638e+03 5.372553232060499669e-16
5.448444320089513894e+03 4.965418205446199509e-16
5.451485730274181151e+03 4.944032197881374206e-16
5.454527140458847498e+03 4.964165109703196463e-16
5.457568550643514754e+03 5.102889204709360096e-16
5.460609960828182011e+03 5.267056596369801407e-16
5.463651371012849268e+03 5.297898430455337072e-16
5.466692781197515615e+03 5.273048447886342111e-16
5.469734191382182871e+03 5.332776044833672003e-16
5.472775601566850128e+03 5.408776866211815853e-16
5.475817011751516475e+03 5.387410275117439362e-16
5.478858421936183731e+03 5.616949716195618633e-16
5.481899832120850988e+03 5.601478294103553031e-16
5.484941242305518244e+03 5.563048771275562808e-16
5.487982652490184591e+03 5.321615953052603396e-16
5.491024062674851848e+03 5.121976011707086898e-16
5.494065472859519105e+03 5.421488375021137096e-16
5.497106883044185452e+03 5.560660665481703905e-16
5.500148293228852708e+03 5.426927354747505439e-16
5.503189703413519965e+03 5.603536149602254989e-16
5.506231113598187221e+03 5.762210780308408983e-16
5.509272523782854478e+03 5.568238524258662445e-16
5.512313933967520825e+03 5.579049656237243595e-16
5.515355344152188081e+03 6.113410496526845592e-16
5.518396754336854428e+03 6.076915058589341821e-16
5.521438164521521685e+03 6.011589640304578797e-16
5.524479574706188941e+03 6.261452192141118194e-16
5.527520984890856198e+03 6.102104907955568750e-16
5.530562395075523455e+03 6.243736296869346965e-16
5.533603805260189802e+03 6.638666919988172231e-16
5.536645215444857058e+03 6.643120418776284532e-16
5.539686625629523405e+03 6.809151057567370322e-16
5.542728035814190662e+03 6.973588486682589882e-16
5.545769445998857918e+03 7.093541715360713528e-16
5.548810856183525175e+03 7.077839664572542812e-16
5.551852266368192431e+03 7.060507617292313885e-16
5.554893676552858778e+03 6.872271606704753119e-16
5.557935086737526035e+03 6.892592604229922634e-16
5.560976496922192382e+03 7.097236451373968483e-16
5.564017907106859639e+03 6.706766798818399666e-16
5.567059317291526895e+03 6.722728167867787878e-16
5.570100727476194152e+03 6.738866969618891771e-16
5.573142137660861408e+03 6.755004964454476265e-16
5.576183547845527755e+03 6.771142152699189176e-16
5.579224958030195012e+03 6.787278534664594078e-16
5.582266368214861359e+03 6.803414667520397176e-16
5.585307778399528615e+03 6.819546653539850767e-16
5.588349188584195872e+03 6.637688553653371098e-16
5.591390598768863128e+03 6.718721257045723221e-16
5.594432008953530385e+03 6.907927823928442125e-16
5.597473419138196732e+03 6.728812115217512214e-16
5.600514829322863989e+03 6.826199376166490082e-16
5.603556239507531245e+03 6.864454052570747618e-16
5.606597649692197592e+03 6.575420871108703479e-16
5.609639059876864849e+03 6.475440823244236437e-16
5.612680470061532105e+03 6.531915628437032299e-16
5.615721880246199362e+03 6.518619719934126030e-16
5.618763290430865709e+03 6.187678028557961829e-16
5.621804700615532965e+03 6.355697040516139123e-16
5.624846110800200222e+03 6.353050441169169249e-16
5.627887520984866569e+03 5.964720174106280141e-16
5.630928931169533826e+03 5.876468006702102870e-16
5.633970341354201082e+03 5.749587380154208197e-16
5.637011751538868339e+03 5.591749950689626744e-16
5.640053161723534686e+03 5.410464843219843344e-16
5.643094571908201942e+03 5.379344656686725537e-16
5.646135982092869199e+03 5.200424634091024529e-16
5.649177392277535546e+03 4.737981066901744981e-16
5.652218802462202802e+03 4.947340474259291318e-16
5.655260212646870059e+03 5.388603165424928466e-16
5.658301622831537316e+03 5.422007955665856088e-16
5.661343033016203663e+03 5.175341190233001686e-16
5.664384443200870919e+03 4.917930521080617491e-16
5.667425853385538176e+03 5.048235495085041954e-16
5.670467263570204523e+03 4.949013879014641948e-16
5.673508673754871779e+03 4.901442251029790282e-16
5.676550083939539036e+03 4.867219328841399551e-16
5.679591494124206292e+03 4.703686338457307741e-16
5.682632904308872639e+03 4.864779797319883901e-16
5.685674314493539896e+03 4.727448560071154263e-16
5.688715724678207152e+03 4.504941151926758231e-16
5.691757134862873500e+03 4.631950369525573718e-16
5.694798545047540756e+03 4.474679641937928553e-16
5.697839955232208013e+03 4.160578271971113303e-16
5.700881365416875269e+03 4.079015381082176260e-16
5.703922775601541616e+03 3.971399002005240034e-16
5.706964185786208873e+03 3.755979402174144590e-16
5.710005595970876129e+03 3.587569258720637386e-16
5.713047006155542476e+03 3.499599814267323290e-16
5.716088416340209733e+03 3.354984358828289457e-16
5.719129826524876989e+03 2.965178179748863101e-16
5.722171236709544246e+03 2.948943288917168945e-16
5.725212646894210593e+03 2.987298702438269449e-16
5.728254057078877850e+03 2.481547249438167707e-16
5.731295467263545106e+03 2.392421152107465399e-16
5.734336877448211453e+03 2.191632481644785711e-16
5.737378287632878710e+03 2.053328117916362237e-16
5.740419697817545966e+03 1.917304418989547039e-16
5.743461108002213223e+03 1.797229707890267359e-16
5.746502518186880479e+03 1.530388476462518569e-16
5.749543928371546826e+03 1.481704137597233754e-16
5.752585338556214083e+03 1.587334115822153545e-16
5.755626748740880430e+03 1.600375566781951089e-16
5.758668158925547687e+03 1.457865802794789953e-16
5.761709569110214943e+03 1.441702740561537459e-16
5.764750979294882200e+03 1.208160392272395309e-16
5.767792389479549456e+03 1.491821414862101733e-16
5.770833799664215803e+03 1.597039355055890333e-16
5.773875209848883060e+03 1.547141402432816439e-16
5.776916620033549407e+03 1.539844011272054784e-16
5.779958030218216663e+03 1.623317488373104571e-16
5.782999440402883920e+03 1.600205269462723144e-16
5.786040850587551176e+03 1.795690899724346542e-16
5.789082260772218433e+03 2.106534492126659364e-16
5.792123670956884780e+03 1.954532412510813892e-16
5.795165081141552037e+03 1.923879497277076050e-16
5.798206491326218384e+03 2.097591521103437684e-16
5.801247901510885640e+03 2.384227949105341769e-16
5.804289311695552897e+03 2.396505466452167097e-16
5.807330721880220153e+03 2.486761418676534709e-16
5.810372132064887410e+03 2.851545484253387511e-16
5.813413542249553757e+03 3.511588110144669771e-16
5.816454952434221013e+03 3.243924602754255415e-16
5.819496362618887360e+03 3.336028961693136880e-16
5.822537772803554617e+03 3.719910008614246438e-16
5.825579182988221874e+03 3.988408371219717755e-16
5.828620593172889130e+03 4.089396632658388935e-16
5.831662003357556387e+03 4.351893833706007890e-16
5.834703413542222734e+03 4.728581520630992420e-16
5.837744823726889990e+03 4.905717503146714702e-16
5.840786233911557247e+03 5.259215016815101696e-16
5.843827644096223594e+03 5.610192607254207389e-16
5.846869054280890850e+03 5.700992574274971453e-16
5.849910464465558107e+03 6.096876094111302135e-16
5.852951874650225363e+03 6.519483293297973613e-16
5.855993284834891710e+03 6.463785894522536623e-16
5.859034695019558967e+03 6.665123733285413228e-16
5.862076105204225314e+03 7.009810458418400271e-16
5.865117515388892571e+03 7.173366527476057362e-16
5.868158925573559827e+03 7.386103979076222904e-16
5.871200335758227084e+03 7.610435758589014829e-16
5.874241745942894340e+03 7.699060358058722421e-16
5.877283156127560687e+03 7.807621035632003072e-16
5.880324566312227944e+03 8.232055040445569548e-16
5.883365976496894291e+03 8.193542962836219494e-16
5.886407386681561547e+03 8.152354188895352420e-16
5.889448796866228804e+03 8.700206718066399391e-16
5.892490207050896061e+03 8.461363378901806105e-16
5.895531617235563317e+03 8.658333848791986647e-16
5.898573027420230574e+03 8.757329498046377038e-16
5.901614437604896921e+03 8.847877043664000804e-16
5.904655847789563268e+03 9.108307134726127621e-16
5.907697257974230524e+03 8.917823935580687912e-16
5.910738668158897781e+03 9.038825025878985798e-16
5.913780078343565037e+03 9.440495091345905138e-16
5.916821488528232294e+03 8.737123266172010715e-16
5.919862898712899550e+03 9.100375418405051254e-16
5.922904308897565897e+03 8.910089175357934339e-16
5.925945719082232245e+03 9.088617582191530339e-16
5.928987129266899501e+03 9.382761049893531831e-16
5.932028539451566758e+03 9.431396637349667164e-16
5.935069949636234014e+03 9.503326412346392216e-16
5.938111359820901271e+03 9.616272128542564463e-16
5.941152770005568527e+03 9.367028235891355829e-16
5.944194180190234874e+03 9.118248059580627109e-16
5.947235590374901221e+03 9.225066981203819873e-16
5.950277000559568478e+03 9.336356079209716021e-16
5.953318410744235734e+03 9.037282269576619911e-16
5.956359820928902991e+03 8.856634004517696534e-16
5.959401231113570248e+03 8.866104419492491105e-16
5.962442641298237504e+03 8.987591315938885220e-16
5.965484051482903851e+03 8.653660119988166755e-16
5.968525461667571108e+03 8.540225948168252627e-16
5.971566871852237455e+03 8.467129792509490222e-16
5.974608282036904711e+03 8.542233799757689416e-16
5.977649692221571968e+03 8.029348605443704538e-16
5.980691102406239224e+03 8.004009588682955841e-16
5.983732512590906481e+03 8.174978646968837088e-16
5.986773922775572828e+03 7.759815896293619363e-16
5.989815332960240085e+03 7.715346274119764261e-16
5.992856743144906432e+03 7.733359967245813739e-16
5.995898153329573688e+03 7.654676144289019068e-16
5.998939563514240945e+03 7.764019071932023362e-16
6.001980973698908201e+03 7.701429453089898049e-16
6.005022383883575458e+03 7.296041565028748892e-16
6.008063794068241805e+03 7.239903108468485911e-16
6.011105204252909061e+03 7.151806618850122191e-16
6.014146614437575408e+03 7.063965377013529327e-16
6.017188024622242665e+03 6.981388390844185027e-16
6.020229434806909921e+03 6.901893731534477974e-16
6.023270844991577178e+03 6.767047587128037907e-16
6.026312255176244435e+03 6.665914459304730604e-16
6.029353665360910782e+03 6.637707731446967672e-16
6.032395075545578038e+03 6.492707728675256179e-16
6.035436485730244385e+03 6.499241647510486698e-16
6.038477895914911642e+03 6.348570958855856614e-16
6.041519306099578898e+03 6.358843605286778099e-16
6.044560716284246155e+03 6.425262078748925399e-16
6.047602126468913411e+03 6.120350519906359500e-16
6.050643536653579758e+03 6.013751575104859397e-16
6.053684946838247015e+03 5.742398616893899668e-16
6.056726357022913362e+03 5.642503033037062744e-16
6.059767767207580619e+03 5.708758451904612734e-16
6.062809177392247875e+03 5.520272502163733256e-16
6.065850587576915132e+03 5.765404768323261844e-16
6.068891997761582388e+03 5.659354776887275836e-16
6.071933407946248735e+03 5.554584301130708296e-16
6.074974818130915992e+03 5.346426458575138559e-16
6.078016228315582339e+03 5.084002892676221123e-16
6.081057638500249595e+03 5.352313020504003471e-16
6.084099048684916852e+03 5.281452999500503840e-16
6.087140458869584108e+03 5.026539598361967506e-16
6.090181869054251365e+03 4.846588850090705931e-16
6.093223279238917712e+03 4.967891681972292724e-16
6.096264689423584969e+03 5.096237947447793314e-16
6.099306099608251316e+03 4.932306466950700096e-16
6.102347509792918572e+03 5.018636131205978350e-16
6.105388919977585829e+03 5.165326110463203120e-16
6.108430330162253085e+03 5.044677659877623209e-16
6.111471740346920342e+03 5.040759705241092600e-16
6.114513150531586689e+03 5.019125362956627617e-16
6.117554560716253945e+03 4.865008837290690112e-16
6.120595970900920292e+03 4.863442446066388042e-16
6.123637381085587549e+03 4.661776361021912758e-16
6.126678791270254806e+03 4.735380632138055756e-16
6.129720201454922062e+03 4.566109200157242366e-16
6.132761611639589319e+03 4.782262225200534086e-16
6.135803021824255666e+03 4.861209094901716536e-16
6.138844432008922922e+03 4.986550374587983939e-16
6.141885842193589269e+03 4.753064617633323731e-16
6.144927252378256526e+03 4.933172409840749899e-16
6.147968662562923782e+03 5.019489236200053844e-16
6.151010072747591039e+03 4.800700498460443476e-16
6.154051482932258295e+03 5.061364929466423131e-16
6.157092893116925552e+03 4.978637699680839498e-16
6.160134303301591899e+03 5.069683051655815507e-16
6.163175713486258246e+03 4.868427681193977397e-16
6.166217123670925503e+03 4.887996414406920767e-16
6.169258533855592759e+03 4.642263580234336821e-16
6.172299944040260016e+03 4.919699454016707118e-16
6.175341354224927272e+03 4.915870610598694382e-16
6.178382764409594529e+03 4.825279929921182934e-16
6.181424174594260876e+03 4.693989738519101621e-16
6.184465584778927223e+03 4.665575537572158872e-16
6.187506994963594479e+03 4.724170596831207173e-16
6.190548405148261736e+03 4.718501683595354812e-16
6.193589815332928993e+03 4.643596035080354442e-16
6.196631225517596249e+03 4.597097145251024628e-16
6.199672635702263506e+03 4.704924896759972982e-16
6.202714045886929853e+03 4.810153749560179665e-16
6.205755456071597109e+03 4.961395094751738978e-16
6.208796866256263456e+03 5.109260007234883292e-16
6.211838276440930713e+03 5.094766764358179163e-16
6.214879686625597969e+03 4.910437397650536600e-16
6.217921096810265226e+03 5.088601379835014516e-16
6.220962506994932482e+03 5.253019354571469880e-16
6.224003917179598830e+03 5.286953796113292535e-16
6.227045327364266086e+03 5.311337368213132153e-16
6.230086737548932433e+03 5.170436682239256685e-16
6.233128147733599690e+03 5.126032911804633766e-16
6.236169557918266946e+03 5.146285453759703266e-16
6.239210968102934203e+03 5.430660939462832664e-16
6.242252378287601459e+03 5.365820447382637030e-16
6.245293788472267806e+03 5.309092298878851390e-16
6.248335198656935063e+03 5.474404683581926988e-16
6.251376608841601410e+03 5.170779181534985794e-16
6.254418019026268666e+03 5.212660714224276441e-16
6.257459429210935923e+03 5.423343569660304892e-16
6.260500839395603180e+03 5.470193184519728728e-16
6.263542249580270436e+03 5.316658098144495458e-16
6.266583659764936783e+03 5.535317486167712778e-16
6.269625069949604040e+03 5.776206595077276085e-16
6.272666480134270387e+03 5.773669788972256077e-16
6.275707890318937643e+03 5.604775404582547599e-16
6.278749300503604900e+03 5.363230438382466649e-16
6.281790710688272156e+03 5.531219920489837056e-16
6.284832120872939413e+03 5.950175347815030846e-16
6.287873531057605760e+03 5.912922749771029911e-16
6.290914941242273017e+03 5.741927141755230822e-16
6.293956351426939364e+03 5.700157774783583034e-16
6.296997761611606620e+03 5.658397153627084746e-16
6.300039171796273877e+03 5.616633120088287092e-16
6.303080581980941133e+03 5.574871196257524931e-16
6.306121992165608390e+03 5.533112483984861285e-16
6.309163402350274737e+03 5.688753832673499794e-16
6.312204812534941993e+03 5.821441428553995602e-16
6.315246222719608340e+03 5.851806891234503510e-16
6.318287632904275597e+03 5.722085039504272278e-16
6.321329043088942854e+03 5.893076844990961310e-16
6.324370453273610110e+03 5.738206900340878609e-16
6.327411863458277367e+03 5.860753305192045845e-16
6.330453273642943714e+03 6.132807943989412708e-16
6.333494683827610970e+03 5.926354092775308514e-16
6.336536094012277317e+03 5.660739907301685866e-16
6.339577504196944574e+03 5.641796253902130025e-16
6.342618914381611830e+03 5.525232723077749652e-16
6.345660324566279087e+03 5.520324479867354339e-16
6.348701734750946343e+03 5.702618611650753581e-16
6.351743144935612690e+03 5.310199337725880565e-16
6.354784555120279947e+03 5.175586798498955605e-16
6.357825965304946294e+03 4.875784986698784555e-16
6.360867375489613551e+03 5.092548725868337184e-16
6.363908785674280807e+03 5.696762350161940395e-16
6.366950195858948064e+03 5.237386877198834858e-16
6.369991606043615320e+03 5.004180386158314370e-16
6.373033016228281667e+03 5.039319327308514007e-16
6.376074426412948924e+03 4.841345761199618061e-16
6.379115836597615271e+03 4.964711111845339681e-16
6.382157246782282527e+03 4.889940491403050500e-16
6.385198656966949784e+03 4.950557944492790145e-16
6.388240067151617041e+03 5.019228345374923909e-16
6.391281477336284297e+03 5.153373225452470865e-16
6.394322887520951554e+03 4.868212091497001120e-16
6.397364297705617901e+03 4.964707954422166033e-16
6.400405707890284248e+03 4.937301724984734620e-16
6.403447118074951504e+03 4.887020237678210223e-16
6.406488528259618761e+03 4.942387911637895738e-16
6.409529938444286017e+03 4.741161695740393689e-16
6.412571348628953274e+03 4.726993487679963710e-16
6.415612758813620530e+03 4.726884669165511531e-16
6.418654168998286877e+03 4.663382099077080344e-16
6.421695579182953225e+03 4.546704456165811473e-16
6.424736989367620481e+03 4.871327441503548851e-16
6.427778399552287738e+03 4.929672889068215017e-16
6.430819809736954994e+03 4.839898000470894130e-16
6.433861219921622251e+03 4.891633899694836316e-16
6.436902630106289507e+03 5.120716310720398414e-16
6.439944040290955854e+03 4.874532191084359867e-16
6.442985450475622201e+03 4.930193782761005733e-16
6.446026860660289458e+03 5.073784598280000757e-16
6.449068270844956714e+03 4.879183298074115940e-16
6.452109681029623971e+03 4.981818923636019025e-16
6.455151091214291228e+03 4.826151923926406839e-16
6.458192501398958484e+03 4.669522134708155392e-16
6.461233911583624831e+03 4.792108087989721923e-16
6.464275321768292088e+03 4.787659762415529980e-16
6.467316731952958435e+03 5.109241600945425812e-16
6.470358142137625691e+03 4.825172133773039552e-16
6.473399552322292948e+03 4.926838912645913041e-16
6.476440962506960204e+03 4.804331969960219275e-16
6.479482372691627461e+03 4.661983772519125723e-16
6.482523782876293808e+03 4.767821066822535170e-16
6.485565193060961064e+03 4.865960821468017034e-16
6.488606603245627412e+03 4.954758133537110712e-16
6.491648013430294668e+03 4.997820266122648837e-16
6.494689423614961925e+03 4.888356972985194590e-16
6.497730833799629181e+03 4.906398672207745429e-16
6.500772243984296438e+03 5.332596387216405268e-16
6.503813654168962785e+03 5.218329572849423189e-16
6.506855064353630041e+03 5.156300871399607698e-16
6.509896474538296388e+03 5.075887034714076253e-16
6.512937884722963645e+03 4.923888649232587308e-16
6.515979294907630901e+03 4.959450174438155636e-16
6.519020705092298158e+03 4.902701469694511546e-16
6.522062115276965415e+03 4.777748008865397280e-16
6.525103525461631762e+03 4.739813123764776183e-16
6.528144935646299018e+03 4.562017325734882913e-16
6.531186345830965365e+03 4.640484769533471951e-16
6.534227756015632622e+03 4.611085996970578567e-16
6.537269166200299878e+03 4.212073106602743947e-16
6.540310576384967135e+03 4.147450319012291239e-16
6.543351986569634391e+03 3.813909372159449928e-16
6.546393396754300738e+03 3.692380843107345691e-16
6.549434806938967995e+03 3.577106051023122402e-16
6.552476217123634342e+03 3.634931639590900365e-16
6.555517627308301599e+03 3.105947197155542825e-16
6.558559037492968855e+03 2.894265747201943174e-16
6.561600447677636112e+03 2.952920227548045797e-16
6.564641857862303368e+03 2.865213606733624205e-16
6.567683268046969715e+03 2.768614910962202973e-16
6.570724678231636972e+03 2.319148517797169620e-16
6.573766088416303319e+03 2.715175197207027859e-16
6.576807498600970575e+03 2.917710315248502009e-16
6.579848908785637832e+03 2.732706653585998773e-16
6.582890318970305088e+03 2.593294381167938922e-16
6.585931729154972345e+03 2.742571642537656978e-16
6.588973139339638692e+03 3.357999796426911794e-16
6.592014549524305949e+03 3.722209419288807182e-16
6.595055959708972296e+03 3.365210444826073355e-16
6.598097369893639552e+03 3.098378773784848614e-16
6.601138780078306809e+03 3.184617395557649957e-16
6.604180190262974065e+03 3.188137603857539304e-16
6.607221600447641322e+03 3.359390393855437840e-16
6.610263010632307669e+03 3.598960819101076690e-16
6.613304420816974925e+03 3.548363446208371423e-16
6.616345831001641272e+03 3.364617781640865036e-16
6.619387241186308529e+03 3.182936625555044232e-16
6.622428651370975786e+03 3.530031582856798143e-16
6.625470061555643042e+03 3.823574403500743148e-16
6.628511471740310299e+03 3.938517643917749872e-16
6.631552881924976646e+03 4.291555702743178156e-16
6.634594292109643902e+03 4.238565748124654519e-16
6.637635702294310249e+03 4.601971154012137594e-16
6.640677112478977506e+03 4.683174206274257042e-16
6.643718522663644762e+03 4.725851673099872079e-16
6.646759932848312019e+03 4.623957872193145621e-16
6.649801343032979275e+03 5.082177965840716531e-16
6.652842753217646532e+03 5.186442577107134304e-16
6.655884163402312879e+03 5.327191687998445297e-16
6.658925573586979226e+03 5.276326123829841990e-16
6.661966983771646483e+03 5.440730325239115868e-16
6.665008393956313739e+03 5.749595269418137232e-16
6.668049804140980996e+03 5.787173633184418542e-16
6.671091214325648252e+03 5.761685619219392110e-16
6.674132624510315509e+03 5.839276452111853953e-16
6.677174034694981856e+03 5.865939176471126162e-16
6.680215444879648203e+03 5.696173395246709350e-16
6.683256855064315459e+03 5.872096989528943203e-16
6.686298265248982716e+03 5.883865960722747690e-16
6.689339675433649973e+03 5.855602721835149642e-16
6.692381085618317229e+03 5.974335261861035319e-16
6.695422495802984486e+03 5.692503775747219518e-16
6.698463905987650833e+03 5.975364507230532321e-16
6.701505316172318089e+03 6.078127143620215760e-16
6.704546726356984436e+03 5.791935861952707982e-16
6.707588136541651693e+03 5.667055717115344138e-16
6.710629546726318949e+03 6.021021690966198275e-16
6.713670956910986206e+03 5.970634443189010974e-16
6.716712367095653462e+03 5.732113697592458144e-16
6.719753777280319810e+03 6.054587979111195947e-16
6.722795187464987066e+03 6.002312455392400375e-16
6.725836597649653413e+03 5.904461362879097613e-16
6.728878007834320670e+03 5.752391197257078528e-16
6.731919418018987926e+03 5.746981094645432025e-16
6.734960828203655183e+03 5.753911777673950069e-16
6.738002238388322439e+03 5.595295510044241729e-16
6.741043648572988786e+03 5.614966549793609962e-16
6.744085058757656043e+03 5.700449921739874320e-16
6.747126468942322390e+03 5.698478896258583258e-16
6.750167879126989646e+03 5.655720727246043384e-16
6.753209289311656903e+03 5.403453580372966552e-16
6.756250699496324160e+03 5.436317369456870679e-16
6.759292109680991416e+03 5.412834656325339755e-16
6.762333519865657763e+03 5.221414091051746465e-16
6.765374930050325020e+03 5.154998225203341000e-16
6.768416340234991367e+03 5.302416493122637781e-16
6.771457750419658623e+03 5.238487894033889775e-16
6.774499160604325880e+03 4.932104282930074574e-16
6.777540570788993136e+03 5.067202200262690070e-16
6.780581980973660393e+03 5.090125974148261828e-16
6.783623391158326740e+03 4.347264325501389807e-16
6.786664801342993997e+03 4.302874399393770295e-16
6.789706211527660344e+03 4.675416840716497442e-16
6.792747621712327600e+03 4.786016895873254806e-16
6.795789031896994857e+03 4.356639318061477225e-16
6.798830442081662113e+03 4.241260243464237869e-16
6.801871852266329370e+03 4.295727516648339893e-16
6.804913262450995717e+03 4.326283615657390041e-16
6.807954672635662973e+03 4.382796683356568293e-16
6.810996082820329320e+03 4.291222808062299885e-16
6.814037493004996577e+03 4.528948881909505038e-16
6.817078903189663833e+03 4.332114018940412650e-16
6.820120313374331090e+03 3.848504928814892801e-16
6.823161723558998347e+03 4.032296537059625894e-16
6.826203133743664694e+03 4.038707333504589705e-16
6.829244543928331950e+03 4.103722006593761410e-16
6.832285954112998297e+03 4.215991509815111834e-16
6.835327364297665554e+03 3.833954883060057142e-16
6.838368774482332810e+03 3.796555055605166962e-16
6.841410184667000067e+03 3.827352910279548273e-16
6.844451594851667323e+03 3.924873755537171214e-16
6.847493005036333670e+03 3.730220023061856313e-16
6.850534415221000927e+03 3.723710732317577082e-16
6.853575825405667274e+03 3.491506036115559991e-16
6.856617235590334531e+03 3.448537454228965861e-16
6.859658645775001787e+03 3.512678855677921745e-16
6.862700055959669044e+03 3.493833100507548817e-16
6.865741466144336300e+03 3.527699805568276905e-16
6.868782876329002647e+03 3.304320549054812520e-16
6.871824286513669904e+03 2.876124245154421502e-16
6.874865696698336251e+03 2.747180972571012001e-16
6.877907106883003507e+03 2.958649828184739250e-16
6.880948517067670764e+03 3.093372541965119025e-16
6.883989927252338020e+03 3.232933925872941191e-16
6.887031337437005277e+03 3.117907706328036026e-16
6.890072747621672534e+03 3.027579816111929636e-16
6.893114157806338881e+03 3.050489748744613500e-16
6.896155567991005228e+03 2.770006281577298389e-16
6.899196978175672484e+03 2.698216125511923099e-16
6.902238388360339741e+03 2.863955087819654323e-16
6.905279798545006997e+03 2.759029729678560122e-16
6.908321208729674254e+03 2.911371857244705752e-16
6.911362618914341510e+03 3.048820708154454271e-16
6.914404029099007857e+03 2.718814457487796502e-16
6.917445439283674204e+03 2.646824433812327678e-16
6.920486849468341461e+03 2.753717580111095920e-16
6.923528259653008718e+03 2.703303873437859928e-16
6.926569669837675974e+03 2.483618458047721999e-16
6.929611080022343231e+03 2.512911440382185932e-16
6.932652490207010487e+03 2.374050951232727218e-16
6.935693900391676834e+03 2.213907479819495635e-16
6.938735310576343181e+03 2.389193236385760779e-16
6.941776720761010438e+03 2.212056261542710121e-16
6.944818130945677694e+03 2.082485590331330207e-16
6.947859541130344951e+03 2.375968531783221456e-16
6.950900951315012207e+03 2.514650460901365254e-16
6.953942361499679464e+03 2.223261795363020903e-16
6.956983771684345811e+03 2.507132486617456855e-16
6.960025181869013068e+03 2.385645699049833712e-16
6.963066592053679415e+03 2.352312689878454053e-16
6.966108002238346671e+03 2.721093031907401429e-16
6.969149412423013928e+03 2.835802358115038481e-16
6.972190822607681184e+03 2.437345942820817794e-16
6.975232232792348441e+03 3.338615870423988734e-16
6.978273642977014788e+03 3.205993535849400666e-16
6.981315053161682044e+03 3.246252683356992509e-16
6.984356463346348391e+03 3.661411673652987527e-16
6.987397873531015648e+03 3.613874396563375870e-16
6.990439283715682905e+03 3.737887762943458444e-16
6.993480693900350161e+03 4.069429246844825359e-16
6.996522104085017418e+03 4.340537569480679817e-16
6.999563514269683765e+03 4.799629920004219488e-16
7.002604924454351021e+03 4.998610731223612654e-16
7.005646334639017368e+03 4.813834515843206464e-16
7.008687744823684625e+03 5.284074849413820149e-16
7.011729155008351881e+03 5.695128253667064716e-16
7.014770565193019138e+03 5.689692081099982307e-16
7.017811975377686394e+03 6.268427193451039950e-16
7.020853385562352742e+03 5.890872504711102723e-16
7.023894795747019998e+03 6.129555578099301534e-16
7.026936205931686345e+03 6.302010228016067462e-16
7.029977616116353602e+03 6.145845502061215535e-16
7.033019026301020858e+03 6.733443949957120572e-16
7.036060436485688115e+03 7.032356562935164840e-16
7.039101846670355371e+03 6.898986811481479691e-16
7.042143256855021718e+03 6.807333315207135067e-16
7.045184667039688975e+03 7.210722671824297311e-16
7.048226077224355322e+03 7.374211988921581989e-16
7.051267487409022579e+03 7.278288583878199011e-16
7.054308897593689835e+03 7.485852085695824590e-16
7.057350307778357092e+03 7.657548861186812602e-16
7.060391717963024348e+03 7.630592411583317565e-16
7.063433128147690695e+03 7.555956021030894617e-16
7.066474538332357952e+03 7.424121414410779645e-16
7.069515948517024299e+03 7.333890007595645380e-16
7.072557358701691555e+03 7.289447147579761995e-16
7.075598768886358812e+03 7.240682243136051981e-16
7.078640179071026068e+03 6.931126207901125881e-16
7.081681589255693325e+03 7.406892292118489239e-16
7.084722999440359672e+03 7.666448322892526409e-16
7.087764409625026929e+03 7.888875086086181208e-16
7.090805819809693276e+03 8.232751639392650089e-16
7.093847229994360532e+03 7.497217788781464681e-16
7.096888640179027789e+03 7.711855616622760884e-16
7.099930050363695045e+03 7.899970406853788798e-16
7.102971460548362302e+03 7.648365947148144976e-16
7.106012870733028649e+03 7.481811972129799040e-16
7.109054280917695905e+03 7.476284907749711924e-16
7.112095691102362252e+03 7.622965562558385672e-16
7.115137101287029509e+03 7.424729503331784349e-16
7.118178511471696766e+03 7.153434524167579907e-16
7.121219921656364022e+03 7.185677683331477209e-16
7.124261331841031279e+03 7.330494270337608746e-16
7.127302742025697626e+03 7.294361289227561829e-16
7.130344152210364882e+03 7.016186424699303950e-16
7.133385562395031229e+03 6.885611751717400245e-16
7.136426972579698486e+03 6.687106666574026311e-16
7.139468382764365742e+03 6.645035307210943078e-16
7.142509792949032999e+03 6.773959799034266192e-16
7.145551203133700255e+03 6.807238452361563030e-16
7.148592613318367512e+03 6.539247042249293939e-16
7.151634023503033859e+03 6.446731320116133633e-16
7.154675433687700206e+03 5.845742601580185751e-16
7.157716843872367463e+03 5.911071398797427669e-16
7.160758254057034719e+03 5.750177464585291041e-16
7.163799664241701976e+03 5.554524849596088716e-16
7.166841074426369232e+03 5.228886986342897248e-16
7.169882484611036489e+03 5.236944148896315847e-16
7.172923894795702836e+03 5.037659850161732584e-16
7.175965304980369183e+03 4.696143559809526352e-16
7.179006715165036439e+03 4.949616768102161335e-16
7.182048125349703696e+03 4.881213979821022610e-16
7.185089535534370953e+03 4.746218697169388274e-16
7.188130945719038209e+03 4.611207987790245996e-16
7.191172355903705466e+03 4.476204044032362806e-16
7.194213766088371813e+03 4.341206583040942745e-16
7.197255176273039069e+03 4.588750384925880598e-16
7.200296586457705416e+03 4.767174460790201674e-16
7.203337996642372673e+03 4.628321722150133210e-16
7.206379406827039929e+03 4.815040759495388461e-16
7.209420817011707186e+03 4.891716005766587287e-16
7.212462227196374442e+03 4.794507763698310175e-16
7.215503637381040789e+03 4.883969552995527357e-16
7.218545047565708046e+03 4.754132690625313782e-16
7.221586457750374393e+03 4.956516222696225221e-16
7.224627867935041650e+03 4.961437698227202980e-16
7.227669278119708906e+03 5.221144698282985091e-16
7.230710688304376163e+03 5.008553716938730619e-16
7.233752098489043419e+03 4.493391172594846736e-16
7.236793508673709766e+03 4.863119763002090708e-16
7.239834918858377023e+03 5.456400636980259149e-16
7.242876329043043370e+03 5.337510326846446854e-16
7.245917739227710626e+03 5.249242650714383357e-16
7.248959149412377883e+03 5.430118003004443747e-16
7.252000559597045140e+03 5.154410558811811562e-16
7.255041969781712396e+03 5.539510184628628863e-16
7.258083379966378743e+03 5.602917904025391066e-16
7.261124790151046000e+03 5.611504603181016254e-16
7.264166200335712347e+03 5.678103971291651445e-16
7.267207610520379603e+03 5.588840999798165728e-16
7.270249020705046860e+03 5.333790990473346579e-16
7.273290430889714116e+03 5.602290904868190809e-16
7.276331841074381373e+03 6.084511410948354462e-16
7.279373251259047720e+03 5.814498617583020677e-16
7.282414661443714976e+03 6.030800028968058406e-16
7.285456071628381324e+03 6.233379989674822002e-16
7.288497481813048580e+03 5.923731648174733851e-16
7.291538891997715837e+03 6.083370648436175716e-16
7.294580302182383093e+03 6.367011183005443967e-16
7.297621712367050350e+03 6.222738583452507022e-16
7.300663122551716697e+03 5.994455090567741302e-16
7.303704532736383953e+03 5.942773074756744451e-16
7.306745942921050300e+03 6.223888524153536982e-16
7.309787353105717557e+03 6.151821235470130548e-16
7.312828763290384813e+03 5.560064550893924197e-16
7.315870173475052070e+03 6.182133753468448099e-16
7.318911583659719327e+03 6.920460334872336849e-16
7.321952993844385674e+03 6.568253979270280648e-16
7.324994404029052930e+03 6.517330213814846635e-16
7.328035814213719277e+03 6.748280799477362029e-16
7.331077224398386534e+03 6.670904874134523640e-16
7.334118634583053790e+03 6.326614243850138491e-16
7.337160044767721047e+03 6.549649140733379132e-16
7.340201454952388303e+03 7.004657547677267064e-16
7.343242865137054650e+03 6.760235180235276835e-16
7.346284275321721907e+03 6.684088229713994766e-16
7.349325685506388254e+03 6.575899295218787172e-16
7.352367095691055511e+03 6.336206344977730984e-16
7.355408505875722767e+03 6.575132545367368133e-16
7.358449916060390024e+03 6.874945478755345959e-16
7.361491326245057280e+03 6.516027405974207100e-16
7.364532736429723627e+03 5.957220513876183333e-16
7.367574146614390884e+03 6.328292428533004368e-16
7.370615556799057231e+03 6.924233453246995933e-16
7.373656966983724487e+03 6.327366024007378523e-16
7.376698377168391744e+03 6.336917949146795859e-16
7.379739787353059000e+03 6.079087584804840726e-16
7.382781197537726257e+03 6.100326831553922318e-16
7.385822607722393514e+03 5.990186143865077768e-16
7.388864017907059861e+03 5.430882004492291133e-16
7.391905428091726208e+03 5.809598507267197728e-16
7.394946838276393464e+03 5.757020569735113635e-16
7.397988248461060721e+03 5.702131181182688284e-16
7.401029658645727977e+03 5.220267220213559073e-16
7.404071068830395234e+03 4.926223370662721249e-16
7.407112479015062490e+03 5.247511606657602313e-16
7.410153889199728837e+03 4.912532054612921928e-16
7.413195299384395184e+03 4.848800351469586689e-16
7.416236709569062441e+03 5.228485941935131441e-16
7.419278119753729698e+03 5.170067364733892265e-16
7.422319529938396954e+03 5.275301295404062754e-16
7.425360940123064211e+03 5.329353614486630673e-16
7.428402350307731467e+03 5.399584277505664701e-16
7.431443760492397814e+03 4.928920674050479000e-16
7.434485170677064161e+03 4.986688036640551761e-16
7.437526580861731418e+03 5.188875168372106932e-16
7.440567991046398674e+03 5.411523697715948847e-16
7.443609401231065931e+03 4.813124266261059853e-16
7.446650811415733187e+03 4.953377786853264064e-16
7.449692221600400444e+03 4.819652757403259254e-16
7.452733631785066791e+03 4.749695117693200458e-16
7.455775041969734048e+03 5.038192222200751851e-16
7.458816452154400395e+03 4.977103850082191273e-16
7.461857862339067651e+03 4.737949061322626654e-16
7.464899272523734908e+03 4.677785275751194269e-16
7.467940682708402164e+03 4.810593121809454996e-16
7.470982092893069421e+03 5.061841544433505718e-16
7.474023503077735768e+03 4.876778475199450280e-16
7.477064913262403024e+03 4.529603447911566733e-16
7.480106323447069371e+03 4.534131566399158306e-16
7.483147733631736628e+03 4.475373414549264958e-16
7.486189143816403885e+03 4.434163235380181222e-16
7.489230554001071141e+03 4.389515070237101298e-16
7.492271964185738398e+03 4.462416110389477938e-16
7.495313374370404745e+03 4.597881586913007210e-16
7.498354784555072001e+03 4.625107179813025416e-16
7.501396194739738348e+03 4.424011391546154775e-16
7.504437604924405605e+03 4.250940386301361684e-16
7.507479015109072861e+03 4.115527287744718987e-16
7.510520425293740118e+03 4.313141576390083773e-16
7.513561835478407374e+03 4.201456381003898866e-16
7.516603245663073722e+03 3.909684584119314918e-16
7.519644655847740978e+03 4.093674282013184996e-16
7.522686066032407325e+03 4.412424575096376600e-16
7.525727476217074582e+03 4.385882369660420578e-16
7.528768886401741838e+03 4.558591723230639491e-16
7.531810296586409095e+03 4.470505932837165743e-16
7.534851706771076351e+03 4.092789525573707551e-16
7.537893116955742698e+03 4.189281151964442919e-16
7.540934527140409955e+03 4.142437659465012131e-16
7.543975937325076302e+03 4.348387455894309626e-16
7.547017347509743558e+03 3.822518178689200391e-16
7.550058757694410815e+03 3.943610955240730988e-16
7.553100167879078072e+03 3.860741336011783090e-16
7.556141578063745328e+03 3.730319775355923273e-16
7.559182988248411675e+03 3.853913388107410495e-16
7.562224398433078932e+03 4.094564901113519986e-16
7.565265808617745279e+03 3.880615903962898455e-16
7.568307218802412535e+03 3.812005705331824652e-16
7.571348628987079792e+03 4.096459648754283094e-16
7.574390039171747048e+03 3.695692951109169857e-16
7.577431449356414305e+03 3.445250162719159457e-16
7.580472859541080652e+03 3.642210867537104482e-16
7.583514269725747909e+03 3.576978476391688860e-16
7.586555679910414256e+03 3.527608599073199173e-16
7.589597090095081512e+03 3.403969459044326538e-16
7.592638500279748769e+03 2.928406264413146723e-16
7.595679910464416025e+03 2.599295090267353687e-16
7.598721320649083282e+03 2.569682139912933606e-16
7.601762730833749629e+03 2.540070481062788011e-16
7.604804141018416885e+03 2.510460111967815060e-16
7.607845551203083232e+03 2.480851030880962963e-16
7.610886961387750489e+03 2.451247880924085598e-16
7.613928371572417745e+03 2.421641370523319568e-16
7.616969781757085002e+03 2.392036142901904139e-16
7.620011191941752259e+03 2.362432469531307327e-16
7.623052602126418606e+03 2.332829802248369662e-16
7.626094012311085862e+03 2.243280098852576688e-16
7.629135422495752209e+03 2.303387784160572665e-16
7.632176832680419466e+03 2.274665257010410250e-16
7.635218242865086722e+03 2.257573181863899780e-16
7.638259653049753979e+03 2.478279821391625918e-16
7.641301063234421235e+03 2.788108372907419103e-16
7.644342473419088492e+03 2.657080565948496449e-16
7.647383883603754839e+03 2.511340422083697711e-16
7.650425293788421186e+03 2.689381535259017005e-16
7.653466703973088443e+03 2.512890125379888958e-16
7.656508114157755699e+03 2.586913553306754257e-16
7.659549524342422956e+03 2.973994681381079178e-16
7.662590934527090212e+03 2.868619765341075946e-16
7.665632344711757469e+03 2.727423668335115748e-16
7.668673754896423816e+03 2.728954332084113328e-16
7.671715165081090163e+03 2.907383988905962232e-16
7.674756575265757419e+03 3.172467779048181891e-16
7.677797985450424676e+03 3.001294116764298707e-16
7.680839395635091932e+03 3.436870207852757924e-16
7.683880805819759189e+03 3.261806430881525434e-16
7.686922216004426446e+03 3.186941620164232831e-16
7.689963626189092793e+03 3.232462006170166985e-16
7.693005036373760049e+03 3.161079675970177569e-16
7.696046446558426396e+03 3.347577987090957303e-16
7.699087856743093653e+03 3.305449931719476578e-16
7.702129266927760909e+03 3.109861126711436303e-16
7.705170677112428166e+03 3.227634183038877378e-16
7.708212087297095422e+03 3.270357150916648164e-16
7.711253497481761769e+03 3.313085537790764443e-16
7.714294907666429026e+03 3.355811973591515017e-16
7.717336317851095373e+03 3.398537006728136135e-16
7.720377728035762630e+03 2.970689948920940310e-16
7.723419138220429886e+03 3.418482253154174515e-16
7.726460548405097143e+03 3.030677162741407009e-16
7.729501958589764399e+03 3.054317353743173575e-16
7.732543368774430746e+03 3.122829020455269162e-16
7.735584778959098003e+03 3.553594177410346019e-16
7.738626189143764350e+03 3.484146002791354095e-16
7.741667599328431606e+03 3.225576071735873496e-16
7.744709009513098863e+03 3.030994301185299391e-16
7.747750419697766119e+03 3.445876233496340872e-16
7.750791829882433376e+03 3.799344900825238467e-16
7.753833240067099723e+03 3.528595001955933973e-16
7.756874650251766980e+03 3.752873171601693915e-16
7.759916060436433327e+03 3.790444217218366252e-16
7.762957470621100583e+03 3.512820954644050065e-16
7.765998880805767840e+03 3.835534032742106432e-16
7.769040290990435096e+03 3.659004956888054357e-16
7.772081701175102353e+03 4.262365205549176319e-16
7.775123111359768700e+03 4.461201777536081384e-16
7.778164521544435956e+03 3.805228024346551574e-16
7.781205931729102304e+03 4.091922244281622661e-16
7.784247341913769560e+03 4.106590213250263222e-16
7.787288752098436817e+03 3.741232359174054568e-16
7.790330162283104073e+03 4.145512919625548982e-16
7.793371572467771330e+03 4.475521261209807703e-16
7.796412982652437677e+03 4.174298850315929245e-16
7.799454392837104933e+03 3.953658160236216876e-16
7.802495803021771280e+03 4.008282239934314525e-16
7.805537213206438537e+03 4.045073686421627835e-16
7.808578623391105793e+03 4.075463118764226705e-16
7.811620033575773050e+03 3.949882643971077794e-16
7.814661443760440307e+03 3.701303011271198826e-16
7.817702853945106654e+03 3.760570381648638353e-16
7.820744264129773910e+03 4.128664351917483635e-16
7.823785674314440257e+03 4.388155647761980007e-16
7.826827084499107514e+03 3.767391666166620424e-16
7.829868494683774770e+03 3.725821502395913443e-16
7.832909904868442027e+03 3.951952677544845623e-16
7.835951315053109283e+03 4.089564099195882018e-16
7.838992725237775630e+03 3.646884714919643421e-16
7.842034135422442887e+03 3.595469892039017836e-16
7.845075545607109234e+03 3.346254828512727118e-16
7.848116955791776491e+03 3.701435078376965082e-16
7.851158365976443747e+03 4.009375035602517058e-16
7.854199776161111004e+03 4.054500268513485266e-16
7.857241186345778260e+03 4.138419529227760286e-16
7.860282596530444607e+03 3.638246956328494677e-16
7.863324006715111864e+03 3.096741384677465594e-16
7.866365416899778211e+03 3.175598407595097637e-16
7.869406827084445467e+03 3.723932400676395777e-16
7.872448237269112724e+03 3.410891421588748936e-16
7.875489647453779980e+03 2.987209956300188502e-16
7.878531057638447237e+03 3.593517318168811614e-16
7.881572467823114494e+03 3.143494377543938101e-16
7.884613878007780841e+03 2.889147479464849955e-16
7.887655288192447188e+03 3.403360485927556614e-16
7.890696698377114444e+03 3.758098158292954211e-16
7.893738108561781701e+03 3.069302482823562487e-16
7.896779518746448957e+03 3.200476071087423271e-16
7.899820928931116214e+03 3.622933932829816202e-16
7.902862339115782561e+03 3.648265381484661330e-16
7.905903749300449817e+03 2.689516205781302396e-16
7.908945159485117074e+03 2.426798800071956963e-16
7.911986569669783421e+03 3.216757659609594473e-16
7.915027979854450678e+03 2.699710608738969388e-16
7.918069390039117934e+03 2.569917431726619825e-16
7.921110800223785191e+03 3.214011826173247092e-16
7.924152210408451538e+03 3.045146404711965729e-16
7.927193620593118794e+03 2.757360818316640102e-16
7.930235030777786051e+03 2.913211999549732982e-16
7.933276440962452398e+03 3.128438195884845692e-16
7.936317851147119654e+03 3.155589936213644732e-16
7.939359261331786911e+03 2.908335290432697308e-16
7.942400671516454167e+03 2.831872161941055375e-16
7.945442081701120514e+03 3.047815743427496474e-16
7.948483491885787771e+03 2.967254615471595844e-16
7.951524902070455028e+03 3.121025056000557010e-16
7.954566312255121375e+03 2.949445805512759982e-16
7.957607722439788631e+03 2.288706772335686248e-16
7.960649132624455888e+03 2.363838463915753432e-16
7.963690542809123144e+03 2.693749119153969064e-16
7.966731952993789491e+03 2.579342085999521122e-16
7.969773363178456748e+03 2.931680369701935686e-16
7.972814773363124004e+03 2.846063150605136944e-16
7.975856183547791261e+03 2.568132210440111493e-16
7.978897593732457608e+03 2.572950178102882999e-16
7.981939003917124865e+03 2.678179298484665839e-16
7.984980414101792121e+03 2.667420364401900253e-16
7.988021824286458468e+03 2.159731557975812309e-16
7.991063234471125725e+03 2.474596283855584395e-16
7.994104644655792981e+03 3.173933813063096791e-16
7.997146054840460238e+03 2.549208209623661864e-16
8.000187465025126585e+03 2.333126866475547345e-16
8.003228875209793841e+03 2.748159390010824337e-16
8.006270285394461098e+03 2.707314770342509932e-16
8.009311695579127445e+03 2.469273931618467828e-16
8.012353105763794701e+03 2.543905332275888272e-16
8.015394515948461958e+03 2.785145968124598709e-16
8.018435926133129215e+03 2.379755283988540396e-16
8.021477336317795562e+03 2.086037137003513127e-16
8.024518746502462818e+03 2.548871473360668716e-16
8.027560156687130075e+03 2.879952260994365951e-16
8.030601566871796422e+03 2.486391422677164452e-16
8.033642977056463678e+03 2.160425484676971426e-16
8.036684387241130935e+03 2.287615024562181895e-16
8.039725797425798191e+03 2.354536581563800901e-16
8.042767207610464538e+03 2.410596310780571493e-16
8.045808617795131795e+03 2.268912209707885023e-16
8.048850027979799052e+03 2.496490181805271334e-16
8.051891438164465399e+03 2.700364914133715518e-16
8.054932848349132655e+03 2.211959049270124668e-16
8.057974258533799912e+03 2.046603991825572921e-16
8.061015668718467168e+03 2.599382801149113008e-16
8.064057078903133515e+03 2.754631298468077203e-16
8.067098489087800772e+03 2.600228242825646980e-16
8.070139899272468028e+03 2.593592717389158445e-16
8.073181309457134375e+03 2.069651356066532418e-16
8.076222719641801632e+03 2.353015045538756625e-16
8.079264129826468888e+03 2.351746828249395262e-16
8.082305540011136145e+03 2.375002672304680356e-16
8.085346950195802492e+03 2.388642403703255021e-16
8.088388360380469749e+03 2.365234873456708111e-16
8.091429770565137005e+03 2.279111357349917461e-16
8.094471180749803352e+03 2.156736137355956485e-16
8.097512590934470609e+03 2.130446746733769030e-16
8.100554001119137865e+03 2.251584002381237153e-16
8.103595411303805122e+03 2.386789112283965648e-16
8.106636821488471469e+03 2.441355438985026934e-16
8.109678231673138725e+03 2.423382067637877571e-16
8.112719641857805982e+03 2.401350258409193170e-16
8.115761052042473239e+03 2.310808877949936854e-16
8.118802462227139586e+03 2.029021347757015160e-16
8.121843872411806842e+03 2.125429564092253946e-16
8.124885282596474099e+03 2.264235450950295293e-16
8.127926692781140446e+03 2.083993960657328205e-16
8.130968102965807702e+03 2.171168450834354927e-16
8.134009513150474959e+03 2.164257951232457028e-16
8.137050923335142215e+03 2.048041190418404900e-16
8.140092333519808562e+03 2.032054622436475508e-16
8.143133743704475819e+03 2.033013498302726553e-16
8.146175153889143076e+03 2.044670536544365373e-16
8.149216564073809423e+03 2.171789117250493842e-16
8.152257974258476679e+03 2.194198831604508619e-16
8.155299384443143936e+03 2.052194167882068029e-16
8.158340794627811192e+03 2.171247424647998431e-16
8.161382204812477539e+03 2.008227301339615031e-16
8.164423614997144796e+03 2.013521762448329223e-16
8.167465025181812052e+03 1.977796282792569666e-16
8.170506435366478399e+03 1.986675445893937130e-16
8.173547845551145656e+03 2.062765252772104116e-16
8.176589255735812912e+03 2.015355962961651225e-16
8.179630665920480169e+03 1.970057189509004415e-16
8.182672076105146516e+03 1.987517652383178159e-16
8.185713486289813773e+03 2.009128834829584728e-16
8.188754896474481029e+03 2.219213824212139100e-16
8.191796306659147376e+03 2.173169427423248147e-16
8.194837716843814633e+03 1.913778685377237968e-16
8.197879127028481889e+03 2.070152345201649557e-16
8.200920537213149146e+03 2.089793462142106529e-16
8.203961947397816402e+03 2.287047715631320033e-16
8.207003357582481840e+03 2.637416625352155580e-16
8.210044767767150915e+03 2.163534223740214825e-16
8.213086177951816353e+03 2.169243999913878617e-16
8.216127588136483610e+03 2.067555512348652287e-16
8.219168998321150866e+03 1.993130872634843295e-16
8.222210408505818123e+03 2.384251173354780317e-16
8.225251818690485379e+03 2.335769050670865617e-16
8.228293228875150817e+03 1.857890712159575233e-16
8.231334639059819892e+03 1.902365240760197157e-16
8.234376049244485330e+03 2.087262917513225782e-16
8.237417459429152586e+03 1.999831403092426445e-16
8.240458869613819843e+03 2.078761923337890118e-16
8.243500279798487099e+03 2.109360759293319108e-16
8.246541689983154356e+03 1.985159060800172055e-16
8.249583100167819794e+03 2.182923854587953717e-16
8.252624510352488869e+03 2.214410338804353811e-16
8.255665920537154307e+03 2.025368676795503928e-16
8.258707330721821563e+03 2.391936714985260698e-16
8.261748740906488820e+03 2.118708026104971845e-16
8.264790151091156076e+03 2.078971641145279442e-16
8.267831561275823333e+03 2.289541829489261859e-16
8.270872971460488770e+03 2.130928307077560061e-16
8.273914381645157846e+03 1.959692811096361436e-16
8.276955791829823283e+03 1.889120782677674230e-16
8.279997202014490540e+03 1.804515437991196783e-16
8.283038612199157797e+03 1.730558409647411964e-16
8.286080022383825053e+03 1.676924791286576144e-16
8.289121432568492310e+03 1.757840489985567636e-16
8.292162842753157747e+03 2.573832183835229476e-16
8.295204252937826823e+03 1.670576318201366019e-16
8.298245663122492260e+03 2.001030480147202095e-16
8.301287073307159517e+03 2.610264517398288035e-16
8.304328483491826773e+03 2.412241321673780304e-16
8.307369893676494030e+03 2.146353616259007952e-16
8.310411303861161286e+03 2.056493025075728194e-16
8.313452714045826724e+03 2.047027307650975845e-16
8.316494124230495800e+03 2.053482056595068729e-16
8.319535534415161237e+03 2.011599438334394047e-16
8.322576944599828494e+03 1.980956883016232368e-16
8.325618354784495750e+03 1.825261571860326512e-16
8.328659764969163007e+03 1.689662878654722466e-16
8.331701175153830263e+03 1.890860538115563473e-16
8.334742585338495701e+03 2.049476112636336794e-16
8.337783995523164776e+03 1.986192327869030424e-16
8.340825405707830214e+03 1.992174065123248072e-16
8.343866815892497470e+03 1.998157533618870523e-16
8.346908226077164727e+03 2.004139061699227771e-16
8.349949636261831984e+03 2.010120281586213416e-16
8.352991046446499240e+03 2.016103233356063396e-16
8.356032456631164678e+03 2.022084109550873101e-16
8.359073866815833753e+03 2.028066854038327046e-16
8.362115277000499191e+03 2.034047387518323233e-16
8.365156687185166447e+03 2.281591655026842039e-16
8.368198097369833704e+03 2.037516324450600874e-16
8.371239507554500960e+03 2.049379835109672091e-16
8.374280917739168217e+03 2.288551649048844454e-16
8.377322327923833654e+03 2.300768090298117400e-16
8.380363738108502730e+03 1.855229598832865645e-16
8.383405148293168168e+03 1.679727313236151165e-16
8.386446558477835424e+03 2.242335149747867288e-16
8.389487968662502681e+03 2.391632252715522875e-16
8.392529378847169937e+03 2.417998064414795074e-16
8.395570789031837194e+03 2.444362761965681967e-16
8.398612199216502631e+03 2.470735319512940361e-16
8.401653609401171707e+03 2.497098335936271096e-16
8.404695019585837144e+03 2.523469214377019686e-16
8.407736429770504401e+03 2.549830826184366092e-16
8.410777839955171657e+03 2.318050547995612581e-16
8.413819250139838914e+03 1.920973462789021035e-16
8.416860660324506171e+03 1.716498681218449386e-16
8.419902070509171608e+03 1.765573324808810345e-16
8.422943480693840684e+03 2.025019941223036171e-16
8.425984890878506121e+03 2.021807339597492200e-16
8.429026301063173378e+03 2.018595824406213467e-16
8.432067711247840634e+03 2.015384443924161024e-16
8.435109121432507891e+03 2.012172246489163453e-16
8.438150531617175147e+03 2.008961134926145118e-16
8.441191941801840585e+03 2.005749206098541415e-16
8.444233351986509660e+03 2.002538362769189411e-16
8.447274762171175098e+03 1.999327789210679082e-16
8.450316172355842355e+03 1.954225573199341526e-16
8.453357582540509611e+03 2.052377637523526459e-16
8.456398992725176868e+03 1.953493005258538037e-16
8.459440402909844124e+03 2.405537365073185898e-16
8.462481813094509562e+03 2.304895288961129749e-16
8.465523223279178637e+03 2.310544539986677068e-16
8.468564633463844075e+03 1.750841849226999271e-16
8.471606043648511331e+03 2.717596661017232028e-16
8.474647453833178588e+03 2.862170614326522437e-16
8.477688864017845845e+03 2.550109891504366381e-16
8.480730274202513101e+03 2.525238529143739960e-16
8.483771684387178539e+03 2.808582665337744276e-16
8.486813094571847614e+03 3.369450266410317841e-16
8.489854504756513052e+03 3.490496088778891866e-16
8.492895914941182127e+03 3.497042324700392303e-16
8.495937325125847565e+03 3.358223011733713649e-16
8.498978735310514821e+03 3.622666118260528437e-16
8.502020145495182078e+03 3.510148921134138470e-16
8.505061555679847515e+03 3.833633561824252563e-16
8.508102965864516591e+03 3.491036880036343112e-16
8.511144376049182029e+03 3.517795357168409159e-16
8.514185786233851104e+03 4.196104993807827325e-16
8.517227196418516542e+03 4.377916841792074870e-16
8.520268606603183798e+03 4.467639839139232832e-16
8.523310016787851055e+03 4.438142177112567901e-16
8.526351426972516492e+03 4.265783232892404240e-16
8.529392837157185568e+03 4.142630900607051998e-16
8.532434247341851005e+03 4.763150735194777022e-16
8.535475657526520081e+03 4.739331113736958785e-16
8.538517067711185518e+03 4.586409051209384200e-16
8.541558477895852775e+03 4.752985090047979552e-16
8.544599888080520032e+03 4.721422539772847352e-16
8.547641298265185469e+03 4.659035988845441524e-16
8.550682708449854545e+03 4.939870543357591045e-16
8.553724118634519982e+03 4.853354992984536074e-16
8.556765528819189058e+03 4.214151998265604289e-16
8.559806939003854495e+03 4.510778308968468138e-16
8.562848349188521752e+03 4.804757634667239372e-16
8.565889759373189008e+03 4.623965033140645362e-16
8.568931169557854446e+03 4.749566977552517564e-16
8.571972579742523521e+03 5.041214524368326829e-16
8.575013989927188959e+03 4.944193370982258207e-16
8.578055400111858035e+03 4.818687532430246417e-16
8.581096810296523472e+03 4.855787261522782050e-16
8.584138220481190729e+03 4.710220834780269199e-16
8.587179630665857985e+03 4.824117081592777533e-16
8.590221040850523423e+03 4.833833062935030893e-16
8.593262451035192498e+03 4.514036420159183981e-16
8.596303861219857936e+03 4.611422400066410512e-16
8.599345271404527011e+03 4.832555532853204971e-16
8.602386681589192449e+03 4.850004993119924972e-16
8.605428091773859705e+03 5.067460856376598521e-16
8.608469501958526962e+03 5.107059520436058140e-16
8.611510912143194219e+03 5.067411164602843073e-16
8.614552322327861475e+03 5.041936628426120984e-16
8.617593732512526913e+03 5.233605765071140099e-16
8.620635142697195988e+03 5.302552471879812839e-16
8.623676552881861426e+03 5.381022134611919119e-16
8.626717963066528682e+03 5.470137026980325967e-16
8.629759373251195939e+03 5.405960522441890427e-16
8.632800783435863195e+03 5.224433134377700963e-16
8.635842193620530452e+03 5.038061240771489043e-16
8.638883603805195889e+03 5.566998506894726956e-16
8.641925013989864965e+03 5.424072442123481970e-16
8.644966424174530403e+03 5.413962729330133064e-16
8.648007834359197659e+03 5.647526771621766948e-16
8.651049244543864916e+03 5.763455951721662221e-16
8.654090654728532172e+03 6.020771354531090197e-16
8.657132064913199429e+03 6.265932972882932898e-16
8.660173475097864866e+03 6.091227240946075048e-16
8.663214885282533942e+03 6.277572324592317414e-16
8.666256295467199379e+03 6.409103638510257963e-16
8.669297705651866636e+03 6.643933756367885579e-16
8.672339115836533892e+03 6.426572394953721655e-16
8.675380526021201149e+03 6.452379014703932337e-16
8.678421936205868406e+03 6.787409957850056228e-16
8.681463346390533843e+03 6.649615900873723322e-16
8.684504756575202919e+03 6.844817630253700325e-16
8.687546166759868356e+03 7.318179714950493830e-16
8.690587576944535613e+03 6.688716779380178318e-16
8.693628987129202869e+03 6.908134193545557362e-16
8.696670397313870126e+03 6.858517735826893745e-16
8.699711807498537382e+03 6.492170780825471150e-16
8.702753217683202820e+03 6.792784935876975296e-16
8.705794627867871895e+03 6.993566393518507803e-16
8.708836038052537333e+03 6.486185428486119741e-16
8.711877448237204590e+03 6.427737465199204004e-16
8.714918858421871846e+03 7.170374755667997878e-16
8.717960268606539103e+03 7.032281354922665903e-16
8.721001678791206359e+03 6.339764409645085257e-16
8.724043088975871797e+03 6.224768038545661688e-16
8.727084499160540872e+03 6.479481948422432382e-16
8.730125909345206310e+03 6.808482331841252552e-16
8.733167319529873566e+03 7.044051326833542801e-16
8.736208729714540823e+03 7.081476591283274418e-16
8.739250139899208079e+03 6.965558544915204546e-16
8.742291550083875336e+03 6.915380051175410204e-16
8.745332960268540774e+03 6.921501444408140633e-16
8.748374370453209849e+03 7.035757740345065882e-16
8.751415780637875287e+03 7.151484461165721439e-16
8.754457190822542543e+03 6.813260811980607916e-16
8.757498601007209800e+03 6.921183663311317720e-16
8.760540011191877056e+03 6.745261533004970374e-16
8.763581421376544313e+03 6.249698246657564876e-16
8.766622831561209750e+03 6.691932619366096796e-16
8.769664241745878826e+03 7.047404611949376124e-16
8.772705651930544263e+03 6.470019507523584433e-16
8.775747062115211520e+03 6.448406114837493771e-16
8.778788472299878777e+03 5.917195603635043039e-16
8.781829882484546033e+03 5.586205595162606234e-16
8.784871292669213290e+03 5.947702645410914597e-16
8.787912702853878727e+03 5.851198801784003533e-16
8.790954113038547803e+03 5.881257265320897907e-16
8.793995523223213240e+03 6.526778586039467208e-16
8.797036933407880497e+03 5.728408954145252961e-16
8.800078343592547753e+03 5.124268285628314155e-16
8.803119753777215010e+03 5.002347955550522652e-16
8.806161163961882266e+03 5.163777399015166659e-16
8.809202574146547704e+03 5.292552488788565961e-16
8.812243984331216780e+03 5.607789633034108554e-16
8.815285394515882217e+03 5.910632603316035869e-16
8.818326804700549474e+03 5.551262286237858035e-16
8.821368214885216730e+03 5.508697690982321527e-16
8.824409625069883987e+03 5.205984107893665741e-16
8.827451035254551243e+03 4.870314722468721654e-16
8.830492445439216681e+03 4.632808469330744131e-16
8.833533855623885756e+03 4.592286186654661799e-16
8.836575265808551194e+03 4.773707359235895425e-16
8.839616675993218450e+03 4.754202045848940010e-16
8.842658086177885707e+03 4.843169623741001697e-16
8.845699496362552964e+03 4.440520270303239190e-16
8.848740906547220220e+03 4.442824917268839086e-16
8.851782316731885658e+03 4.454280324769272793e-16
8.854823726916554733e+03 3.774470517196929977e-16
8.857865137101220171e+03 3.594616285608074695e-16
8.860906547285887427e+03 4.068000635859724103e-16
8.863947957470554684e+03 5.106706753988550255e-16
8.866989367655221940e+03 4.280598718952480097e-16
8.870030777839889197e+03 3.837097659367187021e-16
8.873072188024554634e+03 4.942050738982055637e-16
8.876113598209223710e+03 4.578375673353347571e-16
8.879155008393889148e+03 3.889175601601724012e-16
8.882196418578556404e+03 4.067478844398104346e-16
8.885237828763223661e+03 3.862991111334558573e-16
8.888279238947890917e+03 3.267670943303941197e-16
8.891320649132558174e+03 3.330745333913669990e-16
8.894362059317223611e+03 3.700113056164831943e-16
8.897403469501892687e+03 3.475129411432374027e-16
8.900444879686558124e+03 2.854406757375670851e-16
8.903486289871225381e+03 3.143352243557011766e-16
8.906527700055892637e+03 3.642125112755718603e-16
8.909569110240559894e+03 3.718903748246112196e-16
8.912610520425227151e+03 3.546586759745446321e-16
8.915651930609892588e+03 3.477362769093285505e-16
8.918693340794561664e+03 3.131225205816433050e-16
8.921734750979227101e+03 2.393521087009310266e-16
8.924776161163894358e+03 3.104266310952748559e-16
8.927817571348561614e+03 4.277727267682296972e-16
8.930858981533228871e+03 3.202399872154133555e-16
8.933900391717896127e+03 2.632839960973922259e-16
8.936941801902561565e+03 3.211294276384139371e-16
8.939983212087230640e+03 3.378090084982042190e-16
8.943024622271896078e+03 3.010923866742275453e-16
8.946066032456563335e+03 3.254668407866615791e-16
8.949107442641230591e+03 3.781858333149146627e-16
8.952148852825897848e+03 3.109150802876663430e-16
8.955190263010565104e+03 3.138152047191937835e-16
8.958231673195230542e+03 2.727579989794995404e-16
8.961273083379899617e+03 1.904102926736683380e-16
8.964314493564565055e+03 2.223230876326070427e-16
8.967355903749232311e+03 2.376017983317158500e-16
8.970397313933899568e+03 3.616119868477816464e-16
8.973438724118566824e+03 3.475867546346595194e-16
8.976480134303234081e+03 2.595127733449466419e-16
8.979521544487899519e+03 2.442260316509882052e-16
8.982562954672568594e+03 2.698706724444471946e-16
8.985604364857234032e+03 2.719518210737638677e-16
8.988645775041903107e+03 2.501223702040023656e-16
8.991687185226568545e+03 2.218445368887984032e-16
8.994728595411235801e+03 2.160462118539213377e-16
8.997770005595903058e+03 2.416712631638296663e-16
9.000811415780568495e+03 2.112535292090545167e-16
9.003852825965237571e+03 1.859819171156972806e-16
9.006894236149903008e+03 2.118778251443335910e-16
9.009935646334572084e+03 2.403446363795441543e-16
9.012977056519237522e+03 2.428955180932593739e-16
9.016018466703904778e+03 2.738489830027351764e-16
9.019059876888572035e+03 2.796711092125623615e-16
9.022101287073237472e+03 2.248083536997026716e-16
9.025142697257906548e+03 2.185273595882826764e-16
9.028184107442571985e+03 2.521746286840194454e-16
9.031225517627241061e+03 2.255000376386422638e-16
9.034266927811906498e+03 2.306018102636822397e-16
9.037308337996573755e+03 2.294330548405207781e-16
9.040349748181241011e+03 2.207129991806804291e-16
9.043391158365906449e+03 2.031600061912751044e-16
9.046432568550575525e+03 1.665015327057339024e-16
9.049473978735240962e+03 2.129299625284676458e-16
9.052515388919910038e+03 2.040096458067163534e-16
9.055556799104575475e+03 1.590012386734255864e-16
9.058598209289242732e+03 1.818422875203571915e-16
9.061639619473909988e+03 2.479819409401289618e-16
9.064681029658575426e+03 2.692036078639275260e-16
9.067722439843244501e+03 1.971454036160891337e-16
9.070763850027909939e+03 1.522037085809311936e-16
9.073805260212579014e+03 1.751571026477995982e-16
9.076846670397244452e+03 1.808577096286861424e-16
9.079888080581911709e+03 1.788220294365141597e-16
9.082929490766578965e+03 1.532307523058009978e-16
9.085970900951244403e+03 1.396594714161158218e-16
9.089012311135913478e+03 1.695693933441670787e-16
9.092053721320578916e+03 1.894863627852618041e-16
9.095095131505247991e+03 1.881298693015131062e-16
9.098136541689913429e+03 2.111966182375046827e-16
9.101177951874580685e+03 2.271643881066520086e-16
9.104219362059247942e+03 1.964965079720194593e-16
9.107260772243915198e+03 1.947236870117800141e-16
9.110302182428582455e+03 1.769966197832756113e-16
9.113343592613247893e+03 1.691935436149947855e-16
9.116385002797916968e+03 2.052493181533987034e-16
9.119426412982582406e+03 2.412826903590279104e-16
9.122467823167249662e+03 2.277875675104885406e-16
9.125509233351916919e+03 2.286951742279924470e-16
9.128550643536584175e+03 2.344442849385121745e-16
9.131592053721251432e+03 2.030178056867301597e-16
9.134633463905916869e+03 1.822919535171625942e-16
9.137674874090585945e+03 1.759114774786220302e-16
9.140716284275251382e+03 1.848382256401399772e-16
9.143757694459918639e+03 2.015192110846060794e-16
9.146799104644585896e+03 2.089081884824658184e-16
9.149840514829253152e+03 2.021010536241067511e-16
9.152881925013920409e+03 1.741312572491918829e-16
9.155923335198585846e+03 1.699846256826334959e-16
9.158964745383254922e+03 2.112505440661212974e-16
9.162006155567920359e+03 2.378570044720234134e-16
9.165047565752587616e+03 2.037943471609831659e-16
9.168088975937254872e+03 2.164615990276103625e-16
9.171130386121922129e+03 2.740141213634848759e-16
9.174171796306589385e+03 2.297836968845795161e-16
9.177213206491254823e+03 1.935908790106151102e-16
9.180254616675923899e+03 2.104223266386742339e-16
9.183296026860589336e+03 2.468614227176191355e-16
9.186337437045256593e+03 2.392683088531332092e-16
9.189378847229923849e+03 2.168701262312205141e-16
9.192420257414591106e+03 2.267433122558169397e-16
9.195461667599258362e+03 2.408412921602084684e-16
9.198503077783923800e+03 2.160136560504876019e-16
9.201544487968592875e+03 1.789809616732977583e-16
9.204585898153258313e+03 2.060958999722248089e-16
9.207627308337925570e+03 2.419177879848910540e-16
9.210668718522592826e+03 2.039894423225303460e-16
9.213710128707260083e+03 1.907420184045630610e-16
9.216751538891927339e+03 1.648046647092444174e-16
9.219792949076592777e+03 1.545380269058652705e-16
9.222834359261261852e+03 1.809349600274459824e-16
9.225875769445927290e+03 1.740781504997847971e-16
9.228917179630594546e+03 2.038023617528934996e-16
9.231958589815261803e+03 2.519938618021084865e-16
9.234999999999929059e+03 2.408109755362406093e-16
