3.800000000000000000e+03 7.033199311891340765e-17
3.803041410184666802e+03 1.179065266445180519e-16
3.806082820369334058e+03 1.030448925691119690e-16
3.809124230554000860e+03 8.092464572571600983e-17
3.812165640738668117e+03 1.144706622352377140e-16
3.815207050923334918e+03 8.131783600885921431e-17
3.818248461108002175e+03 9.471686847418352170e-17
3.821289871292668977e+03 1.051379782943393843e-16
3.824331281477335779e+03 1.358386184392419594e-16
3.827372691662003035e+03 1.530450571419636891e-16
3.830414101846669837e+03 1.039066971099344620e-16
3.833455512031337094e+03 1.561500705492898588e-16
3.836496922216003895e+03 1.579710631317028890e-16
3.839538332400671152e+03 1.925702308203655193e-16
3.842579742585337954e+03 1.777748954399597902e-16
3.845621152770005210e+03 1.519798437457913136e-16
3.848662562954672012e+03 1.668486177770958159e-16
3.851703973139338814e+03 1.854695749478363132e-16
3.854745383324006070e+03 1.589312959644377898e-16
3.857786793508672872e+03 1.859615995675445795e-16
3.860828203693340129e+03 2.288279716324648460e-16
3.863869613878006930e+03 2.020221456442574114e-16
3.866911024062674187e+03 2.075973739583195928e-16
3.869952434247340989e+03 2.396956098200884194e-16
3.872993844432007791e+03 1.858496463168541544e-16
3.876035254616675047e+03 2.377273325742276268e-16
3.879076664801341849e+03 2.377831241049149505e-16
3.882118074986009105e+03 2.421741735684590816e-16
3.885159485170675907e+03 2.857942311472707197e-16
3.888200895355343164e+03 3.255279401119235482e-16
3.891242305540009966e+03 3.086228545463949732e-16
3.894283715724676767e+03 2.695829046120752872e-16
3.897325125909344024e+03 3.173029745552369237e-16
3.900366536094010826e+03 3.158520227100370022e-16
3.903407946278678082e+03 3.509141721692031156e-16
3.906449356463344884e+03 3.698417314171864416e-16
3.909490766648012141e+03 3.716049817207922415e-16
3.912532176832678942e+03 4.083285247422958958e-16
3.915573587017346199e+03 4.163619558082671972e-16
3.918614997202013001e+03 4.379013849298207381e-16
3.921656407386679803e+03 4.645278594282370352e-16
3.924697817571347059e+03 4.557118866812738256e-16
3.927739227756013861e+03 4.639497030636114651e-16
3.930780637940681117e+03 4.682197575832732300e-16
3.933822048125347919e+03 4.706773139830493105e-16
3.936863458310015176e+03 5.194320727695772036e-16
3.939904868494681978e+03 4.916152466326369399e-16
3.942946278679349234e+03 4.699736292486607310e-16
3.945987688864016036e+03 4.896633704784592632e-16
3.949029099048682838e+03 5.217364352074204482e-16
3.952070509233350094e+03 5.379761250401619192e-16
3.955111919418016896e+03 5.400028023452888821e-16
3.958153329602684153e+03 5.199688195833362541e-16
3.961194739787350954e+03 5.111703327934488816e-16
3.964236149972018211e+03 5.515350328942541340e-16
3.967277560156685013e+03 5.586396119776367326e-16
3.970318970341351815e+03 6.091500305730579886e-16
3.973360380526019071e+03 5.780722824890831779e-16
3.976401790710685873e+03 5.304109269621414265e-16
3.979443200895353129e+03 5.054734430776501811e-16
3.982484611080019931e+03 5.588685762694087466e-16
3.985526021264687188e+03 5.395435946201441772e-16
3.988567431449353990e+03 5.127172398235123710e-16
3.991608841634020791e+03 5.228655690505578423e-16
3.994650251818688048e+03 5.090185987524505884e-16
3.997691662003354850e+03 5.101502208977409433e-16
4.000733072188022106e+03 4.829971547711650383e-16
4.003774482372688908e+03 4.947219427989373863e-16
4.006815892557356165e+03 4.803413916496127534e-16
4.009857302742022966e+03 4.908619072049074530e-16
4.012898712926689768e+03 4.609227431876035109e-16
4.015940123111357025e+03 4.714195278908577634e-16
4.018981533296023827e+03 4.608161367254309539e-16
4.022022943480691083e+03 4.202652118877686483e-16
4.025064353665357885e+03 4.213144126657158437e-16
4.028105763850025141e+03 4.191266974138716948e-16
4.031147174034691943e+03 4.322280450435050691e-16
4.034188584219359200e+03 3.952420545413538675e-16
4.037229994404026002e+03 3.876005346741854376e-16
4.040271404588692803e+03 3.590246323762637339e-16
4.043312814773360060e+03 3.385587914689361601e-16
4.046354224958026862e+03 3.367905643934399617e-16
4.049395635142694118e+03 3.186810561853952901e-16
4.052437045327360920e+03 3.530745227043708460e-16
4.055478455512028177e+03 3.197174134270574231e-16
4.058519865696694978e+03 3.123051452811298386e-16
4.061561275881362235e+03 2.990637011249264943e-16
4.064602686066029037e+03 3.102215279768836352e-16
4.067644096250695839e+03 3.000807472101690033e-16
4.070685506435363095e+03 3.064237589498479718e-16
4.073726916620029897e+03 2.102334514985362106e-16
4.076768326804697153e+03 2.434119774473813842e-16
4.079809736989363955e+03 2.539164135014323911e-16
4.082851147174031212e+03 2.415896476527080505e-16
4.085892557358698014e+03 2.431622187247085138e-16
4.088933967543364815e+03 2.305293031102065882e-16
4.091975377728032072e+03 2.295103969101116897e-16
4.095016787912698874e+03 2.597014712793969420e-16
4.098058198097365675e+03 2.450483517283402156e-16
4.101099608282032932e+03 2.276504363315214596e-16
4.104141018466700189e+03 2.042731367292663209e-16
4.107182428651367445e+03 2.055772657544407139e-16
4.110223838836033792e+03 2.073638447599929685e-16
4.113265249020701049e+03 2.251204187258264139e-16
4.116306659205368305e+03 2.089742519631183469e-16
4.119348069390034652e+03 1.971376557700757731e-16
4.122389479574701909e+03 1.959518417783771586e-16
4.125430889759369165e+03 2.041661150249625979e-16
4.128472299944036422e+03 2.098608008135794438e-16
4.131513710128702769e+03 1.924221078663993345e-16
4.134555120313370026e+03 1.862827672130854328e-16
4.137596530498037282e+03 2.098915939383433551e-16
4.140637940682703629e+03 2.072828232476870473e-16
4.143679350867370886e+03 1.967201351596760180e-16
4.146720761052038142e+03 2.065098020270694200e-16
4.149762171236705399e+03 2.001735861065851878e-16
4.152803581421371746e+03 1.853810215939852682e-16
4.155844991606039002e+03 2.113533202518822680e-16
4.158886401790706259e+03 2.064102468795057914e-16
4.161927811975372606e+03 2.084982434779458172e-16
4.164969222160039863e+03 2.096869839318247592e-16
4.168010632344707119e+03 2.005029767079445881e-16
4.171052042529374376e+03 1.970053279260462460e-16
4.174093452714040723e+03 1.912011051410826985e-16
4.177134862898707979e+03 1.686923230966726573e-16
4.180176273083375236e+03 1.961284668555502142e-16
4.183217683268041583e+03 1.856576201552702623e-16
4.186259093452708839e+03 1.855584237657593845e-16
4.189300503637376096e+03 2.262752214522358066e-16
4.192341913822043352e+03 2.235544039190190201e-16
4.195383324006709699e+03 2.287044070620135726e-16
4.198424734191376956e+03 1.944604197509201341e-16
4.201466144376044213e+03 1.811253173761082133e-16
4.204507554560710560e+03 2.305960041686206944e-16
4.207548964745377816e+03 1.913864616211929878e-16
4.210590374930045073e+03 2.053394569095737017e-16
4.213631785114712329e+03 2.160689897533128786e-16
4.216673195299378676e+03 2.200464529248541246e-16
4.219714605484045933e+03 2.188504671387485302e-16
4.222756015668713189e+03 2.273677266306429882e-16
4.225797425853379536e+03 2.163919674779151414e-16
4.228838836038046793e+03 2.332392179108075130e-16
4.231880246222714050e+03 2.329709728494040860e-16
4.234921656407381306e+03 2.361857630269072879e-16
4.237963066592047653e+03 2.371464049329108553e-16
4.241004476776714910e+03 2.159923646042997312e-16
4.244045886961382166e+03 2.236235672366558672e-16
4.247087297146048513e+03 2.350920558565057917e-16
4.250128707330715770e+03 2.315231279887904365e-16
4.253170117515383026e+03 2.006771269169660577e-16
4.256211527700050283e+03 1.975583361828838161e-16
4.259252937884716630e+03 2.179840952009321874e-16
4.262294348069383886e+03 2.129027146872399448e-16
4.265335758254051143e+03 2.321069619548343443e-16
4.268377168438718400e+03 2.145038857225752903e-16
4.271418578623384747e+03 1.955514862227178334e-16
4.274459988808052003e+03 2.133086899671214098e-16
4.277501398992719260e+03 2.266098416309235538e-16
4.280542809177385607e+03 2.228104225095866208e-16
4.283584219362052863e+03 2.385398754858008090e-16
4.286625629546720120e+03 2.369959153455551960e-16
4.289667039731387376e+03 2.521517497400333988e-16
4.292708449916053723e+03 2.192823368256283847e-16
4.295749860100720980e+03 2.284384683522790113e-16
4.298791270285388237e+03 2.374296674587628437e-16
4.301832680470054584e+03 2.467526231881974587e-16
4.304874090654721840e+03 2.274436601754117870e-16
4.307915500839389097e+03 2.081247983531322545e-16
4.310956911024056353e+03 2.346693320169973266e-16
4.313998321208722700e+03 2.311951030118721042e-16
4.317039731393389957e+03 2.257292499642096851e-16
4.320081141578057213e+03 2.308862438658575129e-16
4.323122551762724470e+03 2.335906768183920728e-16
4.326163961947390817e+03 2.431782885885357544e-16
4.329205372132058073e+03 2.452116645760378400e-16
4.332246782316725330e+03 2.322235448929161331e-16
4.335288192501391677e+03 2.142029813688773354e-16
4.338329602686058934e+03 2.010097664355767463e-16
4.341371012870726190e+03 2.258476823083716689e-16
4.344412423055393447e+03 2.315153976230924293e-16
4.347453833240059794e+03 2.037843662019119344e-16
4.350495243424727050e+03 1.883829252506045753e-16
4.353536653609394307e+03 1.960840868535188018e-16
4.356578063794060654e+03 2.013464780550042003e-16
4.359619473978727910e+03 1.931423183780639115e-16
4.362660884163395167e+03 1.847829536242722144e-16
4.365702294348062424e+03 1.860435191484006853e-16
4.368743704532728771e+03 1.828420546586381717e-16
4.371785114717396027e+03 1.725516019642278311e-16
4.374826524902063284e+03 1.578435649538588513e-16
4.377867935086729631e+03 1.472533593897053170e-16
4.380909345271396887e+03 1.493257839996895857e-16
4.383950755456064144e+03 1.786612982948662234e-16
4.386992165640731400e+03 1.477855860883426172e-16
4.390033575825397747e+03 1.632344177137065216e-16
4.393074986010065004e+03 1.460866201864160809e-16
4.396116396194732260e+03 1.485026996264380039e-16
4.399157806379398608e+03 1.543202239205331107e-16
4.402199216564065864e+03 1.740889169339260435e-16
4.405240626748733121e+03 1.545678579813827261e-16
4.408282036933400377e+03 1.468849782194267475e-16
4.411323447118066724e+03 1.761340221982965032e-16
4.414364857302733981e+03 1.672691682692200006e-16
4.417406267487401237e+03 1.480556956595363499e-16
4.420447677672067584e+03 1.459371588975321548e-16
4.423489087856734841e+03 1.661860242820207571e-16
4.426530498041402097e+03 1.402340158238499972e-16
4.429571908226069354e+03 1.685936606638365599e-16
4.432613318410735701e+03 1.694170948835875549e-16
4.435654728595402958e+03 1.579522603840949402e-16
4.438696138780070214e+03 1.823470115869947381e-16
4.441737548964736561e+03 1.858292136662105698e-16
4.444778959149403818e+03 1.814250079778201336e-16
4.447820369334071074e+03 1.864680722228417355e-16
4.450861779518738331e+03 1.836143138783135284e-16
4.453903189703404678e+03 1.832366799920820323e-16
4.456944599888071934e+03 1.940940329082304679e-16
4.459986010072739191e+03 1.831432875615313761e-16
4.463027420257405538e+03 1.862204886696855116e-16
4.466068830442072795e+03 1.870192754872362031e-16
4.469110240626740051e+03 1.934992093265682377e-16
4.472151650811407308e+03 2.229246137600044218e-16
4.475193060996073655e+03 2.168833310233878254e-16
4.478234471180740911e+03 2.140660731723963040e-16
4.481275881365408168e+03 2.256310710251097922e-16
4.484317291550074515e+03 2.473460537000665706e-16
4.487358701734741771e+03 2.491897586885731333e-16
4.490400111919409028e+03 2.394616785099713631e-16
4.493441522104076284e+03 2.547240921422893248e-16
4.496482932288742631e+03 2.671293092900950389e-16
4.499524342473409888e+03 2.692473804964113487e-16
4.502565752658077145e+03 2.807811709495770514e-16
4.505607162842743492e+03 2.686155861140039992e-16
4.508648573027410748e+03 2.529346790538587148e-16
4.511689983212078005e+03 2.751209672280896004e-16
4.514731393396745261e+03 2.849949111309615063e-16
4.517772803581411608e+03 2.826755043383328193e-16
4.520814213766078865e+03 2.939930728582783966e-16
4.523855623950746121e+03 3.032393392416327532e-16
4.526897034135412468e+03 2.939391826153995520e-16
4.529938444320079725e+03 2.860291271896418508e-16
4.532979854504746982e+03 3.031410714750850271e-16
4.536021264689414238e+03 3.277694557389498224e-16
4.539062674874080585e+03 3.278068615421933585e-16
4.542104085058747842e+03 3.206416463966679966e-16
4.545145495243415098e+03 3.294561496168127737e-16
4.548186905428082355e+03 3.261972577880763300e-16
4.551228315612748702e+03 3.434019873113530416e-16
4.554269725797415958e+03 3.393689748442549130e-16
4.557311135982083215e+03 3.581872892147645549e-16
4.560352546166750471e+03 3.728827164036681427e-16
4.563393956351416819e+03 3.728382419725205441e-16
4.566435366536084075e+03 3.619878955243068116e-16
4.569476776720751332e+03 4.094780365173203664e-16
4.572518186905417679e+03 3.881194069101375332e-16
4.575559597090084935e+03 3.953957049504747798e-16
4.578601007274752192e+03 4.043653148538725960e-16
4.581642417459419448e+03 4.095229028836381121e-16
4.584683827644085795e+03 4.080007763125117852e-16
4.587725237828753052e+03 3.970528262814191928e-16
4.590766648013420308e+03 3.970993435939476378e-16
4.593808058198086655e+03 4.135608041851692140e-16
4.596849468382753912e+03 4.173797948448087030e-16
4.599890878567421169e+03 4.330183196157715309e-16
4.602932288752088425e+03 4.266783442540597006e-16
4.605973698936754772e+03 4.182266119111764832e-16
4.609015109121422029e+03 4.487877757169176266e-16
4.612056519306089285e+03 4.506231830984791201e-16
4.615097929490755632e+03 4.301882828624556113e-16
4.618139339675422889e+03 4.351744058797198087e-16
4.621180749860090145e+03 4.326509331562341776e-16
4.624222160044757402e+03 4.480257164788710185e-16
4.627263570229423749e+03 4.300594193659931184e-16
4.630304980414091006e+03 4.366223656455067854e-16
4.633346390598758262e+03 4.329322886950887219e-16
4.636387800783424609e+03 4.389038530167147291e-16
4.639429210968091866e+03 4.411095713102255969e-16
4.642470621152759122e+03 4.409648679128228745e-16
4.645512031337426379e+03 4.349724302226179300e-16
4.648553441522092726e+03 4.199170558899674971e-16
4.651594851706759982e+03 4.188642966087742177e-16
4.654636261891427239e+03 4.120917938493377328e-16
4.657677672076093586e+03 4.012726064901777593e-16
4.660719082260760842e+03 4.223032327600204255e-16
4.663760492445428099e+03 4.075287077529607957e-16
4.666801902630095356e+03 4.288925116008010656e-16
4.669843312814761703e+03 4.148221992971543205e-16
4.672884722999428959e+03 4.008560630354865119e-16
4.675926133184096216e+03 4.131835051835445141e-16
4.678967543368762563e+03 3.870219046693337934e-16
4.682008953553429819e+03 3.705340661603825272e-16
4.685050363738097076e+03 3.793364034097575110e-16
4.688091773922764332e+03 3.637836232733640337e-16
4.691133184107430679e+03 3.466852365396086260e-16
4.694174594292097936e+03 3.469087052979280993e-16
4.697216004476765193e+03 3.378825616034188681e-16
4.700257414661431540e+03 3.205928617725978933e-16
4.703298824846098796e+03 3.159042731436550176e-16
4.706340235030766053e+03 2.829597183619402088e-16
4.709381645215433309e+03 3.104966413513387284e-16
4.712423055400099656e+03 3.060465252861850771e-16
4.715464465584766913e+03 2.855025477208700484e-16
4.718505875769434169e+03 2.921507162853599441e-16
4.721547285954100516e+03 2.688548136305182807e-16
4.724588696138767773e+03 2.522441801596768555e-16
4.727630106323435029e+03 2.371695898815906875e-16
4.730671516508102286e+03 2.282078269500736849e-16
4.733712926692768633e+03 2.236568950617624215e-16
4.736754336877435890e+03 2.034117105135478071e-16
4.739795747062103146e+03 1.970656198492701185e-16
4.742837157246769493e+03 1.829465435744174606e-16
4.745878567431436750e+03 1.741689146054079307e-16
4.748919977616104006e+03 1.784643186246047228e-16
4.751961387800771263e+03 1.714036455659095790e-16
4.755002797985437610e+03 1.674561133332070398e-16
4.758044208170104866e+03 1.643230128835881765e-16
4.761085618354772123e+03 1.450021130655427190e-16
4.764127028539438470e+03 1.716947849086277812e-16
4.767168438724105727e+03 1.621512517405512099e-16
4.770209848908772983e+03 1.441778898063905022e-16
4.773251259093440240e+03 1.616036997029779464e-16
4.776292669278106587e+03 1.299322210192883271e-16
4.779334079462773843e+03 1.246436268111073230e-16
4.782375489647441100e+03 1.394199137002286910e-16
4.785416899832107447e+03 1.316917093188212105e-16
4.788458310016774703e+03 1.466175835370742343e-16
4.791499720201441960e+03 1.520393932681246485e-16
4.794541130386109216e+03 1.334244609151029246e-16
4.797582540570775564e+03 1.494305092609186597e-16
4.800623950755442820e+03 1.479734971234174049e-16
4.803665360940110077e+03 1.353526318023149132e-16
4.806706771124777333e+03 1.368515710063548695e-16
4.809748181309443680e+03 1.389214549678181793e-16
4.812789591494110937e+03 1.464652431917464927e-16
4.815831001678778193e+03 1.417700537894692496e-16
4.818872411863445450e+03 1.264241858756086870e-16
4.821913822048111797e+03 1.379661999872680516e-16
4.824955232232779053e+03 1.352233144491594343e-16
4.827996642417445400e+03 1.238463510961862708e-16
4.831038052602112657e+03 1.274296256364268477e-16
4.834079462786779914e+03 1.284710626071638461e-16
4.837120872971447170e+03 1.439645914599725005e-16
4.840162283156114427e+03 1.388018048911332534e-16
4.843203693340780774e+03 1.346298266405462122e-16
4.846245103525448030e+03 1.250948329153336593e-16
4.849286513710115287e+03 1.286053317400021205e-16
4.852327923894781634e+03 1.337418447827155537e-16
4.855369334079448890e+03 1.229365883281479088e-16
4.858410744264116147e+03 1.403876474010106561e-16
4.861452154448783403e+03 1.427622260485693673e-16
4.864493564633449751e+03 1.407136141600806769e-16
4.867534974818117007e+03 1.488132393810551777e-16
4.870576385002784264e+03 1.539476094978357289e-16
4.873617795187450611e+03 1.511115487588100689e-16
4.876659205372117867e+03 1.543520643969713604e-16
4.879700615556785124e+03 1.517393562182831758e-16
4.882742025741452380e+03 1.736825263616816098e-16
4.885783435926118727e+03 1.826486225612907910e-16
4.888824846110785984e+03 1.670252505177929319e-16
4.891866256295453240e+03 1.658552014588044542e-16
4.894907666480119588e+03 1.695826289775924912e-16
4.897949076664786844e+03 1.844928368716631906e-16
4.900990486849454101e+03 1.928533510020006016e-16
4.904031897034121357e+03 1.979776850697294242e-16
4.907073307218787704e+03 1.774788907129463347e-16
4.910114717403454961e+03 1.883905940741298874e-16
4.913156127588122217e+03 2.090138504896839675e-16
4.916197537772788564e+03 2.225759592699715991e-16
4.919238947957455821e+03 2.164323713190616815e-16
4.922280358142123077e+03 2.206156818466729535e-16
4.925321768326790334e+03 2.260678456587744256e-16
4.928363178511456681e+03 2.208356042516960438e-16
4.931404588696123938e+03 2.427623457087413284e-16
4.934445998880791194e+03 2.453855181882808422e-16
4.937487409065457541e+03 2.451108447870588304e-16
4.940528819250124798e+03 2.502907741263949517e-16
4.943570229434792054e+03 2.533993185595014412e-16
4.946611639619459311e+03 2.454801748064613243e-16
4.949653049804125658e+03 2.385225008137338592e-16
4.952694459988792914e+03 2.284741505301211204e-16
4.955735870173460171e+03 2.188249868070974549e-16
4.958777280358126518e+03 2.270023184499527289e-16
4.961818690542793775e+03 2.232361949562491820e-16
4.964860100727461031e+03 2.190593959111911330e-16
4.967901510912128288e+03 2.168062922816616855e-16
4.970942921096794635e+03 2.123851516463473809e-16
4.973984331281461891e+03 2.055793760104545652e-16
4.977025741466129148e+03 2.107974758806110785e-16
4.980067151650795495e+03 1.938020257299102605e-16
4.983108561835462751e+03 2.141062810843013655e-16
4.986149972020130008e+03 2.111355727517158747e-16
4.989191382204797264e+03 1.903078859789506875e-16
4.992232792389463611e+03 1.848832255847510541e-16
4.995274202574130868e+03 1.887754136982783054e-16
4.998315612758798125e+03 1.795766817608594515e-16
5.001357022943464472e+03 1.799747331103693464e-16
5.004398433128131728e+03 1.766218408370859322e-16
5.007439843312798985e+03 1.676654671567291478e-16
5.010481253497466241e+03 1.924969373435634653e-16
5.013522663682133498e+03 1.735144124063276018e-16
5.016564073866799845e+03 1.608687919843522779e-16
5.019605484051467101e+03 1.809937541735385553e-16
5.022646894236133448e+03 1.763803818312481953e-16
5.025688304420800705e+03 1.729403359966660662e-16
5.028729714605467962e+03 1.681363429008063465e-16
5.031771124790135218e+03 1.706093336833490653e-16
5.034812534974802475e+03 1.678631864156964845e-16
5.037853945159468822e+03 1.824196342488885353e-16
5.040895355344136078e+03 1.829859338942460109e-16
5.043936765528802425e+03 1.797708806506054385e-16
5.046978175713469682e+03 1.712067261338196208e-16
5.050019585898136938e+03 1.761362677067984270e-16
5.053060996082804195e+03 1.814885509107034120e-16
5.056102406267471451e+03 1.935348927105287755e-16
5.059143816452137798e+03 2.022577445707294254e-16
5.062185226636805055e+03 1.832813569943382314e-16
5.065226636821471402e+03 1.922978712765592482e-16
5.068268047006138659e+03 2.052634499974344533e-16
5.071309457190805915e+03 1.969943185810761446e-16
5.074350867375473172e+03 1.977304102289512095e-16
5.077392277560140428e+03 2.077740559695129924e-16
5.080433687744806775e+03 2.064868874249314756e-16
5.083475097929474032e+03 2.109859496537119706e-16
5.086516508114140379e+03 2.169361290781370106e-16
5.089557918298807635e+03 2.153470548559216075e-16
5.092599328483474892e+03 2.160021337147670263e-16
5.095640738668142149e+03 2.232123417631233073e-16
5.098682148852809405e+03 2.072363538360623402e-16
5.101723559037475752e+03 2.129686947921623433e-16
5.104764969222143009e+03 2.025596630947874097e-16
5.107806379406810265e+03 2.123020917813100585e-16
5.110847789591476612e+03 2.056845714199807272e-16
5.113889199776143869e+03 2.090105325217595408e-16
5.116930609960811125e+03 2.050705820321381006e-16
5.119972020145478382e+03 2.086076575854768551e-16
5.123013430330144729e+03 2.085422975214721657e-16
5.126054840514811985e+03 2.161847197040032489e-16
5.129096250699479242e+03 2.120239401710916019e-16
5.132137660884145589e+03 2.154479524157980758e-16
5.135179071068812846e+03 2.098501482895935560e-16
5.138220481253480102e+03 2.200846941545808606e-16
5.141261891438147359e+03 2.212473436750117264e-16
5.144303301622813706e+03 2.299211228916388631e-16
5.147344711807480962e+03 2.222262987584230523e-16
5.150386121992148219e+03 2.265182370765762986e-16
5.153427532176814566e+03 2.347802753489413710e-16
5.156468942361481822e+03 2.218616290431490670e-16
5.159510352546149079e+03 2.411240904269535751e-16
5.162551762730816336e+03 2.411924429759779474e-16
5.165593172915482683e+03 2.444882354518626594e-16
5.168634583100149939e+03 2.391638061709115963e-16
5.171675993284817196e+03 2.457647232147084353e-16
5.174717403469483543e+03 2.544441109920915395e-16
5.177758813654150799e+03 2.532945511775145680e-16
5.180800223838818056e+03 2.449139084459938687e-16
5.183841634023485312e+03 2.475645585855612453e-16
5.186883044208151659e+03 2.643218774976810752e-16
5.189924454392818916e+03 2.621440563341958789e-16
5.192965864577486172e+03 2.729920898609072987e-16
5.196007274762152520e+03 2.599711520954786868e-16
5.199048684946819776e+03 2.693503655200411807e-16
5.202090095131487033e+03 2.828574383274276671e-16
5.205131505316154289e+03 2.670875221109099086e-16
5.208172915500820636e+03 2.722630345639566479e-16
5.211214325685487893e+03 2.697019925615597079e-16
5.214255735870155149e+03 2.705645272459701493e-16
5.217297146054821496e+03 2.845803349498306359e-16
5.220338556239488753e+03 3.044250516649469520e-16
5.223379966424156009e+03 2.941589587178588204e-16
5.226421376608823266e+03 3.005719008538794365e-16
5.229462786793489613e+03 3.025338653048312382e-16
5.232504196978156870e+03 3.028232711833146401e-16
5.235545607162824126e+03 3.103758386906830207e-16
5.238587017347490473e+03 3.045203353225556641e-16
5.241628427532157730e+03 3.187091454445745066e-16
5.244669837716824986e+03 3.201016116354296194e-16
5.247711247901492243e+03 3.257821503908623834e-16
5.250752658086159499e+03 3.230948934443194034e-16
5.253794068270825846e+03 3.175302726003369982e-16
5.256835478455493103e+03 3.210983800380645869e-16
5.259876888640159450e+03 3.121868042954032779e-16
5.262918298824826707e+03 3.265459991343655062e-16
5.265959709009493963e+03 3.317340367717411460e-16
5.269001119194161220e+03 3.340325953475243420e-16
5.272042529378828476e+03 3.509282870348131887e-16
5.275083939563494823e+03 3.581370924313888904e-16
5.278125349748162080e+03 3.424641538184501401e-16
5.281166759932828427e+03 3.343495475688751817e-16
5.284208170117495683e+03 3.599021456839224852e-16
5.287249580302162940e+03 3.593832975915257939e-16
5.290290990486830196e+03 3.791003347517665021e-16
5.293332400671497453e+03 3.718120864623736718e-16
5.296373810856163800e+03 3.557465922094683312e-16
5.299415221040831057e+03 3.741457534805590366e-16
5.302456631225497404e+03 3.801953047576580374e-16
5.305498041410164660e+03 3.580657800540022020e-16
5.308539451594831917e+03 3.653432475802584062e-16
5.311580861779499173e+03 3.730613946252237081e-16
5.314622271964166430e+03 3.639863544180715981e-16
5.317663682148832777e+03 3.755156879740866918e-16
5.320705092333500033e+03 3.841045786932425756e-16
5.323746502518166380e+03 3.621431125610115726e-16
5.326787912702833637e+03 3.579696774946568832e-16
5.329829322887500894e+03 3.596729018624108697e-16
5.332870733072168150e+03 3.831452503180726525e-16
5.335912143256835407e+03 3.755723116644890505e-16
5.338953553441501754e+03 3.590413036433336545e-16
5.341994963626169010e+03 3.697923804963794884e-16
5.345036373810836267e+03 3.739043845031934676e-16
5.348077783995502614e+03 3.638707114238213139e-16
5.351119194180169870e+03 3.707146074130347132e-16
5.354160604364837127e+03 3.551577711394087945e-16
5.357202014549504383e+03 3.557468106921371361e-16
5.360243424734170731e+03 3.662081980772358701e-16
5.363284834918837987e+03 3.484474089898729243e-16
5.366326245103505244e+03 3.511084751873485765e-16
5.369367655288171591e+03 3.566591317808795951e-16
5.372409065472838847e+03 3.426316920140742047e-16
5.375450475657506104e+03 3.575186802666711064e-16
5.378491885842173360e+03 3.575082694150624799e-16
5.381533296026839707e+03 3.320089492841462850e-16
5.384574706211506964e+03 3.372302137203146909e-16
5.387616116396174220e+03 3.287514184808109372e-16
5.390657526580840567e+03 3.243517843045830305e-16
5.393698936765507824e+03 3.229346925178094685e-16
5.396740346950175081e+03 3.251450396415859029e-16
5.399781757134842337e+03 3.089669144880340379e-16
5.402823167319508684e+03 3.023826713934109260e-16
5.405864577504175941e+03 3.159162154312653315e-16
5.408905987688843197e+03 3.136169664984258182e-16
5.411947397873509544e+03 3.185117806822893938e-16
5.414988808058176801e+03 3.027972032400080022e-16
5.418030218242844057e+03 2.913473579420921699e-16
5.421071628427511314e+03 2.966159083271139273e-16
5.424113038612177661e+03 2.921166314133837597e-16
5.427154448796844918e+03 3.169447647826685334e-16
5.430195858981512174e+03 3.240191620488352039e-16
5.433237269166178521e+03 2.909793902205020141e-16
5.436278679350845778e+03 3.002584308915796261e-16
5.439320089535513034e+03 3.108719858943943704e-16
5.442361499720180291e+03 2.998659459662217547e-16
5.445402909904846638e+03 3.045366615261125818e-16
5.448444320089513894e+03 3.027094291631222619e-16
5.451485730274181151e+03 2.952261513925331828e-16
5.454527140458847498e+03 2.834374719089095689e-16
5.457568550643514754e+03 2.825224920289824426e-16
5.460609960828182011e+03 2.853463408705721635e-16
5.463651371012849268e+03 2.874434190297872383e-16
5.466692781197515615e+03 3.037634904722422057e-16
5.469734191382182871e+03 2.938809299953107988e-16
5.472775601566850128e+03 2.956814876564397288e-16
5.475817011751516475e+03 3.107485192427187657e-16
5.478858421936183731e+03 3.020939744489515865e-16
5.481899832120850988e+03 2.832318940835662085e-16
5.484941242305518244e+03 3.083864126105349168e-16
5.487982652490184591e+03 2.876816660607694940e-16
5.491024062674851848e+03 2.886717497986838758e-16
5.494065472859519105e+03 2.814475834921017562e-16
5.497106883044185452e+03 2.624156431655432872e-16
5.500148293228852708e+03 2.796037975823434747e-16
5.503189703413519965e+03 2.746662410606643311e-16
5.506231113598187221e+03 2.810228431213574937e-16
5.509272523782854478e+03 2.781614330686732173e-16
5.512313933967520825e+03 2.735407596765116260e-16
5.515355344152188081e+03 2.663839752691625218e-16
5.518396754336854428e+03 2.767846688170323516e-16
5.521438164521521685e+03 2.830965499983134993e-16
5.524479574706188941e+03 2.775658124532881010e-16
5.527520984890856198e+03 2.790767282122079699e-16
5.530562395075523455e+03 2.856888493234508723e-16
5.533603805260189802e+03 2.806868568546769269e-16
5.536645215444857058e+03 3.070850053084452928e-16
5.539686625629523405e+03 2.844422358692233343e-16
5.542728035814190662e+03 2.963403040856824958e-16
5.545769445998857918e+03 2.989247255285547246e-16
5.548810856183525175e+03 2.907821810006612977e-16
5.551852266368192431e+03 2.923983024912509787e-16
5.554893676552858778e+03 3.002156182233152172e-16
5.557935086737526035e+03 3.083746206088931622e-16
5.560976496922192382e+03 3.222596355823726694e-16
5.564017907106859639e+03 3.014947778198830201e-16
5.567059317291526895e+03 2.991747709494892726e-16
5.570100727476194152e+03 2.981293359073156141e-16
5.573142137660861408e+03 2.970840009685208773e-16
5.576183547845527755e+03 2.960387936353450279e-16
5.579224958030195012e+03 2.949936578744286076e-16
5.582266368214861359e+03 2.939486490377280130e-16
5.585307778399528615e+03 2.875590947020523616e-16
5.588349188584195872e+03 2.799476140298933504e-16
5.591390598768863128e+03 2.942894425274368755e-16
5.594432008953530385e+03 2.994198409935446438e-16
5.597473419138196732e+03 2.880518671567968195e-16
5.600514829322863989e+03 2.827388896435857778e-16
5.603556239507531245e+03 2.855681220226401667e-16
5.606597649692197592e+03 2.999509125856428875e-16
5.609639059876864849e+03 2.754119005872957771e-16
5.612680470061532105e+03 2.689165925818683906e-16
5.615721880246199362e+03 2.817164668702464874e-16
5.618763290430865709e+03 2.746450935955165127e-16
5.621804700615532965e+03 2.725818844863272456e-16
5.624846110800200222e+03 2.746706787564255781e-16
5.627887520984866569e+03 2.741838464926609586e-16
5.630928931169533826e+03 2.765026941200451494e-16
5.633970341354201082e+03 2.627012507410130704e-16
5.637011751538868339e+03 2.563830620010586689e-16
5.640053161723534686e+03 2.639834447781880641e-16
5.643094571908201942e+03 2.655380184025214968e-16
5.646135982092869199e+03 2.678638432787966932e-16
5.649177392277535546e+03 2.665309754379112194e-16
5.652218802462202802e+03 2.525312637138746598e-16
5.655260212646870059e+03 2.586025794118062584e-16
5.658301622831537316e+03 2.612144204957152145e-16
5.661343033016203663e+03 2.631044979723165677e-16
5.664384443200870919e+03 2.714464209894469409e-16
5.667425853385538176e+03 2.545293926893905912e-16
5.670467263570204523e+03 2.530303545833985395e-16
5.673508673754871779e+03 2.523405831079587484e-16
5.676550083939539036e+03 2.443957414536448026e-16
5.679591494124206292e+03 2.481406834732924931e-16
5.682632904308872639e+03 2.437982064982133730e-16
5.685674314493539896e+03 2.545918710854815492e-16
5.688715724678207152e+03 2.384832246117180703e-16
5.691757134862873500e+03 2.430567340882449151e-16
5.694798545047540756e+03 2.433571772841662163e-16
5.697839955232208013e+03 2.362563480505068629e-16
5.700881365416875269e+03 2.369224845449717755e-16
5.703922775601541616e+03 2.385814294184895689e-16
5.706964185786208873e+03 2.471762526564457996e-16
5.710005595970876129e+03 2.361486868677345331e-16
5.713047006155542476e+03 2.316432047229508352e-16
5.716088416340209733e+03 2.270633354414949067e-16
5.719129826524876989e+03 2.225813179069079339e-16
5.722171236709544246e+03 2.350162217686773870e-16
5.725212646894210593e+03 2.350017896381747914e-16
5.728254057078877850e+03 2.287294121568427733e-16
5.731295467263545106e+03 2.321944691969820156e-16
5.734336877448211453e+03 2.254087253157152306e-16
5.737378287632878710e+03 2.311587006888525518e-16
5.740419697817545966e+03 2.293876979946524070e-16
5.743461108002213223e+03 2.423990998046512371e-16
5.746502518186880479e+03 2.351455710852636993e-16
5.749543928371546826e+03 2.149063640823819220e-16
5.752585338556214083e+03 2.278911268650344046e-16
5.755626748740880430e+03 1.974917371089820247e-16
5.758668158925547687e+03 2.120114982551399555e-16
5.761709569110214943e+03 2.077289314086800320e-16
5.764750979294882200e+03 2.040806281120882110e-16
5.767792389479549456e+03 2.230006931327106206e-16
5.770833799664215803e+03 2.531927747984571534e-16
5.773875209848883060e+03 2.281796060691080946e-16
5.776916620033549407e+03 2.224864376618340188e-16
5.779958030218216663e+03 2.014055271521403400e-16
5.782999440402883920e+03 2.060227588071079230e-16
5.786040850587551176e+03 2.267765829635243960e-16
5.789082260772218433e+03 2.286842758561702843e-16
5.792123670956884780e+03 2.235932198789314585e-16
5.795165081141552037e+03 2.105446523280546173e-16
5.798206491326218384e+03 2.177080298098308313e-16
5.801247901510885640e+03 2.161852931767828542e-16
5.804289311695552897e+03 2.276353952982879095e-16
5.807330721880220153e+03 2.170996705660242437e-16
5.810372132064887410e+03 2.206648740240729881e-16
5.813413542249553757e+03 2.225134798724607212e-16
5.816454952434221013e+03 2.257956781667429988e-16
5.819496362618887360e+03 2.256192572876586040e-16
5.822537772803554617e+03 2.438137360822523075e-16
5.825579182988221874e+03 2.296061057076140586e-16
5.828620593172889130e+03 2.351738021560049641e-16
5.831662003357556387e+03 2.340784134988057228e-16
5.834703413542222734e+03 2.340099056790420478e-16
5.837744823726889990e+03 2.389627974647270520e-16
5.840786233911557247e+03 2.442522622923092549e-16
5.843827644096223594e+03 2.448565285143415434e-16
5.846869054280890850e+03 2.470926771738191787e-16
5.849910464465558107e+03 2.564360451677543815e-16
5.852951874650225363e+03 2.626637472480764595e-16
5.855993284834891710e+03 2.525160137590058698e-16
5.859034695019558967e+03 2.585902753292840777e-16
5.862076105204225314e+03 2.607035658997324706e-16
5.865117515388892571e+03 2.722054671511268240e-16
5.868158925573559827e+03 2.648111115511462255e-16
5.871200335758227084e+03 2.593033893337465920e-16
5.874241745942894340e+03 2.641118728167699308e-16
5.877283156127560687e+03 2.743765584107603387e-16
5.880324566312227944e+03 2.653738868676601436e-16
5.883365976496894291e+03 2.448612038469234732e-16
5.886407386681561547e+03 2.455343285756972167e-16
5.889448796866228804e+03 2.390582617484999916e-16
5.892490207050896061e+03 2.646985252127437178e-16
5.895531617235563317e+03 2.592584087657732608e-16
5.898573027420230574e+03 2.590337212929027536e-16
5.901614437604896921e+03 2.667729058333174215e-16
5.904655847789563268e+03 2.560500414627993035e-16
5.907697257974230524e+03 2.640789041094441696e-16
5.910738668158897781e+03 2.497974505123687098e-16
5.913780078343565037e+03 2.620646007736004132e-16
5.916821488528232294e+03 2.636475920407687598e-16
5.919862898712899550e+03 2.417503086783242238e-16
5.922904308897565897e+03 2.349310527583622127e-16
5.925945719082232245e+03 2.385858796727884837e-16
5.928987129266899501e+03 2.443441649908762142e-16
5.932028539451566758e+03 2.515218685116109691e-16
5.935069949636234014e+03 2.472794803024891991e-16
5.938111359820901271e+03 2.499938006788607618e-16
5.941152770005568527e+03 2.667688084783389954e-16
5.944194180190234874e+03 2.526209716247950376e-16
5.947235590374901221e+03 2.531086798892959700e-16
5.950277000559568478e+03 2.481663121261700295e-16
5.953318410744235734e+03 2.537907275139555858e-16
5.956359820928902991e+03 2.417478137990605248e-16
5.959401231113570248e+03 2.347456069891405511e-16
5.962442641298237504e+03 2.501068832522191097e-16
5.965484051482903851e+03 2.421000699090214279e-16
5.968525461667571108e+03 2.354682266166868379e-16
5.971566871852237455e+03 2.362214088512335964e-16
5.974608282036904711e+03 2.312194018570891078e-16
5.977649692221571968e+03 2.239404197923555095e-16
5.980691102406239224e+03 2.279380478581764453e-16
5.983732512590906481e+03 2.333711015936882396e-16
5.986773922775572828e+03 2.217016517305306829e-16
5.989815332960240085e+03 2.172584006769078820e-16
5.992856743144906432e+03 2.243073161920829470e-16
5.995898153329573688e+03 2.105500254405734021e-16
5.998939563514240945e+03 2.095444674536086514e-16
6.001980973698908201e+03 2.076033312197400133e-16
6.005022383883575458e+03 2.113863555606572356e-16
6.008063794068241805e+03 2.120615957924940014e-16
6.011105204252909061e+03 2.008795780991140957e-16
6.014146614437575408e+03 1.998243191799841644e-16
6.017188024622242665e+03 1.950398792646411273e-16
6.020229434806909921e+03 1.950147961958367233e-16
6.023270844991577178e+03 1.985496451195980251e-16
6.026312255176244435e+03 1.934533842900673891e-16
6.029353665360910782e+03 1.880884654441943581e-16
6.032395075545578038e+03 1.821493101369861030e-16
6.035436485730244385e+03 1.865383167805792190e-16
6.038477895914911642e+03 1.888434600772628575e-16
6.041519306099578898e+03 1.956467540894885110e-16
6.044560716284246155e+03 1.952009368167970541e-16
6.047602126468913411e+03 1.931608531252988415e-16
6.050643536653579758e+03 1.953008129770075148e-16
6.053684946838247015e+03 1.999191912245256107e-16
6.056726357022913362e+03 1.901137014770997879e-16
6.059767767207580619e+03 1.832959203392449834e-16
6.062809177392247875e+03 1.875641353102588015e-16
6.065850587576915132e+03 1.949214842040194761e-16
6.068891997761582388e+03 1.983758699440788684e-16
6.071933407946248735e+03 1.926301055947757233e-16
6.074974818130915992e+03 1.885917263771240805e-16
6.078016228315582339e+03 1.865812519754451049e-16
6.081057638500249595e+03 1.930810590668156168e-16
6.084099048684916852e+03 1.889625441755715783e-16
6.087140458869584108e+03 1.780068398822614837e-16
6.090181869054251365e+03 1.840289090144721550e-16
6.093223279238917712e+03 1.822393315647379009e-16
6.096264689423584969e+03 1.737531952020219578e-16
6.099306099608251316e+03 1.825134878998454599e-16
6.102347509792918572e+03 1.782839662529432259e-16
6.105388919977585829e+03 1.797086402900770367e-16
6.108430330162253085e+03 1.847655114223277123e-16
6.111471740346920342e+03 1.680141926415741324e-16
6.114513150531586689e+03 1.838576265653077799e-16
6.117554560716253945e+03 1.784462925332593348e-16
6.120595970900920292e+03 1.681839885409267646e-16
6.123637381085587549e+03 1.718179432535499134e-16
6.126678791270254806e+03 1.643102893408385499e-16
6.129720201454922062e+03 1.650977628093522666e-16
6.132761611639589319e+03 1.597205664981123659e-16
6.135803021824255666e+03 1.651277979026635822e-16
6.138844432008922922e+03 1.728561360542325731e-16
6.141885842193589269e+03 1.662671564467424345e-16
6.144927252378256526e+03 1.623959152063971797e-16
6.147968662562923782e+03 1.699574526936276051e-16
6.151010072747591039e+03 1.671873373861676645e-16
6.154051482932258295e+03 1.759816710173157600e-16
6.157092893116925552e+03 1.769600504462027637e-16
6.160134303301591899e+03 1.700719534020819093e-16
6.163175713486258246e+03 1.621774239033827863e-16
6.166217123670925503e+03 1.566546494908687205e-16
6.169258533855592759e+03 1.660915867690943765e-16
6.172299944040260016e+03 1.595747434298348175e-16
6.175341354224927272e+03 1.582751426200245381e-16
6.178382764409594529e+03 1.569674123313828670e-16
6.181424174594260876e+03 1.511459631219888813e-16
6.184465584778927223e+03 1.542506399694585105e-16
6.187506994963594479e+03 1.585160746984309023e-16
6.190548405148261736e+03 1.565685873900843675e-16
6.193589815332928993e+03 1.559606888197818451e-16
6.196631225517596249e+03 1.533930037835855216e-16
6.199672635702263506e+03 1.414286249325867708e-16
6.202714045886929853e+03 1.339269903909176684e-16
6.205755456071597109e+03 1.361738237427234768e-16
6.208796866256263456e+03 1.428841890876724545e-16
6.211838276440930713e+03 1.320140460696881258e-16
6.214879686625597969e+03 1.340583159675371220e-16
6.217921096810265226e+03 1.372396465121289899e-16
6.220962506994932482e+03 1.232597078727213541e-16
6.224003917179598830e+03 1.258436457048731518e-16
6.227045327364266086e+03 1.316643242095426759e-16
6.230086737548932433e+03 1.250675597565441135e-16
6.233128147733599690e+03 1.116292792019983741e-16
6.236169557918266946e+03 1.105693828815340833e-16
6.239210968102934203e+03 1.213118779732901412e-16
6.242252378287601459e+03 1.374024047220134635e-16
6.245293788472267806e+03 1.364094124369764371e-16
6.248335198656935063e+03 1.349213851853472365e-16
6.251376608841601410e+03 1.306615931124861232e-16
6.254418019026268666e+03 1.188967862886060452e-16
6.257459429210935923e+03 1.203082150745390256e-16
6.260500839395603180e+03 1.363180871126416002e-16
6.263542249580270436e+03 1.417007071761015623e-16
6.266583659764936783e+03 1.324524151212904917e-16
6.269625069949604040e+03 1.442982689498806532e-16
6.272666480134270387e+03 1.385203707180583100e-16
6.275707890318937643e+03 1.387399081714702961e-16
6.278749300503604900e+03 1.446370273905288968e-16
6.281790710688272156e+03 1.385958280535681872e-16
6.284832120872939413e+03 1.302789628912106757e-16
6.287873531057605760e+03 1.412281601229729531e-16
6.290914941242273017e+03 1.385537631638777929e-16
6.293956351426939364e+03 1.378988987153847426e-16
6.296997761611606620e+03 1.486783361273303157e-16
6.300039171796273877e+03 1.729635375654509347e-16
6.303080581980941133e+03 1.610830751084959944e-16
6.306121992165608390e+03 1.341477143209448230e-16
6.309163402350274737e+03 1.659310512328381578e-16
6.312204812534941993e+03 1.693975729375879182e-16
6.315246222719608340e+03 1.667044106504247619e-16
6.318287632904275597e+03 1.634505979719256723e-16
6.321329043088942854e+03 1.743459766325532127e-16
6.324370453273610110e+03 1.619437406607062029e-16
6.327411863458277367e+03 1.742887942594454736e-16
6.330453273642943714e+03 1.792553282129919672e-16
6.333494683827610970e+03 1.753522574126894345e-16
6.336536094012277317e+03 1.814901297203826246e-16
6.339577504196944574e+03 1.880879346901561367e-16
6.342618914381611830e+03 1.825415466201623023e-16
6.345660324566279087e+03 1.926917582401985761e-16
6.348701734750946343e+03 1.981529232438087302e-16
6.351743144935612690e+03 1.875338795784486365e-16
6.354784555120279947e+03 1.974551579147567279e-16
6.357825965304946294e+03 2.054238382479684192e-16
6.360867375489613551e+03 1.946824006711885720e-16
6.363908785674280807e+03 2.025872709393561184e-16
6.366950195858948064e+03 2.054089654361303381e-16
6.369991606043615320e+03 2.021439906393041075e-16
6.373033016228281667e+03 2.136728566118088429e-16
6.376074426412948924e+03 2.202603911304969970e-16
6.379115836597615271e+03 2.346577008565011139e-16
6.382157246782282527e+03 2.185807576332376757e-16
6.385198656966949784e+03 2.187723611723968901e-16
6.388240067151617041e+03 2.222891060852580576e-16
6.391281477336284297e+03 2.261361750335094415e-16
6.394322887520951554e+03 2.305994300658188010e-16
6.397364297705617901e+03 2.392330597183941947e-16
6.400405707890284248e+03 2.289740061588744561e-16
6.403447118074951504e+03 2.431871829373629530e-16
6.406488528259618761e+03 2.419921482778364968e-16
6.409529938444286017e+03 2.375090301676839866e-16
6.412571348628953274e+03 2.482663455039375168e-16
6.415612758813620530e+03 2.470746223426682947e-16
6.418654168998286877e+03 2.364124960165899855e-16
6.421695579182953225e+03 2.527276163021402565e-16
6.424736989367620481e+03 2.496598333790573173e-16
6.427778399552287738e+03 2.374500502436741872e-16
6.430819809736954994e+03 2.574710460120584783e-16
6.433861219921622251e+03 2.535188921209912633e-16
6.436902630106289507e+03 2.570772234937768788e-16
6.439944040290955854e+03 2.575383371981076090e-16
6.442985450475622201e+03 2.545307096732074544e-16
6.446026860660289458e+03 2.583105242252260845e-16
6.449068270844956714e+03 2.454713883894854579e-16
6.452109681029623971e+03 2.686847893954651572e-16
6.455151091214291228e+03 2.663026916367224601e-16
6.458192501398958484e+03 2.569329532712694321e-16
6.461233911583624831e+03 2.575945837955379067e-16
6.464275321768292088e+03 2.572273751583294818e-16
6.467316731952958435e+03 2.651382015948725181e-16
6.470358142137625691e+03 2.595915247159150808e-16
6.473399552322292948e+03 2.549790816728589008e-16
6.476440962506960204e+03 2.530880256785921502e-16
6.479482372691627461e+03 2.644149871348158067e-16
6.482523782876293808e+03 2.691547232950215963e-16
6.485565193060961064e+03 2.559176750896784963e-16
6.488606603245627412e+03 2.529382109123214835e-16
6.491648013430294668e+03 2.495501063731021514e-16
6.494689423614961925e+03 2.504064325594107042e-16
6.497730833799629181e+03 2.601691536993994538e-16
6.500772243984296438e+03 2.656107986193966274e-16
6.503813654168962785e+03 2.569689310031591688e-16
6.506855064353630041e+03 2.631645880338036195e-16
6.509896474538296388e+03 2.584674497193952270e-16
6.512937884722963645e+03 2.529947965033105526e-16
6.515979294907630901e+03 2.634726271153975610e-16
6.519020705092298158e+03 2.439658037099801638e-16
6.522062115276965415e+03 2.370831026997404512e-16
6.525103525461631762e+03 2.460428963034834102e-16
6.528144935646299018e+03 2.449095588962188204e-16
6.531186345830965365e+03 2.460355981346440752e-16
6.534227756015632622e+03 2.388570021917034428e-16
6.537269166200299878e+03 2.397507690761664831e-16
6.540310576384967135e+03 2.320553349241345760e-16
6.543351986569634391e+03 2.390487508434155549e-16
6.546393396754300738e+03 2.322369197799199021e-16
6.549434806938967995e+03 2.298450244268482637e-16
6.552476217123634342e+03 2.294026777627729708e-16
6.555517627308301599e+03 2.357888746321144082e-16
6.558559037492968855e+03 2.244300939977247212e-16
6.561600447677636112e+03 2.345692422242269201e-16
6.564641857862303368e+03 2.301987150347080635e-16
6.567683268046969715e+03 2.234799432628282934e-16
6.570724678231636972e+03 2.306607904942312581e-16
6.573766088416303319e+03 2.220174259543413191e-16
6.576807498600970575e+03 2.252200067020793113e-16
6.579848908785637832e+03 2.221596748689534446e-16
6.582890318970305088e+03 2.217625712991478920e-16
6.585931729154972345e+03 2.179611138787454942e-16
6.588973139339638692e+03 2.183033549864747626e-16
6.592014549524305949e+03 2.158770587838706368e-16
6.595055959708972296e+03 2.166529214337695327e-16
6.598097369893639552e+03 2.131739876126131165e-16
6.601138780078306809e+03 2.020327033172930623e-16
6.604180190262974065e+03 2.023337346458023107e-16
6.607221600447641322e+03 2.086525693316132460e-16
6.610263010632307669e+03 2.140698248056027846e-16
6.613304420816974925e+03 2.051637906364182663e-16
6.616345831001641272e+03 2.112821282870877088e-16
6.619387241186308529e+03 2.012256131751561649e-16
6.622428651370975786e+03 1.995845128979405453e-16
6.625470061555643042e+03 1.908051919247126004e-16
6.628511471740310299e+03 1.977166336238736406e-16
6.631552881924976646e+03 1.977227361470663097e-16
6.634594292109643902e+03 1.871146291998485497e-16
6.637635702294310249e+03 2.095183733080253420e-16
6.640677112478977506e+03 2.011026041132070949e-16
6.643718522663644762e+03 1.971887779109360395e-16
6.646759932848312019e+03 1.944022442510077833e-16
6.649801343032979275e+03 1.920489352276285054e-16
6.652842753217646532e+03 1.937485532134754166e-16
6.655884163402312879e+03 1.940511799187661384e-16
6.658925573586979226e+03 1.959714605945111085e-16
6.661966983771646483e+03 2.007558741411630752e-16
6.665008393956313739e+03 1.929078655396457950e-16
6.668049804140980996e+03 2.023972972391154045e-16
6.671091214325648252e+03 1.984040410195227164e-16
6.674132624510315509e+03 1.926078188280230878e-16
6.677174034694981856e+03 2.011525245241723535e-16
6.680215444879648203e+03 1.961684585558961122e-16
6.683256855064315459e+03 2.111987510993568421e-16
6.686298265248982716e+03 2.017626637065492084e-16
6.689339675433649973e+03 2.016329143602153439e-16
6.692381085618317229e+03 1.969370945470145045e-16
6.695422495802984486e+03 1.905856931852767317e-16
6.698463905987650833e+03 2.000900139976142289e-16
6.701505316172318089e+03 2.071941683434468597e-16
6.704546726356984436e+03 1.923231751292437241e-16
6.707588136541651693e+03 1.779815566361087843e-16
6.710629546726318949e+03 1.948489106975050931e-16
6.713670956910986206e+03 1.882671619657552361e-16
6.716712367095653462e+03 1.904870997438828171e-16
6.719753777280319810e+03 1.938446166479578613e-16
6.722795187464987066e+03 1.904732590217234560e-16
6.725836597649653413e+03 1.885793046724658164e-16
6.728878007834320670e+03 1.847283925556370182e-16
6.731919418018987926e+03 1.797449625128081250e-16
6.734960828203655183e+03 1.844241886580894286e-16
6.738002238388322439e+03 1.754369017336991979e-16
6.741043648572988786e+03 1.716124835445138269e-16
6.744085058757656043e+03 1.746385557889656045e-16
6.747126468942322390e+03 1.872379644984186772e-16
6.750167879126989646e+03 1.840121785466933214e-16
6.753209289311656903e+03 1.751336411269219542e-16
6.756250699496324160e+03 1.773709489552566403e-16
6.759292109680991416e+03 1.717139411690987041e-16
6.762333519865657763e+03 1.694638963025486973e-16
6.765374930050325020e+03 1.793412020154819789e-16
6.768416340234991367e+03 1.720034209318686521e-16
6.771457750419658623e+03 1.695975813616832306e-16
6.774499160604325880e+03 1.684220701623219910e-16
6.777540570788993136e+03 1.806161267980925665e-16
6.780581980973660393e+03 1.676718577499545289e-16
6.783623391158326740e+03 1.758421337733122440e-16
6.786664801342993997e+03 1.682367619604915085e-16
6.789706211527660344e+03 1.702737848351862619e-16
6.792747621712327600e+03 1.709075542840297160e-16
6.795789031896994857e+03 1.549266320615374023e-16
6.798830442081662113e+03 1.645288534877840576e-16
6.801871852266329370e+03 1.712038198256027516e-16
6.804913262450995717e+03 1.631579998853865350e-16
6.807954672635662973e+03 1.668277051591623119e-16
6.810996082820329320e+03 1.594579572122313610e-16
6.814037493004996577e+03 1.542751641554806657e-16
6.817078903189663833e+03 1.672652586913015701e-16
6.820120313374331090e+03 1.754969242506458933e-16
6.823161723558998347e+03 1.566019984449316423e-16
6.826203133743664694e+03 1.543319395957700766e-16
6.829244543928331950e+03 1.611047319236987560e-16
6.832285954112998297e+03 1.626423537686251897e-16
6.835327364297665554e+03 1.499309041692350623e-16
6.838368774482332810e+03 1.524258977924551853e-16
6.841410184667000067e+03 1.689164887735704565e-16
6.844451594851667323e+03 1.631644801830946947e-16
6.847493005036333670e+03 1.519421290560139324e-16
6.850534415221000927e+03 1.521027033376040565e-16
6.853575825405667274e+03 1.680834113670844010e-16
6.856617235590334531e+03 1.579348385469229712e-16
6.859658645775001787e+03 1.586222746436276601e-16
6.862700055959669044e+03 1.568506841778815322e-16
6.865741466144336300e+03 1.820628310993084640e-16
6.868782876329002647e+03 1.781578756158702246e-16
6.871824286513669904e+03 1.493721823740509865e-16
6.874865696698336251e+03 1.473953871755175294e-16
6.877907106883003507e+03 1.435497183269308021e-16
6.880948517067670764e+03 1.415921688546860362e-16
6.883989927252338020e+03 1.602079836410377120e-16
6.887031337437005277e+03 1.641448793062613724e-16
6.890072747621672534e+03 1.514327850287619365e-16
6.893114157806338881e+03 1.590309341377085907e-16
6.896155567991005228e+03 1.502274679088402937e-16
6.899196978175672484e+03 1.479404599232987188e-16
6.902238388360339741e+03 1.529459770617157194e-16
6.905279798545006997e+03 1.404860685348806228e-16
6.908321208729674254e+03 1.513385055148357794e-16
6.911362618914341510e+03 1.679886246267186325e-16
6.914404029099007857e+03 1.555049489812880111e-16
6.917445439283674204e+03 1.440680107465922395e-16
6.920486849468341461e+03 1.488064731275229893e-16
6.923528259653008718e+03 1.447777268630470542e-16
6.926569669837675974e+03 1.483645769839184424e-16
6.929611080022343231e+03 1.551117978293706945e-16
6.932652490207010487e+03 1.396526642459997453e-16
6.935693900391676834e+03 1.480487053420636432e-16
6.938735310576343181e+03 1.469702738764969275e-16
6.941776720761010438e+03 1.429309505433236481e-16
6.944818130945677694e+03 1.378137560522485496e-16
6.947859541130344951e+03 1.330465504302384933e-16
6.950900951315012207e+03 1.432984701591872356e-16
6.953942361499679464e+03 1.435440018422597636e-16
6.956983771684345811e+03 1.436697634009686834e-16
6.960025181869013068e+03 1.358652624494526449e-16
6.963066592053679415e+03 1.468011689375290258e-16
6.966108002238346671e+03 1.481866770801106440e-16
6.969149412423013928e+03 1.479113559060628071e-16
6.972190822607681184e+03 1.483074536510158812e-16
6.975232232792348441e+03 1.391190886884961360e-16
6.978273642977014788e+03 1.447970588250426548e-16
6.981315053161682044e+03 1.367953198902137385e-16
6.984356463346348391e+03 1.488866176288750052e-16
6.987397873531015648e+03 1.525897483927446929e-16
6.990439283715682905e+03 1.548474286039799593e-16
6.993480693900350161e+03 1.464531101674322270e-16
6.996522104085017418e+03 1.490345371598500056e-16
6.999563514269683765e+03 1.530762588694214593e-16
7.002604924454351021e+03 1.509438185316392546e-16
7.005646334639017368e+03 1.504060269886482452e-16
7.008687744823684625e+03 1.602602589114293576e-16
7.011729155008351881e+03 1.486413188321854220e-16
7.014770565193019138e+03 1.517936837999804764e-16
7.017811975377686394e+03 1.548932282959776377e-16
7.020853385562352742e+03 1.519291118657235606e-16
7.023894795747019998e+03 1.518252353961237070e-16
7.026936205931686345e+03 1.559207306516981532e-16
7.029977616116353602e+03 1.499528284409445213e-16
7.033019026301020858e+03 1.503162085342434238e-16
7.036060436485688115e+03 1.555819585024517976e-16
7.039101846670355371e+03 1.526033857548543803e-16
7.042143256855021718e+03 1.522270130257145147e-16
7.045184667039688975e+03 1.524599523157651348e-16
7.048226077224355322e+03 1.568998192411110054e-16
7.051267487409022579e+03 1.536013685255163876e-16
7.054308897593689835e+03 1.488224633670044516e-16
7.057350307778357092e+03 1.540130383472740163e-16
7.060391717963024348e+03 1.597965403107681890e-16
7.063433128147690695e+03 1.455378146785199213e-16
7.066474538332357952e+03 1.562524087793691535e-16
7.069515948517024299e+03 1.522442182141551017e-16
7.072557358701691555e+03 1.544046745411862216e-16
7.075598768886358812e+03 1.690947002592108378e-16
7.078640179071026068e+03 1.573198098321527045e-16
7.081681589255693325e+03 1.544790206899816790e-16
7.084722999440359672e+03 1.528848179627704113e-16
7.087764409625026929e+03 1.381796372214129334e-16
7.090805819809693276e+03 1.597627915017008107e-16
7.093847229994360532e+03 1.541719372067732966e-16
7.096888640179027789e+03 1.485337172072618688e-16
7.099930050363695045e+03 1.538128953067978668e-16
7.102971460548362302e+03 1.630068047522267459e-16
7.106012870733028649e+03 1.536477292466063614e-16
7.109054280917695905e+03 1.514635541482669061e-16
7.112095691102362252e+03 1.577455623299808863e-16
7.115137101287029509e+03 1.539538198962729699e-16
7.118178511471696766e+03 1.476114668900778225e-16
7.121219921656364022e+03 1.532547248390987900e-16
7.124261331841031279e+03 1.457593344134353962e-16
7.127302742025697626e+03 1.512667208655395062e-16
7.130344152210364882e+03 1.482983723874481718e-16
7.133385562395031229e+03 1.417827964699050578e-16
7.136426972579698486e+03 1.485357247633983532e-16
7.139468382764365742e+03 1.411145173300342130e-16
7.142509792949032999e+03 1.394167365272880115e-16
7.145551203133700255e+03 1.429518419028643908e-16
7.148592613318367512e+03 1.359695568797232056e-16
7.151634023503033859e+03 1.277771799445383378e-16
7.154675433687700206e+03 1.358824734032935116e-16
7.157716843872367463e+03 1.413057256556861992e-16
7.160758254057034719e+03 1.333623882877441007e-16
7.163799664241701976e+03 1.402222860852147678e-16
7.166841074426369232e+03 1.470977309875828593e-16
7.169882484611036489e+03 1.424173963913972088e-16
7.172923894795702836e+03 1.265894871379980125e-16
7.175965304980369183e+03 1.386048858774178457e-16
7.179006715165036439e+03 1.323969080839590986e-16
7.182048125349703696e+03 1.429229064580701570e-16
7.185089535534370953e+03 1.273640183452554662e-16
7.188130945719038209e+03 1.315639300043300273e-16
7.191172355903705466e+03 1.443860685684504500e-16
7.194213766088371813e+03 1.348915731997709203e-16
7.197255176273039069e+03 1.345780160200841196e-16
7.200296586457705416e+03 1.520003335900273593e-16
7.203337996642372673e+03 1.414538510151956085e-16
7.206379406827039929e+03 1.400277871934148135e-16
7.209420817011707186e+03 1.493576476228217034e-16
7.212462227196374442e+03 1.502274999900369176e-16
7.215503637381040789e+03 1.509487150154843309e-16
7.218545047565708046e+03 1.405200777645469939e-16
7.221586457750374393e+03 1.470556975871207166e-16
7.224627867935041650e+03 1.421339885868350434e-16
7.227669278119708906e+03 1.443279727536757669e-16
7.230710688304376163e+03 1.640665236763075541e-16
7.233752098489043419e+03 1.566374020424571907e-16
7.236793508673709766e+03 1.458230341086434000e-16
7.239834918858377023e+03 1.503372692392117128e-16
7.242876329043043370e+03 1.435420223510824790e-16
7.245917739227710626e+03 1.555324464212708615e-16
7.248959149412377883e+03 1.427032485621328132e-16
7.252000559597045140e+03 1.457952470327296471e-16
7.255041969781712396e+03 1.487615607357725045e-16
7.258083379966378743e+03 1.570757077024742802e-16
7.261124790151046000e+03 1.493710719577145101e-16
7.264166200335712347e+03 1.407183256766627251e-16
7.267207610520379603e+03 1.386058068823403150e-16
7.270249020705046860e+03 1.369505449454197861e-16
7.273290430889714116e+03 1.291752989121682998e-16
7.276331841074381373e+03 1.436480959693229939e-16
7.279373251259047720e+03 1.378494824662837458e-16
7.282414661443714976e+03 1.409096014501675174e-16
7.285456071628381324e+03 1.465558368255381198e-16
7.288497481813048580e+03 1.452567705420454406e-16
7.291538891997715837e+03 1.313887317226250649e-16
7.294580302182383093e+03 1.395396428521714310e-16
7.297621712367050350e+03 1.434800438754877609e-16
7.300663122551716697e+03 1.419773197084521763e-16
7.303704532736383953e+03 1.451745678319151648e-16
7.306745942921050300e+03 1.221153437139704304e-16
7.309787353105717557e+03 1.350671473129426295e-16
7.312828763290384813e+03 1.276938104129814186e-16
7.315870173475052070e+03 1.412725626342989179e-16
7.318911583659719327e+03 1.481021359395799703e-16
7.321952993844385674e+03 1.388995425401769891e-16
7.324994404029052930e+03 1.297065432064092105e-16
7.328035814213719277e+03 1.424076846508486876e-16
7.331077224398386534e+03 1.291034949105290520e-16
7.334118634583053790e+03 1.333623029758242986e-16
7.337160044767721047e+03 1.477976201864912195e-16
7.340201454952388303e+03 1.531885577558422286e-16
7.343242865137054650e+03 1.563523800800445396e-16
7.346284275321721907e+03 1.200208343423680029e-16
7.349325685506388254e+03 1.330753734401601669e-16
7.352367095691055511e+03 1.320909239677906406e-16
7.355408505875722767e+03 1.274982672428860400e-16
7.358449916060390024e+03 1.402801338633693545e-16
7.361491326245057280e+03 1.349177510784812688e-16
7.364532736429723627e+03 1.359286661384499310e-16
7.367574146614390884e+03 1.544594101769033468e-16
7.370615556799057231e+03 1.356504585095019594e-16
7.373656966983724487e+03 1.273885995663690925e-16
7.376698377168391744e+03 1.448159101877963516e-16
7.379739787353059000e+03 1.463350508697345863e-16
7.382781197537726257e+03 1.440476562929085573e-16
7.385822607722393514e+03 1.358555293574764106e-16
7.388864017907059861e+03 1.424663585187880641e-16
7.391905428091726208e+03 1.358617860140678026e-16
7.394946838276393464e+03 1.358352889474647673e-16
7.397988248461060721e+03 1.408493308612320483e-16
7.401029658645727977e+03 1.454249120795950768e-16
7.404071068830395234e+03 1.445695407293580731e-16
7.407112479015062490e+03 1.472708265527231034e-16
7.410153889199728837e+03 1.481742928677826730e-16
7.413195299384395184e+03 1.465905062305264402e-16
7.416236709569062441e+03 1.494380635713771624e-16
7.419278119753729698e+03 1.502430853257539118e-16
7.422319529938396954e+03 1.361658397448390072e-16
7.425360940123064211e+03 1.457852828287602817e-16
7.428402350307731467e+03 1.557242691951063739e-16
7.431443760492397814e+03 1.563091251099046235e-16
7.434485170677064161e+03 1.522066954870719755e-16
7.437526580861731418e+03 1.510022253100192366e-16
7.440567991046398674e+03 1.527482645325815568e-16
7.443609401231065931e+03 1.560803828565305614e-16
7.446650811415733187e+03 1.473762936605652293e-16
7.449692221600400444e+03 1.513477573470930629e-16
7.452733631785066791e+03 1.530962046253249475e-16
7.455775041969734048e+03 1.525325850509332121e-16
7.458816452154400395e+03 1.552725963859099933e-16
7.461857862339067651e+03 1.453120125260459892e-16
7.464899272523734908e+03 1.495569915665527560e-16
7.467940682708402164e+03 1.387813903042704355e-16
7.470982092893069421e+03 1.452506766827187239e-16
7.474023503077735768e+03 1.566570576501759463e-16
7.477064913262403024e+03 1.569633932271346803e-16
7.480106323447069371e+03 1.604280786898902796e-16
7.483147733631736628e+03 1.496175766531885304e-16
7.486189143816403885e+03 1.487896058940460357e-16
7.489230554001071141e+03 1.445908219324045439e-16
7.492271964185738398e+03 1.418145832209898217e-16
7.495313374370404745e+03 1.282975822210335410e-16
7.498354784555072001e+03 1.365552498957262076e-16
7.501396194739738348e+03 1.525759125532536604e-16
7.504437604924405605e+03 1.425536966782734425e-16
7.507479015109072861e+03 1.423709238821403798e-16
7.510520425293740118e+03 1.487679377855536958e-16
7.513561835478407374e+03 1.468370726080487204e-16
7.516603245663073722e+03 1.360349774915901312e-16
7.519644655847740978e+03 1.328081283337419133e-16
7.522686066032407325e+03 1.388252526802509664e-16
7.525727476217074582e+03 1.371636160313478079e-16
7.528768886401741838e+03 1.236231841084874785e-16
7.531810296586409095e+03 1.298493690016469443e-16
7.534851706771076351e+03 1.337298797698427091e-16
7.537893116955742698e+03 1.261032156645578303e-16
7.540934527140409955e+03 1.247143089002452868e-16
7.543975937325076302e+03 1.278854419394374381e-16
7.547017347509743558e+03 1.330766942025299978e-16
7.550058757694410815e+03 1.314785727136507037e-16
7.553100167879078072e+03 1.219411861736378934e-16
7.556141578063745328e+03 1.302535058512009404e-16
7.559182988248411675e+03 1.469559783991759638e-16
7.562224398433078932e+03 1.421855189559699478e-16
7.565265808617745279e+03 1.396616586831198622e-16
7.568307218802412535e+03 1.299315671579605235e-16
7.571348628987079792e+03 1.285619473241162450e-16
7.574390039171747048e+03 1.357508175439141242e-16
7.577431449356414305e+03 1.203516089086041133e-16
7.580472859541080652e+03 1.259900763436954140e-16
7.583514269725747909e+03 1.277992433372774792e-16
7.586555679910414256e+03 1.390901441738340909e-16
7.589597090095081512e+03 1.279769705754669693e-16
7.592638500279748769e+03 1.598307354989614908e-16
7.595679910464416025e+03 1.919344214714421431e-16
7.598721320649083282e+03 1.521504321113899981e-16
7.601762730833749629e+03 1.460083859665113703e-16
7.604804141018416885e+03 1.525914048412425553e-16
7.607845551203083232e+03 8.237660840905508217e-17
7.610886961387750489e+03 8.405511582967742746e-17
7.613928371572417745e+03 8.313624029930225106e-17
7.616969781757085002e+03 1.066298992666805847e-16
7.620011191941752259e+03 1.382829062124744242e-16
7.623052602126418606e+03 1.668228683897187376e-16
7.626094012311085862e+03 1.666900848866773082e-16
7.629135422495752209e+03 1.422956743945965421e-16
7.632176832680419466e+03 1.136603422639891066e-16
7.635218242865086722e+03 1.331225077543602845e-16
7.638259653049753979e+03 1.216933964380967744e-16
7.641301063234421235e+03 1.354153534212061894e-16
7.644342473419088492e+03 1.354880340816398537e-16
7.647383883603754839e+03 1.358680865695492624e-16
7.650425293788421186e+03 1.418285433544172879e-16
7.653466703973088443e+03 1.455851627305155334e-16
7.656508114157755699e+03 1.442882793356964233e-16
7.659549524342422956e+03 1.517933885321861645e-16
7.662590934527090212e+03 1.578538194872252691e-16
7.665632344711757469e+03 1.591389529938533532e-16
7.668673754896423816e+03 1.407938570386041674e-16
7.671715165081090163e+03 1.379866658584461372e-16
7.674756575265757419e+03 1.390799231843223873e-16
7.677797985450424676e+03 1.443122306822218646e-16
7.680839395635091932e+03 1.404131957057961588e-16
7.683880805819759189e+03 1.471070304097769334e-16
7.686922216004426446e+03 1.495035429613869367e-16
7.689963626189092793e+03 1.449583358217464671e-16
7.693005036373760049e+03 1.428324195794790860e-16
7.696046446558426396e+03 1.350453466605915454e-16
7.699087856743093653e+03 1.447950765264208599e-16
7.702129266927760909e+03 1.372512399094104779e-16
7.705170677112428166e+03 1.404653042437350246e-16
7.708212087297095422e+03 1.393204259356748826e-16
7.711253497481761769e+03 1.462443695342561399e-16
7.714294907666429026e+03 1.519403007085897032e-16
7.717336317851095373e+03 1.509131612889176576e-16
7.720377728035762630e+03 1.417857725622799072e-16
7.723419138220429886e+03 1.193710542247687993e-16
7.726460548405097143e+03 1.342517820896714973e-16
7.729501958589764399e+03 1.530141292687140748e-16
7.732543368774430746e+03 1.485477690593601366e-16
7.735584778959098003e+03 1.290115412458807099e-16
7.738626189143764350e+03 1.316983173422528973e-16
7.741667599328431606e+03 1.334445769993671948e-16
7.744709009513098863e+03 1.370733532948504940e-16
7.747750419697766119e+03 1.479326235732627308e-16
7.750791829882433376e+03 1.480310721069473576e-16
7.753833240067099723e+03 1.345744933944798306e-16
7.756874650251766980e+03 1.303747781856203505e-16
7.759916060436433327e+03 1.421276795212316172e-16
7.762957470621100583e+03 1.434114411982998402e-16
7.765998880805767840e+03 1.277419483500056623e-16
7.769040290990435096e+03 1.130343549546896188e-16
7.772081701175102353e+03 1.364473574295993027e-16
7.775123111359768700e+03 1.266857255547043327e-16
7.778164521544435956e+03 1.239283113756282020e-16
7.781205931729102304e+03 1.288394353707780285e-16
7.784247341913769560e+03 1.265691000513130038e-16
7.787288752098436817e+03 1.413737592377132362e-16
7.790330162283104073e+03 1.394453484418625016e-16
7.793371572467771330e+03 1.249770413225614246e-16
7.796412982652437677e+03 1.129929878723748557e-16
7.799454392837104933e+03 1.301254626476971058e-16
7.802495803021771280e+03 1.278234316299907707e-16
7.805537213206438537e+03 1.272905769871910715e-16
7.808578623391105793e+03 1.365970387887812469e-16
7.811620033575773050e+03 1.330933565253783222e-16
7.814661443760440307e+03 1.208569443576079477e-16
7.817702853945106654e+03 1.405392968414040808e-16
7.820744264129773910e+03 1.508476143737072654e-16
7.823785674314440257e+03 1.478007526331106321e-16
7.826827084499107514e+03 1.299964904043403778e-16
7.829868494683774770e+03 1.217454471275465343e-16
7.832909904868442027e+03 1.358188708348405382e-16
7.835951315053109283e+03 1.488398807157842483e-16
7.838992725237775630e+03 1.334972857219794491e-16
7.842034135422442887e+03 1.445924832447436574e-16
7.845075545607109234e+03 1.293774431761136121e-16
7.848116955791776491e+03 1.221266356647969370e-16
7.851158365976443747e+03 1.276775650713243712e-16
7.854199776161111004e+03 1.180351248274395181e-16
7.857241186345778260e+03 1.267557994339284321e-16
7.860282596530444607e+03 1.435402012936012786e-16
7.863324006715111864e+03 1.295251735120783802e-16
7.866365416899778211e+03 1.217497962158163086e-16
7.869406827084445467e+03 1.305471243757610993e-16
7.872448237269112724e+03 1.262543706188142532e-16
7.875489647453779980e+03 1.248331108257593132e-16
7.878531057638447237e+03 1.164001278424082854e-16
7.881572467823114494e+03 1.229219330206865122e-16
7.884613878007780841e+03 1.337586606217293805e-16
7.887655288192447188e+03 1.325256794751312189e-16
7.890696698377114444e+03 1.290242811028595857e-16
7.893738108561781701e+03 1.142572436896289040e-16
7.896779518746448957e+03 1.268139546439585133e-16
7.899820928931116214e+03 1.294012091429362482e-16
7.902862339115782561e+03 1.240259381992979350e-16
7.905903749300449817e+03 1.238584252451096024e-16
7.908945159485117074e+03 1.124034301453856951e-16
7.911986569669783421e+03 1.331507840345868333e-16
7.915027979854450678e+03 1.120932501284800694e-16
7.918069390039117934e+03 1.247763577600440711e-16
7.921110800223785191e+03 1.328181181062729108e-16
7.924152210408451538e+03 1.241182290026900272e-16
7.927193620593118794e+03 1.215647716730548385e-16
7.930235030777786051e+03 1.123897325759575794e-16
7.933276440962452398e+03 1.221413320674898810e-16
7.936317851147119654e+03 1.268536705532644998e-16
7.939359261331786911e+03 1.330977509172581684e-16
7.942400671516454167e+03 1.242646322233896962e-16
7.945442081701120514e+03 1.164353434844668308e-16
7.948483491885787771e+03 1.089153591054874468e-16
7.951524902070455028e+03 1.257345150222049549e-16
7.954566312255121375e+03 1.178110119030060912e-16
7.957607722439788631e+03 1.089117163063767732e-16
7.960649132624455888e+03 9.955245501653934375e-17
7.963690542809123144e+03 1.233854633174295747e-16
7.966731952993789491e+03 1.182741608604922487e-16
7.969773363178456748e+03 1.039944782765583084e-16
7.972814773363124004e+03 1.048943119251420104e-16
7.975856183547791261e+03 1.199009551538455879e-16
7.978897593732457608e+03 1.082232314326750618e-16
7.981939003917124865e+03 1.110836792601649270e-16
7.984980414101792121e+03 1.062085196563729780e-16
7.988021824286458468e+03 9.031416954810326965e-17
7.991063234471125725e+03 8.526601057169345801e-17
7.994104644655792981e+03 1.060095898416905759e-16
7.997146054840460238e+03 1.070468094728944623e-16
8.000187465025126585e+03 9.968719529208203483e-17
8.003228875209793841e+03 9.201775077339225518e-17
8.006270285394461098e+03 9.113687876187588950e-17
8.009311695579127445e+03 7.598010059649370822e-17
8.012353105763794701e+03 8.703444575425677670e-17
8.015394515948461958e+03 1.021601953760123075e-16
8.018435926133129215e+03 9.360298178976139797e-17
8.021477336317795562e+03 8.977648783275614129e-17
8.024518746502462818e+03 8.018209861321374517e-17
8.027560156687130075e+03 9.162746759471931464e-17
8.030601566871796422e+03 8.708153765299758439e-17
8.033642977056463678e+03 9.240534783645345937e-17
8.036684387241130935e+03 8.721495803440737225e-17
8.039725797425798191e+03 7.893551460898462557e-17
8.042767207610464538e+03 7.627231325833093566e-17
8.045808617795131795e+03 7.915350171480404374e-17
8.048850027979799052e+03 8.250830411178367171e-17
8.051891438164465399e+03 7.879642973252699265e-17
8.054932848349132655e+03 6.043613108273445319e-17
8.057974258533799912e+03 7.070812757495061000e-17
8.061015668718467168e+03 7.672864749190574562e-17
8.064057078903133515e+03 7.218764614330073275e-17
8.067098489087800772e+03 6.044198237077499661e-17
8.070139899272468028e+03 6.437148578969311907e-17
8.073181309457134375e+03 4.813926287759550904e-17
8.076222719641801632e+03 5.067890044938234228e-17
8.079264129826468888e+03 5.509474002070120985e-17
8.082305540011136145e+03 4.497552122195109990e-17
8.085346950195802492e+03 4.499976924549946835e-17
8.088388360380469749e+03 4.981989894877412142e-17
8.091429770565137005e+03 5.154441198664656788e-17
8.094471180749803352e+03 5.040552891872194618e-17
8.097512590934470609e+03 4.303266975604363707e-17
8.100554001119137865e+03 3.778520371431232161e-17
8.103595411303805122e+03 2.913732377834235960e-17
8.106636821488471469e+03 2.925660810094790880e-17
8.109678231673138725e+03 2.927516777963026694e-17
8.112719641857805982e+03 3.184376410758344109e-17
8.115761052042473239e+03 2.223168682081776143e-17
8.118802462227139586e+03 2.488251452238092966e-17
8.121843872411806842e+03 3.288039972478808641e-17
8.124885282596474099e+03 3.083193719280925215e-17
8.127926692781140446e+03 1.876776837845911293e-17
8.130968102965807702e+03 2.023920394812366611e-17
8.134009513150474959e+03 2.785737006591934672e-17
8.137050923335142215e+03 1.881468607593985800e-17
8.140092333519808562e+03 1.374107120006064019e-17
8.143133743704475819e+03 1.784547452130434473e-17
8.146175153889143076e+03 1.959712489407920909e-17
8.149216564073809423e+03 1.906857259793056011e-17
8.152257974258476679e+03 1.814996326887752114e-17
8.155299384443143936e+03 2.647789733624103989e-17
8.158340794627811192e+03 2.114006520855193774e-17
8.161382204812477539e+03 1.895997735781704034e-17
8.164423614997144796e+03 4.970104898914723528e-18
8.167465025181812052e+03 6.095253203832221679e-18
8.170506435366478399e+03 2.667656537171089685e-17
8.173547845551145656e+03 2.469067304621156734e-17
8.176589255735812912e+03 3.103118138391181848e-17
8.179630665920480169e+03 1.692961480980776509e-17
8.182672076105146516e+03 2.180614540486368758e-17
8.185713486289813773e+03 1.901632240892255883e-17
8.188754896474481029e+03 1.737083833635283642e-17
8.191796306659147376e+03 3.612487863570341510e-17
8.194837716843814633e+03 4.051540952184884025e-17
8.197879127028481889e+03 4.566896610193668075e-17
8.200920537213149146e+03 3.207076931907470428e-17
8.203961947397816402e+03 2.615779466635347927e-17
8.207003357582481840e+03 2.573586215688740766e-17
8.210044767767150915e+03 3.778086642688323519e-17
8.213086177951816353e+03 3.430202434983267778e-17
8.216127588136483610e+03 2.772773482200717295e-17
8.219168998321150866e+03 1.501730548740153141e-17
8.222210408505818123e+03 2.008683555895511038e-17
8.225251818690485379e+03 3.649635059085906666e-17
8.228293228875150817e+03 2.788818912247035355e-17
8.231334639059819892e+03 1.850879250338681664e-17
8.234376049244485330e+03 2.943919352077095010e-17
8.237417459429152586e+03 4.500473143775095037e-17
8.240458869613819843e+03 3.721688761139502095e-17
8.243500279798487099e+03 2.574950958282027927e-17
8.246541689983154356e+03 2.506295994788751976e-17
8.249583100167819794e+03 2.173340737425957807e-17
8.252624510352488869e+03 2.315647375035325572e-17
8.255665920537154307e+03 1.954941260557140549e-17
8.258707330721821563e+03 1.416656686330379623e-17
8.261748740906488820e+03 3.247547810786479517e-17
8.264790151091156076e+03 4.903971987177397455e-17
8.267831561275823333e+03 3.309550700210815267e-17
8.270872971460488770e+03 3.020988332099530041e-17
8.273914381645157846e+03 3.579389060792757747e-17
8.276955791829823283e+03 3.060873313798432359e-17
8.279997202014490540e+03 3.054789836704052254e-17
8.283038612199157797e+03 5.602535581260632687e-17
8.286080022383825053e+03 3.375970495013633927e-17
8.289121432568492310e+03 3.171974733248281983e-17
8.292162842753157747e+03 2.774325162877670245e-17
8.295204252937826823e+03 -4.721382406373201677e-18
8.298245663122492260e+03 9.432397601002694665e-18
8.301287073307159517e+03 4.801270686667001308e-17
8.304328483491826773e+03 4.810832860304756341e-17
8.307369893676494030e+03 2.792226325894308298e-17
8.310411303861161286e+03 2.200576584922566083e-17
8.313452714045826724e+03 3.035852107642796724e-17
8.316494124230495800e+03 3.565840002747582320e-17
8.319535534415161237e+03 6.021943809703780013e-17
8.322576944599828494e+03 4.868044832954467090e-17
8.325618354784495750e+03 4.937473988256736013e-17
8.328659764969163007e+03 4.181141699336269864e-17
8.331701175153830263e+03 3.785920481827193311e-17
8.334742585338495701e+03 5.657937173382545394e-17
8.337783995523164776e+03 3.848637486954815853e-17
8.340825405707830214e+03 4.500350650572180543e-17
8.343866815892497470e+03 4.885493110051903143e-17
8.346908226077164727e+03 3.251555714651870193e-17
8.349949636261831984e+03 3.782765309042039946e-17
8.352991046446499240e+03 4.970962209155629458e-17
8.356032456631164678e+03 4.013021653602425277e-17
8.359073866815833753e+03 3.951256703072344780e-17
8.362115277000499191e+03 4.405488551122833317e-17
8.365156687185166447e+03 4.480456404489223009e-17
8.368198097369833704e+03 4.963415542130449937e-17
8.371239507554500960e+03 5.114974973498249792e-17
8.374280917739168217e+03 4.927888737612541211e-17
8.377322327923833654e+03 6.016669468476211330e-17
8.380363738108502730e+03 6.346653077805102835e-17
8.383405148293168168e+03 4.507339552284709503e-17
8.386446558477835424e+03 4.797676009953555070e-17
8.389487968662502681e+03 3.894371217040267977e-17
8.392529378847169937e+03 3.475451034624773984e-17
8.395570789031837194e+03 5.510403751957187158e-17
8.398612199216502631e+03 8.108016045822899790e-17
8.401653609401171707e+03 7.260611560358422083e-17
8.404695019585837144e+03 4.507880364229814888e-17
8.407736429770504401e+03 4.126390312502096400e-17
8.410777839955171657e+03 3.105391351391869226e-17
8.413819250139838914e+03 3.429216774164542216e-17
8.416860660324506171e+03 5.823512850434319222e-17
8.419902070509171608e+03 5.402820572197911702e-17
8.422943480693840684e+03 5.321831073417275424e-17
8.425984890878506121e+03 4.468181010452832885e-17
8.429026301063173378e+03 6.449893359816130534e-17
8.432067711247840634e+03 8.210261707184345353e-17
8.435109121432507891e+03 5.262898415474603151e-17
8.438150531617175147e+03 5.760142068738194182e-17
8.441191941801840585e+03 5.211956425875303932e-17
8.444233351986509660e+03 7.187297881777124100e-17
8.447274762171175098e+03 6.684043956140488573e-17
8.450316172355842355e+03 6.051768578682960612e-17
8.453357582540509611e+03 8.569685480903092894e-17
8.456398992725176868e+03 8.392203237794808889e-17
8.459440402909844124e+03 6.045112087947792109e-17
8.462481813094509562e+03 6.847822659308303217e-17
8.465523223279178637e+03 6.931915758672125586e-17
8.468564633463844075e+03 6.692858005882844579e-17
8.471606043648511331e+03 5.174491706551221319e-17
8.474647453833178588e+03 8.692785292857419566e-17
8.477688864017845845e+03 8.660133721877038260e-17
8.480730274202513101e+03 8.232093843807758492e-17
8.483771684387178539e+03 7.827837463718006289e-17
8.486813094571847614e+03 7.266401370244810411e-17
8.489854504756513052e+03 6.041453228757505663e-17
8.492895914941182127e+03 8.037687449520069078e-17
8.495937325125847565e+03 6.688429680540811293e-17
8.498978735310514821e+03 6.063275790394526897e-17
8.502020145495182078e+03 8.660885113955762533e-17
8.505061555679847515e+03 7.240436131761312695e-17
8.508102965864516591e+03 5.522202236297265435e-17
8.511144376049182029e+03 7.806999311249907482e-17
8.514185786233851104e+03 7.466099514151725356e-17
8.517227196418516542e+03 7.462112209136753680e-17
8.520268606603183798e+03 9.983393014333706879e-17
8.523310016787851055e+03 9.651703586880729126e-17
8.526351426972516492e+03 8.431120418349516614e-17
8.529392837157185568e+03 9.399817965018433399e-17
8.532434247341851005e+03 8.540654356019911465e-17
8.535475657526520081e+03 8.736610506975751678e-17
8.538517067711185518e+03 1.078342605504348615e-16
8.541558477895852775e+03 1.078029334462847041e-16
8.544599888080520032e+03 1.069557323939984633e-16
8.547641298265185469e+03 9.710690611995232721e-17
8.550682708449854545e+03 1.004600923826841734e-16
8.553724118634519982e+03 1.062899871328588097e-16
8.556765528819189058e+03 9.491360062876328865e-17
8.559806939003854495e+03 9.270356489322209940e-17
8.562848349188521752e+03 9.527636965652721799e-17
8.565889759373189008e+03 1.108035485686603878e-16
8.568931169557854446e+03 1.036135465370361235e-16
8.571972579742523521e+03 8.457705148046200253e-17
8.575013989927188959e+03 9.370732288245456992e-17
8.578055400111858035e+03 8.280281831510092851e-17
8.581096810296523472e+03 8.933254177066709319e-17
8.584138220481190729e+03 8.896785070170003277e-17
8.587179630665857985e+03 9.449672311190475421e-17
8.590221040850523423e+03 1.247035134708720638e-16
8.593262451035192498e+03 1.026842198060654155e-16
8.596303861219857936e+03 1.035830537741888334e-16
8.599345271404527011e+03 1.151761650854307076e-16
8.602386681589192449e+03 1.195940356051743476e-16
8.605428091773859705e+03 1.156836222878109136e-16
8.608469501958526962e+03 1.147088120944761032e-16
8.611510912143194219e+03 1.362934434832617602e-16
8.614552322327861475e+03 1.094824202463060915e-16
8.617593732512526913e+03 1.200305189117989267e-16
8.620635142697195988e+03 1.354934588927879675e-16
8.623676552881861426e+03 1.068798248303872561e-16
8.626717963066528682e+03 1.040998438008077171e-16
8.629759373251195939e+03 1.246078213059403358e-16
8.632800783435863195e+03 1.573508103650242425e-16
8.635842193620530452e+03 1.253553845435211973e-16
8.638883603805195889e+03 1.262527945433578762e-16
8.641925013989864965e+03 1.209604486575532577e-16
8.644966424174530403e+03 1.009996168139038291e-16
8.648007834359197659e+03 1.077923735704427485e-16
8.651049244543864916e+03 1.156398216745645440e-16
8.654090654728532172e+03 1.322487848438968033e-16
8.657132064913199429e+03 1.497596018762052213e-16
8.660173475097864866e+03 1.139121315432704031e-16
8.663214885282533942e+03 1.020481640308965305e-16
8.666256295467199379e+03 1.212065897453875491e-16
8.669297705651866636e+03 1.556134496642897384e-16
8.672339115836533892e+03 1.278517461628501260e-16
8.675380526021201149e+03 1.044305956760531122e-16
8.678421936205868406e+03 1.291604959326717984e-16
8.681463346390533843e+03 1.147840560554442928e-16
8.684504756575202919e+03 1.116316505741194825e-16
8.687546166759868356e+03 1.235341870050335816e-16
8.690587576944535613e+03 1.142969504653089003e-16
8.693628987129202869e+03 1.285057099967378629e-16
8.696670397313870126e+03 1.441309306303605487e-16
8.699711807498537382e+03 1.213198172331712013e-16
8.702753217683202820e+03 1.166016654397210353e-16
8.705794627867871895e+03 1.433335154427833979e-16
8.708836038052537333e+03 1.335337790087414786e-16
8.711877448237204590e+03 1.196016939576919417e-16
8.714918858421871846e+03 1.257574362531985741e-16
8.717960268606539103e+03 1.020378120541879570e-16
8.721001678791206359e+03 8.926906239446651127e-17
8.724043088975871797e+03 1.149245763937375727e-16
8.727084499160540872e+03 1.280872855087995535e-16
8.730125909345206310e+03 1.260637258977801543e-16
8.733167319529873566e+03 1.076897129652615047e-16
8.736208729714540823e+03 1.429617656228044645e-16
8.739250139899208079e+03 1.308283503677075914e-16
8.742291550083875336e+03 1.321800386347906889e-16
8.745332960268540774e+03 1.128266258001908633e-16
8.748374370453209849e+03 1.034872587839461953e-16
8.751415780637875287e+03 1.235161329209241879e-16
8.754457190822542543e+03 1.384094309581348941e-16
8.757498601007209800e+03 1.005879068022734890e-16
8.760540011191877056e+03 1.069820091051444258e-16
8.763581421376544313e+03 1.169020715092010894e-16
8.766622831561209750e+03 1.257146874051371290e-16
8.769664241745878826e+03 1.119424731837790852e-16
8.772705651930544263e+03 1.050311948628852236e-16
8.775747062115211520e+03 1.417260576581998002e-16
8.778788472299878777e+03 1.247925294565144425e-16
8.781829882484546033e+03 7.356323509071906871e-17
8.784871292669213290e+03 9.666389098738872615e-17
8.787912702853878727e+03 1.151545687000488082e-16
8.790954113038547803e+03 1.144089734217970648e-16
8.793995523223213240e+03 9.332440315957317454e-17
8.797036933407880497e+03 1.077960889265343483e-16
8.800078343592547753e+03 9.493777429142092848e-17
8.803119753777215010e+03 9.766036376456731690e-17
8.806161163961882266e+03 1.199660581840152510e-16
8.809202574146547704e+03 1.131894175958905076e-16
8.812243984331216780e+03 1.144745543177241700e-16
8.815285394515882217e+03 1.096143985841080782e-16
8.818326804700549474e+03 1.091377350205052663e-16
8.821368214885216730e+03 1.072720929942777938e-16
8.824409625069883987e+03 8.616250579388048528e-17
8.827451035254551243e+03 1.086174385869781918e-16
8.830492445439216681e+03 7.258905020104396089e-17
8.833533855623885756e+03 7.940334156045577376e-17
8.836575265808551194e+03 8.354047157374901998e-17
8.839616675993218450e+03 1.050194052896066029e-16
8.842658086177885707e+03 1.103212486963724053e-16
8.845699496362552964e+03 9.884994810478425937e-17
8.848740906547220220e+03 9.532006295397021246e-17
8.851782316731885658e+03 7.903741775374711391e-17
8.854823726916554733e+03 9.392401370673391080e-17
8.857865137101220171e+03 1.031915836720659091e-16
8.860906547285887427e+03 7.001633518311826567e-17
8.863947957470554684e+03 7.749549487456015795e-17
8.866989367655221940e+03 1.020268073543233480e-16
8.870030777839889197e+03 9.835141031159267752e-17
8.873072188024554634e+03 8.096782273325300296e-17
8.876113598209223710e+03 8.949146216831925012e-17
8.879155008393889148e+03 8.749191985664860766e-17
8.882196418578556404e+03 9.468637865771285388e-17
8.885237828763223661e+03 6.736289849060339931e-17
8.888279238947890917e+03 8.106550678672849780e-17
8.891320649132558174e+03 9.696654319063433134e-17
8.894362059317223611e+03 7.688632794188444061e-17
8.897403469501892687e+03 1.057244931178530925e-16
8.900444879686558124e+03 7.896395124053195212e-17
8.903486289871225381e+03 8.072129585551010819e-17
8.906527700055892637e+03 1.050988886909031754e-16
8.909569110240559894e+03 1.223499195443733627e-16
8.912610520425227151e+03 1.019237499683706494e-16
8.915651930609892588e+03 9.267076318468703615e-17
8.918693340794561664e+03 9.004249121906179964e-17
8.921734750979227101e+03 8.076562197674217993e-17
8.924776161163894358e+03 9.930300051658087607e-17
8.927817571348561614e+03 6.762730414626685301e-17
8.930858981533228871e+03 8.125181360939589275e-17
8.933900391717896127e+03 8.242937356079122347e-17
8.936941801902561565e+03 9.704695339051118022e-17
8.939983212087230640e+03 6.899868104671843611e-17
8.943024622271896078e+03 1.108060501575806641e-16
8.946066032456563335e+03 9.328159167050874570e-17
8.949107442641230591e+03 8.364658711987942161e-17
8.952148852825897848e+03 6.696485190930885159e-17
8.955190263010565104e+03 5.088337538655684717e-17
8.958231673195230542e+03 2.806261086485888215e-17
8.961273083379899617e+03 7.133087259519339419e-17
8.964314493564565055e+03 6.466383880021550656e-17
8.967355903749232311e+03 6.818121290951619384e-17
8.970397313933899568e+03 7.079819711553140942e-17
8.973438724118566824e+03 1.038260576968379021e-16
8.976480134303234081e+03 7.601491417887514391e-17
8.979521544487899519e+03 6.751108479423623406e-17
8.982562954672568594e+03 7.933369311116378644e-17
8.985604364857234032e+03 5.586110405396899481e-17
8.988645775041903107e+03 1.463498886533732383e-17
8.991687185226568545e+03 5.417940761767264500e-17
8.994728595411235801e+03 5.601151584459336894e-17
8.997770005595903058e+03 6.499323662300430616e-17
9.000811415780568495e+03 5.905695164012518150e-17
9.003852825965237571e+03 4.410609428531423505e-17
9.006894236149903008e+03 5.207643849417563211e-17
9.009935646334572084e+03 3.514738614218007310e-17
9.012977056519237522e+03 4.917148341407445239e-17
9.016018466703904778e+03 4.123607409591799427e-17
9.019059876888572035e+03 4.117662941496514276e-17
9.022101287073237472e+03 5.535417654313166719e-17
9.025142697257906548e+03 1.985717849291563297e-17
9.028184107442571985e+03 3.946559834376879297e-17
9.031225517627241061e+03 5.351836219158356089e-17
9.034266927811906498e+03 4.638390599523540523e-17
9.037308337996573755e+03 4.904882898570694686e-17
9.040349748181241011e+03 5.763277491324632111e-17
9.043391158365906449e+03 5.604852319005623797e-17
9.046432568550575525e+03 6.925275454521789238e-17
9.049473978735240962e+03 5.899531724956670310e-17
9.052515388919910038e+03 6.918326931755458196e-17
9.055556799104575475e+03 3.858508881544545858e-17
9.058598209289242732e+03 3.617658078662738376e-17
9.061639619473909988e+03 2.757991473618175542e-17
9.064681029658575426e+03 3.687373956974615979e-17
9.067722439843244501e+03 6.586312238179915684e-17
9.070763850027909939e+03 6.786266567012020164e-17
9.073805260212579014e+03 4.574385282497426492e-17
9.076846670397244452e+03 6.141786624213208348e-17
9.079888080581911709e+03 7.298814086911646409e-17
9.082929490766578965e+03 6.082316713089035977e-17
9.085970900951244403e+03 4.192906699484399483e-17
9.089012311135913478e+03 4.882303325657229841e-17
9.092053721320578916e+03 6.613746358735495265e-17
9.095095131505247991e+03 7.298845312286927311e-17
9.098136541689913429e+03 8.843721006906207069e-17
9.101177951874580685e+03 6.480276174023040741e-17
9.104219362059247942e+03 4.214312306936133609e-17
9.107260772243915198e+03 4.711908028196726922e-17
9.110302182428582455e+03 4.152870592538199223e-17
9.113343592613247893e+03 7.357918629845250544e-17
9.116385002797916968e+03 6.100316424816731585e-17
9.119426412982582406e+03 3.444324846886349407e-17
9.122467823167249662e+03 6.280109401519776045e-17
9.125509233351916919e+03 6.820541554718798309e-17
9.128550643536584175e+03 4.916572308497942144e-17
9.131592053721251432e+03 5.930459518363785355e-17
9.134633463905916869e+03 4.305906484924568511e-17
9.137674874090585945e+03 4.106285172799360702e-17
9.140716284275251382e+03 6.568565925881156748e-17
9.143757694459918639e+03 5.463722208406579670e-17
9.146799104644585896e+03 5.467282693849633773e-17
9.149840514829253152e+03 8.352561126463768367e-17
9.152881925013920409e+03 1.038156387096332850e-16
9.155923335198585846e+03 6.096630152829732863e-17
9.158964745383254922e+03 7.024711516400692782e-17
9.162006155567920359e+03 3.792742678264192965e-17
9.165047565752587616e+03 5.825780972615824844e-17
9.168088975937254872e+03 9.410605554726717235e-17
9.171130386121922129e+03 9.688165751839105284e-17
9.174171796306589385e+03 6.228391334685181714e-17
9.177213206491254823e+03 7.968134088261359756e-17
9.180254616675923899e+03 1.070547109462501674e-16
9.183296026860589336e+03 9.561317522260531588e-17
9.186337437045256593e+03 9.094167333956607311e-17
9.189378847229923849e+03 7.060234441168540976e-17
9.192420257414591106e+03 5.075249921469741074e-17
9.195461667599258362e+03 6.869586159387776115e-17
9.198503077783923800e+03 6.226361158949913728e-17
9.201544487968592875e+03 2.358887002558115536e-17
9.204585898153258313e+03 2.825937456229396076e-17
9.207627308337925570e+03 8.011853935977721549e-17
9.210668718522592826e+03 4.645788848458403101e-17
9.213710128707260083e+03 8.976016920215752841e-17
9.216751538891927339e+03 3.920960748702692657e-17
9.219792949076592777e+03 6.967793585902900523e-17
9.222834359261261852e+03 6.609722374531560702e-17
9.225875769445927290e+03 1.036487910139484500e-16
9.228917179630594546e+03 5.630343346249417856e-17
9.231958589815261803e+03 7.279261628328914657e-17
9.234999999999929059e+03 7.993167771044731325e-17
