3.800000000000000000e+03 6.122509478360777864e-16
3.803041410184666802e+03 6.648921693722431742e-16
3.806082820369334058e+03 7.364626059242366984e-16
3.809124230554000860e+03 7.727266094288096368e-16
3.812165640738668117e+03 7.227365512872620574e-16
3.815207050923334918e+03 6.621467115368584430e-16
3.818248461108002175e+03 6.718830371792760060e-16
3.821289871292668977e+03 7.026460477561634594e-16
3.824331281477335779e+03 7.898227277028651322e-16
3.827372691662003035e+03 8.192123665248626293e-16
3.830414101846669837e+03 7.966796709964631820e-16
3.833455512031337094e+03 7.790387677292859312e-16
3.836496922216003895e+03 7.967940622507231433e-16
3.839538332400671152e+03 8.569261546414521727e-16
3.842579742585337954e+03 8.703896261952740539e-16
3.845621152770005210e+03 9.271231160402673230e-16
3.848662562954672012e+03 8.973763291802211410e-16
3.851703973139338814e+03 8.744715404896147122e-16
3.854745383324006070e+03 9.055511271470781130e-16
3.857786793508672872e+03 9.394067596645300034e-16
3.860828203693340129e+03 1.000449428737100369e-15
3.863869613878006930e+03 1.054373041121560091e-15
3.866911024062674187e+03 9.777491502898303733e-16
3.869952434247340989e+03 9.851450301918452051e-16
3.872993844432007791e+03 1.063636267570688588e-15
3.876035254616675047e+03 1.033362091242519341e-15
3.879076664801341849e+03 1.070174329595198001e-15
3.882118074986009105e+03 1.150221130503376064e-15
3.885159485170675907e+03 1.187242861722744637e-15
3.888200895355343164e+03 1.253257665049224134e-15
3.891242305540009966e+03 1.260746335631777493e-15
3.894283715724676767e+03 1.219294463465329212e-15
3.897325125909344024e+03 1.330030262416795874e-15
3.900366536094010826e+03 1.397824955439217239e-15
3.903407946278678082e+03 1.421347276706835868e-15
3.906449356463344884e+03 1.370702594097290387e-15
3.909490766648012141e+03 1.392066402822710586e-15
3.912532176832678942e+03 1.552210672446838772e-15
3.915573587017346199e+03 1.595283078665505896e-15
3.918614997202013001e+03 1.714417250345810846e-15
3.921656407386679803e+03 1.697020444306458767e-15
3.924697817571347059e+03 1.719828586425365200e-15
3.927739227756013861e+03 1.775072840368575290e-15
3.930780637940681117e+03 1.742782640876917907e-15
3.933822048125347919e+03 1.686813461523994130e-15
3.936863458310015176e+03 1.767618757001553053e-15
3.939904868494681978e+03 1.886816694355090003e-15
3.942946278679349234e+03 1.877166169292829577e-15
3.945987688864016036e+03 1.854320602700830985e-15
3.949029099048682838e+03 1.876609034498284183e-15
3.952070509233350094e+03 1.911274237222697267e-15
3.955111919418016896e+03 1.982488715893706268e-15
3.958153329602684153e+03 2.034713070399020956e-15
3.961194739787350954e+03 1.925839053115540990e-15
3.964236149972018211e+03 2.013145010719171055e-15
3.967277560156685013e+03 2.070748932704342356e-15
3.970318970341351815e+03 1.959602440380548558e-15
3.973360380526019071e+03 1.971013940260155415e-15
3.976401790710685873e+03 2.083892020943587351e-15
3.979443200895353129e+03 1.959238410607436458e-15
3.982484611080019931e+03 1.987196537292798444e-15
3.985526021264687188e+03 1.922108464129673299e-15
3.988567431449353990e+03 1.832397312940054269e-15
3.991608841634020791e+03 1.890880071985807109e-15
3.994650251818688048e+03 1.882342312668479107e-15
3.997691662003354850e+03 1.860936314880764557e-15
4.000733072188022106e+03 1.875866764700007282e-15
4.003774482372688908e+03 1.800609380753457616e-15
4.006815892557356165e+03 1.768924315928320834e-15
4.009857302742022966e+03 1.872446409942864522e-15
4.012898712926689768e+03 1.874792277321647843e-15
4.015940123111357025e+03 1.736690580127996546e-15
4.018981533296023827e+03 1.765745015412623614e-15
4.022022943480691083e+03 1.668329480910826423e-15
4.025064353665357885e+03 1.612242585055024302e-15
4.028105763850025141e+03 1.692982828027775195e-15
4.031147174034691943e+03 1.634348941967818277e-15
4.034188584219359200e+03 1.584817542365732751e-15
4.037229994404026002e+03 1.587466200572395926e-15
4.040271404588692803e+03 1.482208921594410041e-15
4.043312814773360060e+03 1.525992762571709693e-15
4.046354224958026862e+03 1.450559919221628639e-15
4.049395635142694118e+03 1.416904880819577096e-15
4.052437045327360920e+03 1.402302199475043169e-15
4.055478455512028177e+03 1.418838875647021547e-15
4.058519865696694978e+03 1.384951235326760709e-15
4.061561275881362235e+03 1.339639543319584962e-15
4.064602686066029037e+03 1.324669879565989939e-15
4.067644096250695839e+03 1.309581091762676041e-15
4.070685506435363095e+03 1.251872733849667712e-15
4.073726916620029897e+03 1.255855538810910390e-15
4.076768326804697153e+03 1.228902498247961874e-15
4.079809736989363955e+03 1.221744620243608694e-15
4.082851147174031212e+03 1.237056333324828918e-15
4.085892557358698014e+03 1.085897865962766814e-15
4.088933967543364815e+03 1.173305829015070567e-15
4.091975377728032072e+03 1.091584358892686877e-15
4.095016787912698874e+03 1.053453497509887731e-15
4.098058198097365675e+03 1.160759855413862639e-15
4.101099608282032932e+03 1.103544884092471428e-15
4.104141018466700189e+03 1.049884449356874639e-15
4.107182428651367445e+03 1.094177703933989956e-15
4.110223838836033792e+03 1.186243390922539208e-15
4.113265249020701049e+03 1.159672473305457076e-15
4.116306659205368305e+03 1.174587956796136683e-15
4.119348069390034652e+03 1.217392783888858392e-15
4.122389479574701909e+03 1.225377454775438782e-15
4.125430889759369165e+03 1.157811157851109527e-15
4.128472299944036422e+03 1.162477028949498831e-15
4.131513710128702769e+03 1.186491795371478693e-15
4.134555120313370026e+03 1.168458774427788385e-15
4.137596530498037282e+03 1.214767566784263602e-15
4.140637940682703629e+03 1.241087288724251888e-15
4.143679350867370886e+03 1.140580622985818779e-15
4.146720761052038142e+03 1.106524616760326977e-15
4.149762171236705399e+03 1.157842184607089383e-15
4.152803581421371746e+03 1.147164872141799166e-15
4.155844991606039002e+03 1.136270687545428820e-15
4.158886401790706259e+03 1.164616330527390838e-15
4.161927811975372606e+03 1.226739063682498811e-15
4.164969222160039863e+03 1.194106078525266453e-15
4.168010632344707119e+03 1.177584083300323401e-15
4.171052042529374376e+03 1.188613603271026873e-15
4.174093452714040723e+03 1.237229112231120066e-15
4.177134862898707979e+03 1.147911739554478411e-15
4.180176273083375236e+03 1.173616410383109888e-15
4.183217683268041583e+03 1.162100119540018429e-15
4.186259093452708839e+03 1.181439767863999125e-15
4.189300503637376096e+03 1.180424282855279856e-15
4.192341913822043352e+03 1.120849694500262845e-15
4.195383324006709699e+03 1.166470404565148045e-15
4.198424734191376956e+03 1.192134005562009137e-15
4.201466144376044213e+03 1.136711072383743093e-15
4.204507554560710560e+03 1.164128886251274059e-15
4.207548964745377816e+03 1.210815356200461970e-15
4.210590374930045073e+03 1.213961251962602195e-15
4.213631785114712329e+03 1.134818195334625032e-15
4.216673195299378676e+03 1.131250702759328027e-15
4.219714605484045933e+03 1.138198563365380510e-15
4.222756015668713189e+03 1.134019506738863340e-15
4.225797425853379536e+03 1.183971461076970186e-15
4.228838836038046793e+03 1.187838533108460898e-15
4.231880246222714050e+03 1.224484164752907632e-15
4.234921656407381306e+03 1.189284336002195793e-15
4.237963066592047653e+03 1.205792328818868731e-15
4.241004476776714910e+03 1.122785318513239672e-15
4.244045886961382166e+03 1.092936623320406450e-15
4.247087297146048513e+03 1.131077974833484282e-15
4.250128707330715770e+03 1.156973297382715455e-15
4.253170117515383026e+03 1.151953675797578254e-15
4.256211527700050283e+03 1.137518837021680506e-15
4.259252937884716630e+03 1.112532005747965162e-15
4.262294348069383886e+03 1.114285327573208522e-15
4.265335758254051143e+03 1.152321635682639856e-15
4.268377168438718400e+03 1.191063875791793854e-15
4.271418578623384747e+03 1.168118211776372630e-15
4.274459988808052003e+03 1.159528592821640666e-15
4.277501398992719260e+03 1.159561003959529610e-15
4.280542809177385607e+03 1.157246727269883769e-15
4.283584219362052863e+03 1.231318184210681546e-15
4.286625629546720120e+03 1.164378717241743342e-15
4.289667039731387376e+03 1.104806905640057348e-15
4.292708449916053723e+03 1.123482469333312956e-15
4.295749860100720980e+03 1.110402951425614163e-15
4.298791270285388237e+03 1.146009556661310242e-15
4.301832680470054584e+03 1.119839402637628794e-15
4.304874090654721840e+03 1.111198064420563861e-15
4.307915500839389097e+03 1.075588491362561641e-15
4.310956911024056353e+03 1.117068308642052012e-15
4.313998321208722700e+03 1.134415072573617191e-15
4.317039731393389957e+03 1.151751471259886361e-15
4.320081141578057213e+03 1.087311408966097257e-15
4.323122551762724470e+03 1.095083539540738583e-15
4.326163961947390817e+03 1.044134882040835401e-15
4.329205372132058073e+03 1.073818274819983399e-15
4.332246782316725330e+03 1.099674820909310400e-15
4.335288192501391677e+03 1.033970683378022887e-15
4.338329602686058934e+03 1.031424498450063333e-15
4.341371012870726190e+03 1.001929946992294744e-15
4.344412423055393447e+03 1.028157167359831491e-15
4.347453833240059794e+03 1.026061522536228708e-15
4.350495243424727050e+03 9.867335542519842546e-16
4.353536653609394307e+03 1.010589151447653117e-15
4.356578063794060654e+03 1.014446471391403703e-15
4.359619473978727910e+03 1.041767491048501282e-15
4.362660884163395167e+03 9.366995979658516403e-16
4.365702294348062424e+03 9.252473743332885619e-16
4.368743704532728771e+03 9.200472298825777950e-16
4.371785114717396027e+03 8.980312424326824497e-16
4.374826524902063284e+03 8.587059575850796767e-16
4.377867935086729631e+03 8.881674279024864616e-16
4.380909345271396887e+03 8.605135965218605954e-16
4.383950755456064144e+03 8.359120580796939758e-16
4.386992165640731400e+03 8.001052143649891309e-16
4.390033575825397747e+03 7.830861764868575265e-16
4.393074986010065004e+03 8.090552454490697638e-16
4.396116396194732260e+03 7.923877099938203218e-16
4.399157806379398608e+03 7.523567482213231269e-16
4.402199216564065864e+03 7.535268684788365688e-16
4.405240626748733121e+03 7.511191174646166565e-16
4.408282036933400377e+03 7.404606392118765703e-16
4.411323447118066724e+03 7.680814810447601636e-16
4.414364857302733981e+03 7.480829818554476634e-16
4.417406267487401237e+03 7.811815568592780225e-16
4.420447677672067584e+03 8.026623208651965959e-16
4.423489087856734841e+03 7.145547841361531042e-16
4.426530498041402097e+03 7.943765265900926649e-16
4.429571908226069354e+03 7.899892563184087160e-16
4.432613318410735701e+03 7.979932223062662018e-16
4.435654728595402958e+03 7.842885355879044446e-16
4.438696138780070214e+03 7.621937011287373767e-16
4.441737548964736561e+03 8.048974402492576534e-16
4.444778959149403818e+03 8.001152912095254528e-16
4.447820369334071074e+03 8.394958148002158463e-16
4.450861779518738331e+03 8.660331591279425856e-16
4.453903189703404678e+03 8.507237101782575867e-16
4.456944599888071934e+03 8.680662529512742972e-16
4.459986010072739191e+03 9.007340941560276915e-16
4.463027420257405538e+03 9.334524740806537705e-16
4.466068830442072795e+03 9.298098595820057216e-16
4.469110240626740051e+03 9.548177559726392785e-16
4.472151650811407308e+03 9.905611899918621602e-16
4.475193060996073655e+03 9.560171364623619719e-16
4.478234471180740911e+03 9.534962872038421810e-16
4.481275881365408168e+03 9.545938023765768957e-16
4.484317291550074515e+03 1.018663462772486794e-15
4.487358701734741771e+03 1.022653612274724106e-15
4.490400111919409028e+03 1.060472411218099661e-15
4.493441522104076284e+03 1.092355630916451724e-15
4.496482932288742631e+03 1.069429464925154063e-15
4.499524342473409888e+03 1.101322247411989260e-15
4.502565752658077145e+03 1.105098130718585322e-15
4.505607162842743492e+03 1.109381076191861836e-15
4.508648573027410748e+03 1.157977407692291953e-15
4.511689983212078005e+03 1.172283731574844153e-15
4.514731393396745261e+03 1.204650108014136093e-15
4.517772803581411608e+03 1.158932159994164880e-15
4.520814213766078865e+03 1.181386816941955097e-15
4.523855623950746121e+03 1.189278231754535706e-15
4.526897034135412468e+03 1.194015273889772433e-15
4.529938444320079725e+03 1.248717060413276578e-15
4.532979854504746982e+03 1.240041222074900516e-15
4.536021264689414238e+03 1.214649172486055579e-15
4.539062674874080585e+03 1.184247919604971241e-15
4.542104085058747842e+03 1.212538845683208161e-15
4.545145495243415098e+03 1.207782519665116727e-15
4.548186905428082355e+03 1.220263774101674333e-15
4.551228315612748702e+03 1.207559748153274736e-15
4.554269725797415958e+03 1.265834471776880282e-15
4.557311135982083215e+03 1.283358383760550726e-15
4.560352546166750471e+03 1.308706152580284369e-15
4.563393956351416819e+03 1.308590830790519168e-15
4.566435366536084075e+03 1.305921975614891208e-15
4.569476776720751332e+03 1.263267938999577142e-15
4.572518186905417679e+03 1.312936053276984321e-15
4.575559597090084935e+03 1.291855845723585832e-15
4.578601007274752192e+03 1.246782206466149973e-15
4.581642417459419448e+03 1.305243856488308550e-15
4.584683827644085795e+03 1.295422960199097561e-15
4.587725237828753052e+03 1.228256548304070730e-15
4.590766648013420308e+03 1.283405434255569434e-15
4.593808058198086655e+03 1.262302979040785644e-15
4.596849468382753912e+03 1.244466568547702648e-15
4.599890878567421169e+03 1.267294166498354879e-15
4.602932288752088425e+03 1.251710607311004970e-15
4.605973698936754772e+03 1.236865330465425541e-15
4.609015109121422029e+03 1.222427672161152737e-15
4.612056519306089285e+03 1.228462233743508503e-15
4.615097929490755632e+03 1.251574679700639995e-15
4.618139339675422889e+03 1.227115619155833545e-15
4.621180749860090145e+03 1.217050244986137821e-15
4.624222160044757402e+03 1.176185360073753106e-15
4.627263570229423749e+03 1.188473429689205307e-15
4.630304980414091006e+03 1.181990186982468266e-15
4.633346390598758262e+03 1.188325579249524604e-15
4.636387800783424609e+03 1.125803846345109379e-15
4.639429210968091866e+03 1.139574475882273553e-15
4.642470621152759122e+03 1.148352550388327182e-15
4.645512031337426379e+03 1.140088486363436650e-15
4.648553441522092726e+03 1.089186936886848606e-15
4.651594851706759982e+03 1.105013157953069054e-15
4.654636261891427239e+03 1.156367965192054563e-15
4.657677672076093586e+03 1.109544737613611368e-15
4.660719082260760842e+03 1.120016856926438344e-15
4.663760492445428099e+03 1.157920653314111524e-15
4.666801902630095356e+03 1.133666998703149834e-15
4.669843312814761703e+03 1.088439957908877651e-15
4.672884722999428959e+03 1.115287435178780033e-15
4.675926133184096216e+03 1.082025428536217499e-15
4.678967543368762563e+03 1.103640005828180811e-15
4.682008953553429819e+03 1.083703943540666212e-15
4.685050363738097076e+03 1.043311837530276926e-15
4.688091773922764332e+03 1.041739423904760061e-15
4.691133184107430679e+03 1.027163168460658177e-15
4.694174594292097936e+03 1.036348322127988653e-15
4.697216004476765193e+03 1.006286352127837606e-15
4.700257414661431540e+03 9.956960192582949461e-16
4.703298824846098796e+03 1.000117502432643530e-15
4.706340235030766053e+03 9.668364878682219194e-16
4.709381645215433309e+03 9.017046672580800131e-16
4.712423055400099656e+03 9.195904051790887270e-16
4.715464465584766913e+03 9.167532413880066450e-16
4.718505875769434169e+03 8.752134052490393988e-16
4.721547285954100516e+03 8.565008376494963016e-16
4.724588696138767773e+03 8.617977873108487321e-16
4.727630106323435029e+03 8.422084959812422950e-16
4.730671516508102286e+03 7.509674996459326111e-16
4.733712926692768633e+03 7.020968085995048561e-16
4.736754336877435890e+03 7.005871661957706724e-16
4.739795747062103146e+03 6.787585801362963978e-16
4.742837157246769493e+03 6.382109382911524473e-16
4.745878567431436750e+03 6.325970135664764504e-16
4.748919977616104006e+03 6.101662323451467037e-16
4.751961387800771263e+03 6.027342572306673631e-16
4.755002797985437610e+03 5.982347520634288861e-16
4.758044208170104866e+03 6.156131051132437357e-16
4.761085618354772123e+03 5.898503343806572657e-16
4.764127028539438470e+03 5.778482298031468958e-16
4.767168438724105727e+03 5.860885715862493822e-16
4.770209848908772983e+03 5.851082280118502088e-16
4.773251259093440240e+03 5.588186009407678387e-16
4.776292669278106587e+03 5.525850375199198995e-16
4.779334079462773843e+03 5.594747870350604924e-16
4.782375489647441100e+03 5.654669745358019480e-16
4.785416899832107447e+03 5.502219592310474168e-16
4.788458310016774703e+03 5.351813515493481646e-16
4.791499720201441960e+03 5.248298468013045339e-16
4.794541130386109216e+03 5.212667165872622821e-16
4.797582540570775564e+03 5.268881795306461032e-16
4.800623950755442820e+03 5.478768919285609022e-16
4.803665360940110077e+03 5.382988620034894654e-16
4.806706771124777333e+03 5.230116595505714366e-16
4.809748181309443680e+03 5.148836878129278321e-16
4.812789591494110937e+03 4.755866593086385684e-16
4.815831001678778193e+03 4.764826515048684548e-16
4.818872411863445450e+03 4.567362954079146286e-16
4.821913822048111797e+03 4.634710371738031817e-16
4.824955232232779053e+03 4.487417740339330755e-16
4.827996642417445400e+03 4.559527161453638601e-16
4.831038052602112657e+03 4.442639251031395483e-16
4.834079462786779914e+03 4.512866256765561019e-16
4.837120872971447170e+03 4.301367856261891694e-16
4.840162283156114427e+03 4.112240107864830539e-16
4.843203693340780774e+03 4.513603849280187415e-16
4.846245103525448030e+03 4.379364000870952532e-16
4.849286513710115287e+03 4.354716095916435492e-16
4.852327923894781634e+03 4.308039003725657497e-16
4.855369334079448890e+03 4.611263460040367472e-16
4.858410744264116147e+03 4.802046384991661407e-16
4.861452154448783403e+03 4.869485192205233097e-16
4.864493564633449751e+03 4.557411065228691408e-16
4.867534974818117007e+03 4.976304305269343182e-16
4.870576385002784264e+03 4.951082188431236474e-16
4.873617795187450611e+03 4.716235560656660937e-16
4.876659205372117867e+03 4.907505318410277444e-16
4.879700615556785124e+03 5.253923334200014556e-16
4.882742025741452380e+03 5.479150946590096797e-16
4.885783435926118727e+03 5.493846633482031777e-16
4.888824846110785984e+03 5.249084553184047382e-16
4.891866256295453240e+03 5.189768832962339674e-16
4.894907666480119588e+03 5.507001338133803692e-16
4.897949076664786844e+03 5.910591567787222263e-16
4.900990486849454101e+03 6.078000104279077708e-16
4.904031897034121357e+03 6.255358343853198436e-16
4.907073307218787704e+03 6.332020979533243736e-16
4.910114717403454961e+03 6.252481282170594712e-16
4.913156127588122217e+03 6.314912441592355033e-16
4.916197537772788564e+03 6.535026457515619701e-16
4.919238947957455821e+03 6.721687142753447493e-16
4.922280358142123077e+03 6.842113099279779753e-16
4.925321768326790334e+03 6.966811282101085331e-16
4.928363178511456681e+03 6.960370591692232691e-16
4.931404588696123938e+03 6.921807712308831368e-16
4.934445998880791194e+03 7.105072888481723368e-16
4.937487409065457541e+03 7.097144792509708820e-16
4.940528819250124798e+03 7.005377730271877032e-16
4.943570229434792054e+03 7.032142310205419277e-16
4.946611639619459311e+03 7.084828362706869987e-16
4.949653049804125658e+03 6.950778295290438690e-16
4.952694459988792914e+03 6.485729645088288370e-16
4.955735870173460171e+03 6.703692784709193691e-16
4.958777280358126518e+03 6.439227017350873594e-16
4.961818690542793775e+03 6.294273970317775552e-16
4.964860100727461031e+03 6.132455973200965821e-16
4.967901510912128288e+03 6.152812747168680375e-16
4.970942921096794635e+03 5.701406378473551927e-16
4.973984331281461891e+03 5.407468428103802197e-16
4.977025741466129148e+03 5.447930323489317264e-16
4.980067151650795495e+03 6.054821921087989756e-16
4.983108561835462751e+03 5.867476379208191814e-16
4.986149972020130008e+03 5.362479518646473452e-16
4.989191382204797264e+03 5.285311511103479750e-16
4.992232792389463611e+03 5.401084780976024587e-16
4.995274202574130868e+03 5.471967863782980539e-16
4.998315612758798125e+03 5.284926117106043042e-16
5.001357022943464472e+03 5.009131391358816807e-16
5.004398433128131728e+03 5.196765518950425153e-16
5.007439843312798985e+03 5.121580088992973373e-16
5.010481253497466241e+03 5.485414807565804853e-16
5.013522663682133498e+03 5.236292275430141514e-16
5.016564073866799845e+03 5.237236438342574375e-16
5.019605484051467101e+03 5.341257274611889742e-16
5.022646894236133448e+03 5.268451838779904644e-16
5.025688304420800705e+03 5.375321089015723209e-16
5.028729714605467962e+03 5.384194849064663151e-16
5.031771124790135218e+03 5.438123448429294389e-16
5.034812534974802475e+03 5.498703769296269713e-16
5.037853945159468822e+03 5.437578849663073274e-16
5.040895355344136078e+03 5.470905255314043016e-16
5.043936765528802425e+03 5.676614909083959789e-16
5.046978175713469682e+03 5.557839370678667408e-16
5.050019585898136938e+03 5.611291269636278011e-16
5.053060996082804195e+03 5.813722983788181643e-16
5.056102406267471451e+03 5.787081147471382638e-16
5.059143816452137798e+03 5.852541050373224340e-16
5.062185226636805055e+03 5.958070965860227400e-16
5.065226636821471402e+03 6.250785111787909701e-16
5.068268047006138659e+03 6.230043767009478668e-16
5.071309457190805915e+03 6.405032141430561266e-16
5.074350867375473172e+03 6.376909943530485972e-16
5.077392277560140428e+03 6.546112640759006961e-16
5.080433687744806775e+03 6.665804575356143019e-16
5.083475097929474032e+03 6.583252664578264456e-16
5.086516508114140379e+03 6.713694211381844957e-16
5.089557918298807635e+03 6.912779205314348283e-16
5.092599328483474892e+03 7.080149081441422473e-16
5.095640738668142149e+03 7.067692755014440464e-16
5.098682148852809405e+03 7.069786289892412512e-16
5.101723559037475752e+03 7.218797891799907701e-16
5.104764969222143009e+03 7.349140237554743099e-16
5.107806379406810265e+03 6.987832731877068388e-16
5.110847789591476612e+03 7.275037845636739309e-16
5.113889199776143869e+03 7.449872939731489267e-16
5.116930609960811125e+03 7.415622853174407313e-16
5.119972020145478382e+03 7.628961120162831556e-16
5.123013430330144729e+03 7.585164191748147136e-16
5.126054840514811985e+03 7.361760059618927059e-16
5.129096250699479242e+03 7.811021590049068109e-16
5.132137660884145589e+03 7.922605914828962645e-16
5.135179071068812846e+03 8.072927764893910260e-16
5.138220481253480102e+03 7.932598691746257011e-16
5.141261891438147359e+03 8.034691535058203072e-16
5.144303301622813706e+03 8.441055462708096942e-16
5.147344711807480962e+03 8.645199661885176606e-16
5.150386121992148219e+03 8.325304935787195137e-16
5.153427532176814566e+03 8.308022278594629149e-16
5.156468942361481822e+03 8.579315752177089768e-16
5.159510352546149079e+03 8.688534755430053765e-16
5.162551762730816336e+03 8.694023289819894589e-16
5.165593172915482683e+03 8.531735702480600385e-16
5.168634583100149939e+03 8.800373046677418349e-16
5.171675993284817196e+03 8.861448793605554121e-16
5.174717403469483543e+03 8.764963143373737178e-16
5.177758813654150799e+03 8.710637884651553495e-16
5.180800223838818056e+03 8.864087804786067072e-16
5.183841634023485312e+03 8.957722993969571933e-16
5.186883044208151659e+03 9.053762247774728116e-16
5.189924454392818916e+03 9.012977689189750706e-16
5.192965864577486172e+03 8.936946207805359470e-16
5.196007274762152520e+03 9.030594043201344618e-16
5.199048684946819776e+03 9.083729137569824789e-16
5.202090095131487033e+03 8.798087081837576420e-16
5.205131505316154289e+03 8.928207214595779082e-16
5.208172915500820636e+03 8.835952369746820125e-16
5.211214325685487893e+03 9.050282766667058636e-16
5.214255735870155149e+03 9.024332595642702708e-16
5.217297146054821496e+03 9.081819956457472719e-16
5.220338556239488753e+03 9.234468009593347641e-16
5.223379966424156009e+03 9.488630320957390058e-16
5.226421376608823266e+03 9.268953573203795094e-16
5.229462786793489613e+03 9.540424559133141350e-16
5.232504196978156870e+03 9.415321137326742000e-16
5.235545607162824126e+03 9.314898183724248513e-16
5.238587017347490473e+03 9.165347728870731946e-16
5.241628427532157730e+03 9.223841042413840832e-16
5.244669837716824986e+03 9.338662126630717669e-16
5.247711247901492243e+03 9.351686002984759997e-16
5.250752658086159499e+03 9.512377964057208012e-16
5.253794068270825846e+03 9.618459463584807796e-16
5.256835478455493103e+03 9.545757318928902822e-16
5.259876888640159450e+03 9.267962169678684364e-16
5.262918298824826707e+03 9.430782495150334134e-16
5.265959709009493963e+03 9.393295903457221334e-16
5.269001119194161220e+03 9.430104869889550251e-16
5.272042529378828476e+03 9.476679317603818159e-16
5.275083939563494823e+03 9.499359141194915577e-16
5.278125349748162080e+03 9.589179731110185053e-16
5.281166759932828427e+03 9.360935231424918550e-16
5.284208170117495683e+03 9.321438492666702616e-16
5.287249580302162940e+03 9.549581057398373283e-16
5.290290990486830196e+03 9.248463270431608886e-16
5.293332400671497453e+03 9.485310921581655202e-16
5.296373810856163800e+03 9.476627384789115000e-16
5.299415221040831057e+03 9.317193638830877351e-16
5.302456631225497404e+03 9.188788677077921361e-16
5.305498041410164660e+03 9.121204692762451982e-16
5.308539451594831917e+03 9.290475102034861126e-16
5.311580861779499173e+03 9.085498052730298646e-16
5.314622271964166430e+03 9.233669911105238733e-16
5.317663682148832777e+03 9.110005737969653344e-16
5.320705092333500033e+03 9.280425171983939516e-16
5.323746502518166380e+03 9.220601440243873313e-16
5.326787912702833637e+03 9.035343818723048676e-16
5.329829322887500894e+03 9.042764047463047289e-16
5.332870733072168150e+03 8.670690267925976448e-16
5.335912143256835407e+03 8.898739671822753029e-16
5.338953553441501754e+03 8.985503927290788027e-16
5.341994963626169010e+03 8.975015519513951699e-16
5.345036373810836267e+03 8.791153042562897775e-16
5.348077783995502614e+03 8.394970417509089986e-16
5.351119194180169870e+03 8.509585598530290896e-16
5.354160604364837127e+03 8.419176535592434838e-16
5.357202014549504383e+03 8.171264709181732250e-16
5.360243424734170731e+03 8.127434229379335126e-16
5.363284834918837987e+03 8.382673211469226031e-16
5.366326245103505244e+03 7.991986870001295010e-16
5.369367655288171591e+03 7.999243238707384159e-16
5.372409065472838847e+03 8.171232311126144136e-16
5.375450475657506104e+03 8.047318050402665504e-16
5.378491885842173360e+03 7.902000705647174078e-16
5.381533296026839707e+03 7.739229049649774659e-16
5.384574706211506964e+03 7.711373857486812817e-16
5.387616116396174220e+03 7.634512050612838336e-16
5.390657526580840567e+03 7.445324333862975991e-16
5.393698936765507824e+03 7.609333396015325629e-16
5.396740346950175081e+03 7.460147282770347011e-16
5.399781757134842337e+03 7.656728702797353538e-16
5.402823167319508684e+03 7.689563369788884890e-16
5.405864577504175941e+03 7.557788191329687395e-16
5.408905987688843197e+03 7.354519011051324022e-16
5.411947397873509544e+03 7.179741948313791507e-16
5.414988808058176801e+03 7.319572361822837563e-16
5.418030218242844057e+03 7.019857173871930640e-16
5.421071628427511314e+03 6.996286280825719460e-16
5.424113038612177661e+03 7.088137828804223376e-16
5.427154448796844918e+03 7.159486895303251023e-16
5.430195858981512174e+03 7.176081097532629303e-16
5.433237269166178521e+03 7.246870301268220027e-16
5.436278679350845778e+03 7.311472119264396155e-16
5.439320089535513034e+03 7.631933251365421349e-16
5.442361499720180291e+03 7.264555717199333000e-16
5.445402909904846638e+03 7.187740215994135215e-16
5.448444320089513894e+03 7.429996076280933754e-16
5.451485730274181151e+03 6.991449704565263779e-16
5.454527140458847498e+03 6.813128827162783409e-16
5.457568550643514754e+03 6.882338838514962582e-16
5.460609960828182011e+03 6.804643247738861634e-16
5.463651371012849268e+03 6.711596291680446209e-16
5.466692781197515615e+03 6.604306347704592744e-16
5.469734191382182871e+03 6.752239006092358401e-16
5.472775601566850128e+03 6.900110432677194864e-16
5.475817011751516475e+03 6.808234142753768898e-16
5.478858421936183731e+03 6.730357705864472426e-16
5.481899832120850988e+03 6.703866274150271070e-16
5.484941242305518244e+03 6.511458976196423813e-16
5.487982652490184591e+03 6.551488884708842573e-16
5.491024062674851848e+03 6.667827870645653965e-16
5.494065472859519105e+03 6.585036073080467645e-16
5.497106883044185452e+03 6.901659349514241872e-16
5.500148293228852708e+03 6.904806917375630793e-16
5.503189703413519965e+03 6.598127749832510632e-16
5.506231113598187221e+03 6.417996773629495728e-16
5.509272523782854478e+03 6.429893135915901699e-16
5.512313933967520825e+03 6.359958403545298089e-16
5.515355344152188081e+03 6.302801404479067740e-16
5.518396754336854428e+03 6.419180154659888620e-16
5.521438164521521685e+03 6.261700099198582152e-16
5.524479574706188941e+03 6.190105397950382345e-16
5.527520984890856198e+03 6.370746216892958047e-16
5.530562395075523455e+03 6.348090543422261106e-16
5.533603805260189802e+03 6.326308598291419280e-16
5.536645215444857058e+03 6.260111412862018934e-16
5.539686625629523405e+03 6.087420026450495721e-16
5.542728035814190662e+03 6.165223601473028891e-16
5.545769445998857918e+03 6.333653179502535340e-16
5.548810856183525175e+03 6.188121150733482920e-16
5.551852266368192431e+03 6.093226704663732077e-16
5.554893676552858778e+03 6.223564693501920643e-16
5.557935086737526035e+03 6.025616881954188177e-16
5.560976496922192382e+03 6.018880800688219559e-16
5.564017907106859639e+03 6.058739237128724642e-16
5.567059317291526895e+03 6.206848176002240685e-16
5.570100727476194152e+03 5.845641386419486580e-16
5.573142137660861408e+03 6.021127956154500751e-16
5.576183547845527755e+03 5.971786399357107167e-16
5.579224958030195012e+03 6.130349234792514249e-16
5.582266368214861359e+03 6.335729804780064340e-16
5.585307778399528615e+03 5.876386227222054238e-16
5.588349188584195872e+03 5.969275525907310989e-16
5.591390598768863128e+03 5.788622089317051359e-16
5.594432008953530385e+03 5.819137766262309717e-16
5.597473419138196732e+03 5.931533770284438668e-16
5.600514829322863989e+03 5.762789967012397300e-16
5.603556239507531245e+03 5.598433490980813542e-16
5.606597649692197592e+03 5.897124617696425204e-16
5.609639059876864849e+03 5.717634483667486099e-16
5.612680470061532105e+03 5.811639474952393626e-16
5.615721880246199362e+03 5.812990254661793016e-16
5.618763290430865709e+03 5.747484270135112629e-16
5.621804700615532965e+03 5.856540604737291366e-16
5.624846110800200222e+03 5.818800023839378535e-16
5.627887520984866569e+03 5.790541849990238319e-16
5.630928931169533826e+03 5.756387972649957148e-16
5.633970341354201082e+03 5.703774642175960929e-16
5.637011751538868339e+03 5.715095432440087150e-16
5.640053161723534686e+03 5.645665500200890838e-16
5.643094571908201942e+03 5.787058729536621171e-16
5.646135982092869199e+03 5.539214102913490895e-16
5.649177392277535546e+03 5.628242120178205784e-16
5.652218802462202802e+03 5.475653960605992119e-16
5.655260212646870059e+03 5.461554257218054794e-16
5.658301622831537316e+03 5.518498240699173297e-16
5.661343033016203663e+03 5.439628107570845573e-16
5.664384443200870919e+03 5.459919752830300426e-16
5.667425853385538176e+03 5.496066601300970480e-16
5.670467263570204523e+03 5.366995435129584480e-16
5.673508673754871779e+03 5.733384816091849769e-16
5.676550083939539036e+03 5.311568244285666302e-16
5.679591494124206292e+03 5.452533311042799637e-16
5.682632904308872639e+03 5.601359511026594253e-16
5.685674314493539896e+03 5.311657261496979051e-16
5.688715724678207152e+03 5.320652892363504443e-16
5.691757134862873500e+03 5.316338956145718617e-16
5.694798545047540756e+03 5.544742043975343515e-16
5.697839955232208013e+03 5.407097902572297944e-16
5.700881365416875269e+03 5.230452721651100592e-16
5.703922775601541616e+03 5.383188983865717217e-16
5.706964185786208873e+03 5.196397691678190359e-16
5.710005595970876129e+03 4.964044424712066055e-16
5.713047006155542476e+03 5.191727326307344807e-16
5.716088416340209733e+03 5.219234150950421444e-16
5.719129826524876989e+03 5.077264579009095798e-16
5.722171236709544246e+03 5.023535643834605503e-16
5.725212646894210593e+03 4.973555357203684270e-16
5.728254057078877850e+03 4.959004854016684913e-16
5.731295467263545106e+03 4.970163815684323809e-16
5.734336877448211453e+03 4.939825579196503606e-16
5.737378287632878710e+03 4.905571152643753477e-16
5.740419697817545966e+03 4.794093505518876344e-16
5.743461108002213223e+03 4.916379803292243998e-16
5.746502518186880479e+03 4.904664606045746227e-16
5.749543928371546826e+03 4.743632434174789456e-16
5.752585338556214083e+03 4.754811656382890271e-16
5.755626748740880430e+03 4.863156291522599761e-16
5.758668158925547687e+03 4.899495240080383651e-16
5.761709569110214943e+03 4.968754068997263901e-16
5.764750979294882200e+03 5.092561270024678164e-16
5.767792389479549456e+03 5.079681859075458963e-16
5.770833799664215803e+03 5.046014867254692300e-16
5.773875209848883060e+03 5.073588157484999622e-16
5.776916620033549407e+03 5.248378215523818851e-16
5.779958030218216663e+03 5.141116139186427743e-16
5.782999440402883920e+03 5.142756592783493922e-16
5.786040850587551176e+03 5.331176599436887424e-16
5.789082260772218433e+03 5.215019480997613203e-16
5.792123670956884780e+03 5.203527505094350945e-16
5.795165081141552037e+03 5.355256332320627665e-16
5.798206491326218384e+03 5.615345273314249099e-16
5.801247901510885640e+03 5.908598611963051234e-16
5.804289311695552897e+03 5.787721805464529592e-16
5.807330721880220153e+03 5.690442695778593225e-16
5.810372132064887410e+03 5.775623567029176170e-16
5.813413542249553757e+03 5.819494849911760128e-16
5.816454952434221013e+03 5.676291493622836324e-16
5.819496362618887360e+03 5.585295958382777160e-16
5.822537772803554617e+03 5.553180104801268605e-16
5.825579182988221874e+03 5.678877369818076816e-16
5.828620593172889130e+03 5.706924909500801675e-16
5.831662003357556387e+03 5.942452678437305660e-16
5.834703413542222734e+03 6.021462553325326952e-16
5.837744823726889990e+03 6.084157505728914082e-16
5.840786233911557247e+03 6.166677862987290466e-16
5.843827644096223594e+03 6.273256274305546793e-16
5.846869054280890850e+03 6.309299479906165473e-16
5.849910464465558107e+03 6.272924546931058278e-16
5.852951874650225363e+03 6.307377610908116939e-16
5.855993284834891710e+03 6.488694249727126461e-16
5.859034695019558967e+03 6.470351831093064385e-16
5.862076105204225314e+03 6.343665161946052285e-16
5.865117515388892571e+03 6.534083870294615250e-16
5.868158925573559827e+03 6.573660324572322956e-16
5.871200335758227084e+03 6.471250672457133758e-16
5.874241745942894340e+03 6.583327562758022471e-16
5.877283156127560687e+03 6.660302022777551642e-16
5.880324566312227944e+03 6.697813701240089925e-16
5.883365976496894291e+03 6.448328838284221826e-16
5.886407386681561547e+03 6.410461569592943586e-16
5.889448796866228804e+03 6.358321986200754158e-16
5.892490207050896061e+03 6.181103351825111929e-16
5.895531617235563317e+03 6.468324075380973091e-16
5.898573027420230574e+03 6.619759593883196190e-16
5.901614437604896921e+03 6.437848733228797341e-16
5.904655847789563268e+03 6.387008330820628461e-16
5.907697257974230524e+03 6.653804902522622235e-16
5.910738668158897781e+03 6.383715829349821123e-16
5.913780078343565037e+03 5.917209334311343445e-16
5.916821488528232294e+03 5.889711188926012807e-16
5.919862898712899550e+03 5.933888155998616462e-16
5.922904308897565897e+03 6.134352390902949066e-16
5.925945719082232245e+03 6.065712856171388816e-16
5.928987129266899501e+03 6.095996096772218393e-16
5.932028539451566758e+03 6.112229841143303361e-16
5.935069949636234014e+03 6.024434008616520224e-16
5.938111359820901271e+03 5.943079398905832803e-16
5.941152770005568527e+03 5.870225523903584467e-16
5.944194180190234874e+03 5.838622289365873750e-16
5.947235590374901221e+03 6.022595779334053342e-16
5.950277000559568478e+03 5.876257266196472294e-16
5.953318410744235734e+03 5.704866696508841189e-16
5.956359820928902991e+03 5.654266797479294628e-16
5.959401231113570248e+03 5.711245443244629767e-16
5.962442641298237504e+03 5.521268481479153600e-16
5.965484051482903851e+03 5.553843100365820214e-16
5.968525461667571108e+03 5.646994713111356178e-16
5.971566871852237455e+03 5.532898341751912887e-16
5.974608282036904711e+03 5.432793657894385886e-16
5.977649692221571968e+03 5.499836936244037204e-16
5.980691102406239224e+03 5.438815455223191946e-16
5.983732512590906481e+03 5.254219976226922284e-16
5.986773922775572828e+03 5.184080175186429908e-16
5.989815332960240085e+03 5.300975107875250975e-16
5.992856743144906432e+03 5.128491210568825132e-16
5.995898153329573688e+03 5.131668261340002658e-16
5.998939563514240945e+03 5.087924513396672382e-16
6.001980973698908201e+03 5.249241405841375002e-16
6.005022383883575458e+03 5.084638658124719826e-16
6.008063794068241805e+03 5.012000964429685135e-16
6.011105204252909061e+03 4.890433716978274013e-16
6.014146614437575408e+03 4.793618510562729443e-16
6.017188024622242665e+03 4.816567288845463593e-16
6.020229434806909921e+03 4.825723096034569270e-16
6.023270844991577178e+03 4.843724000889086488e-16
6.026312255176244435e+03 4.866622693073186819e-16
6.029353665360910782e+03 4.874371849454946442e-16
6.032395075545578038e+03 4.957766974733837787e-16
6.035436485730244385e+03 4.868778605952249636e-16
6.038477895914911642e+03 4.648072800867289951e-16
6.041519306099578898e+03 4.824491209021431465e-16
6.044560716284246155e+03 4.710666566932743446e-16
6.047602126468913411e+03 4.660633000681771278e-16
6.050643536653579758e+03 4.758058636156729524e-16
6.053684946838247015e+03 4.711843225501479935e-16
6.056726357022913362e+03 4.692928642340901708e-16
6.059767767207580619e+03 4.658794581700614981e-16
6.062809177392247875e+03 4.719089449860576755e-16
6.065850587576915132e+03 4.793555877610565254e-16
6.068891997761582388e+03 4.616090660093805534e-16
6.071933407946248735e+03 4.741562924695148396e-16
6.074974818130915992e+03 4.798799923473943858e-16
6.078016228315582339e+03 4.490823658338640990e-16
6.081057638500249595e+03 4.685316502983233723e-16
6.084099048684916852e+03 4.785638251223304668e-16
6.087140458869584108e+03 4.736459510689446430e-16
6.090181869054251365e+03 4.679003909857100993e-16
6.093223279238917712e+03 4.612309993809208153e-16
6.096264689423584969e+03 4.660109561747805140e-16
6.099306099608251316e+03 4.844571700121871161e-16
6.102347509792918572e+03 4.791790563443597950e-16
6.105388919977585829e+03 4.621150140467750080e-16
6.108430330162253085e+03 4.658921496808412456e-16
6.111471740346920342e+03 4.535552787020219532e-16
6.114513150531586689e+03 4.664072989116583200e-16
6.117554560716253945e+03 4.608681782385544223e-16
6.120595970900920292e+03 4.573402845671025207e-16
6.123637381085587549e+03 4.670210207678247042e-16
6.126678791270254806e+03 4.660536628123093236e-16
6.129720201454922062e+03 4.631654709128842536e-16
6.132761611639589319e+03 4.659769447339719326e-16
6.135803021824255666e+03 4.621915858651886537e-16
6.138844432008922922e+03 4.588037533346315964e-16
6.141885842193589269e+03 4.509278474585394487e-16
6.144927252378256526e+03 4.722841052262910666e-16
6.147968662562923782e+03 4.709244994063289666e-16
6.151010072747591039e+03 4.535065614824015536e-16
6.154051482932258295e+03 4.649004402096554057e-16
6.157092893116925552e+03 4.651610720645172786e-16
6.160134303301591899e+03 4.536681082069566126e-16
6.163175713486258246e+03 4.496170024405515847e-16
6.166217123670925503e+03 4.560027674841307899e-16
6.169258533855592759e+03 4.455604560349560271e-16
6.172299944040260016e+03 4.568478065819398685e-16
6.175341354224927272e+03 4.339977467787578979e-16
6.178382764409594529e+03 4.300240024497186502e-16
6.181424174594260876e+03 4.335718596237396499e-16
6.184465584778927223e+03 4.510560767356767051e-16
6.187506994963594479e+03 4.223753716696556778e-16
6.190548405148261736e+03 4.183195067517769698e-16
6.193589815332928993e+03 4.215192751118814566e-16
6.196631225517596249e+03 4.062164577831591753e-16
6.199672635702263506e+03 4.010353480715475779e-16
6.202714045886929853e+03 4.027873208495862076e-16
6.205755456071597109e+03 3.869005775803681927e-16
6.208796866256263456e+03 3.719794912372922640e-16
6.211838276440930713e+03 3.904246121736350789e-16
6.214879686625597969e+03 3.826130847211888037e-16
6.217921096810265226e+03 3.664727158652653589e-16
6.220962506994932482e+03 3.737112004724524872e-16
6.224003917179598830e+03 3.615058619043697222e-16
6.227045327364266086e+03 3.608495230827788070e-16
6.230086737548932433e+03 3.653435646615469057e-16
6.233128147733599690e+03 3.497499416369656336e-16
6.236169557918266946e+03 3.538493407791787632e-16
6.239210968102934203e+03 3.612674737153473250e-16
6.242252378287601459e+03 3.497705342021523067e-16
6.245293788472267806e+03 3.475031422562613100e-16
6.248335198656935063e+03 3.489486923914605975e-16
6.251376608841601410e+03 3.390002244889737808e-16
6.254418019026268666e+03 3.329910649229963967e-16
6.257459429210935923e+03 3.354163630148607682e-16
6.260500839395603180e+03 3.414754862310016196e-16
6.263542249580270436e+03 3.561676323340738169e-16
6.266583659764936783e+03 3.577240056134831154e-16
6.269625069949604040e+03 3.561773670967380840e-16
6.272666480134270387e+03 3.801893264380229695e-16
6.275707890318937643e+03 3.605935404791783829e-16
6.278749300503604900e+03 3.627548256780320092e-16
6.281790710688272156e+03 3.744542168525061545e-16
6.284832120872939413e+03 3.780615761264208334e-16
6.287873531057605760e+03 3.711917737926728379e-16
6.290914941242273017e+03 3.624623057696098455e-16
6.293956351426939364e+03 3.556067005277774555e-16
6.296997761611606620e+03 3.348808484948482408e-16
6.300039171796273877e+03 3.920793201693173844e-16
6.303080581980941133e+03 4.156735088971435298e-16
6.306121992165608390e+03 3.958941145611439664e-16
6.309163402350274737e+03 3.949561193504067890e-16
6.312204812534941993e+03 4.011612733264660153e-16
6.315246222719608340e+03 4.071841848252338595e-16
6.318287632904275597e+03 4.209506583506453755e-16
6.321329043088942854e+03 4.394894419546117145e-16
6.324370453273610110e+03 4.328285665544080485e-16
6.327411863458277367e+03 4.425197588528104513e-16
6.330453273642943714e+03 4.687085670884233986e-16
6.333494683827610970e+03 4.521743777266707107e-16
6.336536094012277317e+03 4.513874007494704169e-16
6.339577504196944574e+03 4.610982269251002229e-16
6.342618914381611830e+03 4.716777163433111238e-16
6.345660324566279087e+03 4.805527595338408756e-16
6.348701734750946343e+03 4.839917912352923536e-16
6.351743144935612690e+03 4.905148676419233425e-16
6.354784555120279947e+03 4.828282561738859833e-16
6.357825965304946294e+03 4.739644055245472510e-16
6.360867375489613551e+03 4.823350455880565285e-16
6.363908785674280807e+03 5.145808205810924180e-16
6.366950195858948064e+03 4.994481443838752760e-16
6.369991606043615320e+03 5.157080011981420760e-16
6.373033016228281667e+03 5.186970731700961822e-16
6.376074426412948924e+03 5.276213398329704750e-16
6.379115836597615271e+03 5.087434263208375733e-16
6.382157246782282527e+03 5.175480774773935634e-16
6.385198656966949784e+03 5.341955888015955347e-16
6.388240067151617041e+03 5.230891959976745886e-16
6.391281477336284297e+03 5.117324317427001284e-16
6.394322887520951554e+03 5.081471046374665586e-16
6.397364297705617901e+03 5.213440521431899957e-16
6.400405707890284248e+03 5.196666571964567089e-16
6.403447118074951504e+03 5.211144971134358515e-16
6.406488528259618761e+03 4.988111843398591039e-16
6.409529938444286017e+03 5.131090099007070148e-16
6.412571348628953274e+03 5.106103152523643647e-16
6.415612758813620530e+03 5.039273014159466328e-16
6.418654168998286877e+03 5.241459461632476720e-16
6.421695579182953225e+03 5.061740336170889307e-16
6.424736989367620481e+03 4.973961883456590409e-16
6.427778399552287738e+03 5.006180476739277508e-16
6.430819809736954994e+03 4.934174253755196908e-16
6.433861219921622251e+03 4.928180526646959586e-16
6.436902630106289507e+03 4.957559270815683923e-16
6.439944040290955854e+03 5.050025402359663992e-16
6.442985450475622201e+03 4.804212581254523082e-16
6.446026860660289458e+03 5.013059425043727505e-16
6.449068270844956714e+03 5.086963351178330724e-16
6.452109681029623971e+03 5.105555430538331808e-16
6.455151091214291228e+03 4.980975407575992323e-16
6.458192501398958484e+03 4.818921931560452527e-16
6.461233911583624831e+03 4.836926447614806021e-16
6.464275321768292088e+03 4.935800407254691456e-16
6.467316731952958435e+03 4.978906903410915876e-16
6.470358142137625691e+03 4.782144189431227417e-16
6.473399552322292948e+03 4.723129611503583247e-16
6.476440962506960204e+03 4.647702254610112160e-16
6.479482372691627461e+03 4.702175398769126779e-16
6.482523782876293808e+03 4.890340903250221648e-16
6.485565193060961064e+03 4.713738909223827086e-16
6.488606603245627412e+03 4.443671949821591936e-16
6.491648013430294668e+03 4.696527358393493343e-16
6.494689423614961925e+03 4.814888738829270719e-16
6.497730833799629181e+03 4.704900207480492607e-16
6.500772243984296438e+03 4.663813193171773402e-16
6.503813654168962785e+03 4.536383867170135505e-16
6.506855064353630041e+03 4.568810366847869511e-16
6.509896474538296388e+03 4.632797189767688723e-16
6.512937884722963645e+03 4.544447439633975033e-16
6.515979294907630901e+03 4.409719136680151112e-16
6.519020705092298158e+03 4.463135643308838392e-16
6.522062115276965415e+03 4.211057331381263816e-16
6.525103525461631762e+03 4.258811742810877023e-16
6.528144935646299018e+03 4.328338883167693395e-16
6.531186345830965365e+03 4.196253009245291891e-16
6.534227756015632622e+03 4.168095596369075329e-16
6.537269166200299878e+03 4.252429953335152906e-16
6.540310576384967135e+03 4.317422744477180614e-16
6.543351986569634391e+03 4.258241545383921016e-16
6.546393396754300738e+03 4.222301828350464103e-16
6.549434806938967995e+03 4.307149577039656535e-16
6.552476217123634342e+03 4.312078231467802103e-16
6.555517627308301599e+03 4.387732746481675239e-16
6.558559037492968855e+03 4.241402402959523916e-16
6.561600447677636112e+03 4.177971069069255786e-16
6.564641857862303368e+03 4.312677891692051801e-16
6.567683268046969715e+03 4.266313471712854536e-16
6.570724678231636972e+03 4.270799439958344890e-16
6.573766088416303319e+03 4.186276578165751452e-16
6.576807498600970575e+03 4.151976056793348253e-16
6.579848908785637832e+03 4.229768200905844075e-16
6.582890318970305088e+03 4.149398671899976006e-16
6.585931729154972345e+03 4.105075091958944005e-16
6.588973139339638692e+03 4.228934271438670965e-16
6.592014549524305949e+03 4.174937296315949805e-16
6.595055959708972296e+03 4.050591498363390947e-16
6.598097369893639552e+03 4.093294946733240014e-16
6.601138780078306809e+03 4.258095811502095760e-16
6.604180190262974065e+03 4.299468328249762724e-16
6.607221600447641322e+03 4.142470049568835482e-16
6.610263010632307669e+03 4.216509918047238107e-16
6.613304420816974925e+03 4.126630539219429101e-16
6.616345831001641272e+03 4.229613631564536346e-16
6.619387241186308529e+03 4.186976077513036878e-16
6.622428651370975786e+03 4.045255765111258732e-16
6.625470061555643042e+03 4.091284336610827936e-16
6.628511471740310299e+03 4.027334983097864267e-16
6.631552881924976646e+03 4.128452105381697525e-16
6.634594292109643902e+03 4.151825967791783966e-16
6.637635702294310249e+03 4.183550864341935538e-16
6.640677112478977506e+03 4.225613534727807786e-16
6.643718522663644762e+03 4.298061456877399621e-16
6.646759932848312019e+03 4.328445988595097784e-16
6.649801343032979275e+03 4.139001886095354234e-16
6.652842753217646532e+03 4.181294427328400409e-16
6.655884163402312879e+03 4.278789606169576151e-16
6.658925573586979226e+03 4.345098949586507743e-16
6.661966983771646483e+03 4.296708182097857732e-16
6.665008393956313739e+03 4.245140104566418846e-16
6.668049804140980996e+03 4.218297454055578187e-16
6.671091214325648252e+03 4.218391344134603469e-16
6.674132624510315509e+03 4.106847681833207125e-16
6.677174034694981856e+03 4.064511829871961188e-16
6.680215444879648203e+03 4.168192456936332401e-16
6.683256855064315459e+03 4.328485838953233460e-16
6.686298265248982716e+03 4.190497729768110165e-16
6.689339675433649973e+03 4.097654889871168208e-16
6.692381085618317229e+03 4.208970217709771424e-16
6.695422495802984486e+03 4.096868139331273429e-16
6.698463905987650833e+03 4.012176979312874738e-16
6.701505316172318089e+03 4.140232660230318238e-16
6.704546726356984436e+03 4.142151685912881239e-16
6.707588136541651693e+03 4.027026595375876153e-16
6.710629546726318949e+03 3.977885153932684824e-16
6.713670956910986206e+03 3.995926368354271569e-16
6.716712367095653462e+03 4.038428553177685549e-16
6.719753777280319810e+03 3.985588405088526794e-16
6.722795187464987066e+03 4.011166507996418823e-16
6.725836597649653413e+03 3.871038692088076779e-16
6.728878007834320670e+03 3.934199185768729431e-16
6.731919418018987926e+03 3.939516069181603831e-16
6.734960828203655183e+03 3.967040514567583503e-16
6.738002238388322439e+03 3.837661704438792334e-16
6.741043648572988786e+03 3.937930637770792537e-16
6.744085058757656043e+03 4.036451848712450722e-16
6.747126468942322390e+03 3.883616916294682806e-16
6.750167879126989646e+03 4.021238940132072902e-16
6.753209289311656903e+03 3.867264402473072280e-16
6.756250699496324160e+03 3.843116123431698989e-16
6.759292109680991416e+03 3.963150697758740648e-16
6.762333519865657763e+03 3.963100687972128441e-16
6.765374930050325020e+03 3.799674766886584818e-16
6.768416340234991367e+03 3.621114272453300820e-16
6.771457750419658623e+03 3.522632518197630572e-16
6.774499160604325880e+03 3.559008228257958804e-16
6.777540570788993136e+03 3.639962985722159206e-16
6.780581980973660393e+03 3.715375555925830083e-16
6.783623391158326740e+03 3.587191062174192582e-16
6.786664801342993997e+03 3.549861803129789108e-16
6.789706211527660344e+03 3.557689601182510391e-16
6.792747621712327600e+03 3.556452646337924122e-16
6.795789031896994857e+03 3.501508570274893507e-16
6.798830442081662113e+03 3.499706366808377431e-16
6.801871852266329370e+03 3.535462098702210295e-16
6.804913262450995717e+03 3.548425268469673859e-16
6.807954672635662973e+03 3.399159985684261993e-16
6.810996082820329320e+03 3.364102762473621253e-16
6.814037493004996577e+03 3.369916517547775759e-16
6.817078903189663833e+03 3.343548756431734911e-16
6.820120313374331090e+03 3.408029373488920662e-16
6.823161723558998347e+03 3.381195093611595334e-16
6.826203133743664694e+03 3.390028859469597827e-16
6.829244543928331950e+03 3.463508031260552502e-16
6.832285954112998297e+03 3.533912497997955640e-16
6.835327364297665554e+03 3.630497677682654580e-16
6.838368774482332810e+03 3.560798357747674022e-16
6.841410184667000067e+03 3.492752172146731037e-16
6.844451594851667323e+03 3.436313423179226984e-16
6.847493005036333670e+03 3.403140483519769394e-16
6.850534415221000927e+03 3.404708569657949143e-16
6.853575825405667274e+03 3.419355079264619633e-16
6.856617235590334531e+03 3.370271730494014794e-16
6.859658645775001787e+03 3.464989919894001588e-16
6.862700055959669044e+03 3.163486725362535775e-16
6.865741466144336300e+03 2.642998505182470555e-16
6.868782876329002647e+03 3.039201051189730899e-16
6.871824286513669904e+03 3.425210328973484035e-16
6.874865696698336251e+03 3.610338511203234631e-16
6.877907106883003507e+03 3.588846752197490601e-16
6.880948517067670764e+03 3.405075716588168386e-16
6.883989927252338020e+03 3.067712833600634107e-16
6.887031337437005277e+03 3.148913266439861591e-16
6.890072747621672534e+03 3.228177045644448052e-16
6.893114157806338881e+03 3.179235673910595865e-16
6.896155567991005228e+03 3.277223373676069550e-16
6.899196978175672484e+03 3.166928114955510625e-16
6.902238388360339741e+03 3.169095950907836219e-16
6.905279798545006997e+03 3.138216698024690661e-16
6.908321208729674254e+03 3.229912196450648801e-16
6.911362618914341510e+03 3.315590614447937479e-16
6.914404029099007857e+03 3.090605745632347175e-16
6.917445439283674204e+03 3.227330843901713799e-16
6.920486849468341461e+03 3.252625802181729559e-16
6.923528259653008718e+03 3.150503355358945126e-16
6.926569669837675974e+03 3.088255814967975382e-16
6.929611080022343231e+03 3.065163285590729017e-16
6.932652490207010487e+03 3.115690885044437903e-16
6.935693900391676834e+03 3.016815639040029226e-16
6.938735310576343181e+03 3.102099220142763808e-16
6.941776720761010438e+03 3.222670070583331530e-16
6.944818130945677694e+03 3.258979704383026571e-16
6.947859541130344951e+03 3.188463225045948344e-16
6.950900951315012207e+03 3.278542560383696378e-16
6.953942361499679464e+03 3.197786979767777980e-16
6.956983771684345811e+03 3.235830593031200944e-16
6.960025181869013068e+03 3.392221476032317440e-16
6.963066592053679415e+03 3.414307656596236658e-16
6.966108002238346671e+03 3.370941912985869840e-16
6.969149412423013928e+03 3.442139291074469365e-16
6.972190822607681184e+03 3.575958610887567210e-16
6.975232232792348441e+03 3.449176602955508492e-16
6.978273642977014788e+03 3.419335350243686245e-16
6.981315053161682044e+03 3.362762695341926677e-16
6.984356463346348391e+03 3.526081865505838672e-16
6.987397873531015648e+03 3.390700926877444468e-16
6.990439283715682905e+03 3.518328328473075729e-16
6.993480693900350161e+03 3.341387338650941389e-16
6.996522104085017418e+03 3.357504122753200463e-16
6.999563514269683765e+03 3.481112963823186114e-16
7.002604924454351021e+03 3.460178407037311723e-16
7.005646334639017368e+03 3.492558301761365580e-16
7.008687744823684625e+03 3.444417107263734281e-16
7.011729155008351881e+03 3.354366672461487930e-16
7.014770565193019138e+03 3.521990807035775490e-16
7.017811975377686394e+03 3.540805736042523982e-16
7.020853385562352742e+03 3.464130362662422891e-16
7.023894795747019998e+03 3.689093294834094916e-16
7.026936205931686345e+03 3.801274495616893978e-16
7.029977616116353602e+03 3.670015704986855319e-16
7.033019026301020858e+03 3.439987279697283117e-16
7.036060436485688115e+03 3.526320379947620729e-16
7.039101846670355371e+03 3.810792880733733942e-16
7.042143256855021718e+03 3.688302532926693519e-16
7.045184667039688975e+03 3.655241338506689230e-16
7.048226077224355322e+03 3.534508293679023256e-16
7.051267487409022579e+03 3.621351168366488321e-16
7.054308897593689835e+03 3.858675073450457798e-16
7.057350307778357092e+03 3.749343364509819076e-16
7.060391717963024348e+03 3.799958211929864832e-16
7.063433128147690695e+03 3.663907193772788144e-16
7.066474538332357952e+03 3.588108228643544961e-16
7.069515948517024299e+03 3.643697197245343507e-16
7.072557358701691555e+03 3.414756628839322139e-16
7.075598768886358812e+03 3.490241201978583424e-16
7.078640179071026068e+03 3.641796802414221451e-16
7.081681589255693325e+03 3.581715911782903938e-16
7.084722999440359672e+03 3.612673921933994740e-16
7.087764409625026929e+03 3.721103950661634146e-16
7.090805819809693276e+03 3.494139654536170277e-16
7.093847229994360532e+03 3.522889808120773652e-16
7.096888640179027789e+03 3.607937507751448394e-16
7.099930050363695045e+03 3.890778833469978242e-16
7.102971460548362302e+03 3.459191120340837811e-16
7.106012870733028649e+03 3.512428744636865919e-16
7.109054280917695905e+03 3.442333732717598392e-16
7.112095691102362252e+03 3.460221779250080842e-16
7.115137101287029509e+03 3.406120992175845749e-16
7.118178511471696766e+03 3.516308246409249184e-16
7.121219921656364022e+03 3.342714393338812106e-16
7.124261331841031279e+03 3.403552004140633754e-16
7.127302742025697626e+03 3.505310947487969560e-16
7.130344152210364882e+03 3.399693011604687817e-16
7.133385562395031229e+03 3.355096431098713912e-16
7.136426972579698486e+03 3.250130306665044142e-16
7.139468382764365742e+03 3.213291496447488590e-16
7.142509792949032999e+03 3.249205324261570135e-16
7.145551203133700255e+03 3.180659955519322424e-16
7.148592613318367512e+03 3.370786439858805477e-16
7.151634023503033859e+03 3.548222630021578421e-16
7.154675433687700206e+03 3.519535665853785721e-16
7.157716843872367463e+03 3.276664440585098990e-16
7.160758254057034719e+03 3.059554570230856351e-16
7.163799664241701976e+03 3.301782755967574364e-16
7.166841074426369232e+03 3.209412989234525739e-16
7.169882484611036489e+03 3.357756544679730742e-16
7.172923894795702836e+03 3.281482302557269040e-16
7.175965304980369183e+03 3.215384205239747086e-16
7.179006715165036439e+03 3.002767290360747546e-16
7.182048125349703696e+03 3.083598075948759368e-16
7.185089535534370953e+03 3.185847318811103961e-16
7.188130945719038209e+03 3.223207744444839414e-16
7.191172355903705466e+03 3.008535277036345362e-16
7.194213766088371813e+03 3.039711302747270035e-16
7.197255176273039069e+03 3.279280154539234808e-16
7.200296586457705416e+03 3.199126848560263427e-16
7.203337996642372673e+03 3.234075128164836662e-16
7.206379406827039929e+03 3.382059381288495120e-16
7.209420817011707186e+03 3.194268361367185618e-16
7.212462227196374442e+03 3.266888328997345094e-16
7.215503637381040789e+03 3.258948859628643573e-16
7.218545047565708046e+03 3.127903154772199678e-16
7.221586457750374393e+03 3.155785556108169279e-16
7.224627867935041650e+03 3.195078446064808125e-16
7.227669278119708906e+03 3.032330252592086460e-16
7.230710688304376163e+03 3.051887540685067445e-16
7.233752098489043419e+03 3.207387737629474609e-16
7.236793508673709766e+03 3.032294453359479538e-16
7.239834918858377023e+03 3.014350125493470795e-16
7.242876329043043370e+03 3.133098707477740520e-16
7.245917739227710626e+03 3.105894748894038507e-16
7.248959149412377883e+03 3.078122859353164320e-16
7.252000559597045140e+03 3.170934499238682285e-16
7.255041969781712396e+03 3.273790600473113199e-16
7.258083379966378743e+03 3.207128000401019686e-16
7.261124790151046000e+03 3.164483771471000083e-16
7.264166200335712347e+03 3.056572627261996727e-16
7.267207610520379603e+03 3.112715226001668454e-16
7.270249020705046860e+03 2.970914747836859506e-16
7.273290430889714116e+03 2.891678677235197562e-16
7.276331841074381373e+03 3.222193108104507599e-16
7.279373251259047720e+03 3.363877060632344178e-16
7.282414661443714976e+03 2.961422188379829494e-16
7.285456071628381324e+03 2.960801008566353996e-16
7.288497481813048580e+03 3.113844823248493855e-16
7.291538891997715837e+03 3.226800641528254490e-16
7.294580302182383093e+03 3.198118858916848516e-16
7.297621712367050350e+03 3.085581007747183308e-16
7.300663122551716697e+03 3.063566138243389293e-16
7.303704532736383953e+03 3.101140804139326022e-16
7.306745942921050300e+03 3.033227097843026714e-16
7.309787353105717557e+03 3.055643268866622625e-16
7.312828763290384813e+03 2.921770413009036530e-16
7.315870173475052070e+03 2.895802849317299182e-16
7.318911583659719327e+03 3.053471313137990721e-16
7.321952993844385674e+03 3.007842731182652462e-16
7.324994404029052930e+03 2.940992168613731964e-16
7.328035814213719277e+03 3.029131736634284776e-16
7.331077224398386534e+03 3.134775635250115081e-16
7.334118634583053790e+03 2.968494931486465240e-16
7.337160044767721047e+03 3.019845376896095716e-16
7.340201454952388303e+03 3.181829229771303815e-16
7.343242865137054650e+03 2.967578230459936197e-16
7.346284275321721907e+03 3.003967929771748577e-16
7.349325685506388254e+03 3.114512281874793990e-16
7.352367095691055511e+03 3.072128796318088268e-16
7.355408505875722767e+03 3.023238880892011864e-16
7.358449916060390024e+03 2.836771256318116478e-16
7.361491326245057280e+03 2.941986980622528852e-16
7.364532736429723627e+03 3.061346556803782393e-16
7.367574146614390884e+03 2.983709382582994315e-16
7.370615556799057231e+03 2.973065064550292202e-16
7.373656966983724487e+03 2.834808695300329253e-16
7.376698377168391744e+03 2.985039375963817928e-16
7.379739787353059000e+03 2.969720409622730418e-16
7.382781197537726257e+03 2.832445940723930106e-16
7.385822607722393514e+03 2.908575393638388570e-16
7.388864017907059861e+03 2.999155360736392143e-16
7.391905428091726208e+03 3.000605506555449290e-16
7.394946838276393464e+03 2.855983383924537248e-16
7.397988248461060721e+03 2.863151491527494069e-16
7.401029658645727977e+03 3.051654433205716532e-16
7.404071068830395234e+03 3.045458598893530328e-16
7.407112479015062490e+03 2.847591215256201382e-16
7.410153889199728837e+03 3.029131137392245121e-16
7.413195299384395184e+03 2.901067516536356092e-16
7.416236709569062441e+03 2.872361715481857820e-16
7.419278119753729698e+03 2.816786320523474425e-16
7.422319529938396954e+03 2.941026278389600776e-16
7.425360940123064211e+03 2.936569896095654954e-16
7.428402350307731467e+03 2.985408297982436604e-16
7.431443760492397814e+03 2.984503607049590225e-16
7.434485170677064161e+03 2.765222928816257966e-16
7.437526580861731418e+03 2.961492628220664420e-16
7.440567991046398674e+03 2.854896176884908195e-16
7.443609401231065931e+03 2.761044795835912138e-16
7.446650811415733187e+03 2.920309601924454863e-16
7.449692221600400444e+03 3.100486018697312321e-16
7.452733631785066791e+03 2.833632012029013544e-16
7.455775041969734048e+03 2.800064588629777842e-16
7.458816452154400395e+03 2.808003725967164466e-16
7.461857862339067651e+03 2.970033318596050204e-16
7.464899272523734908e+03 2.983289326898190174e-16
7.467940682708402164e+03 2.818116369104371988e-16
7.470982092893069421e+03 2.865392685131549176e-16
7.474023503077735768e+03 2.963347743595411400e-16
7.477064913262403024e+03 2.912100330417400177e-16
7.480106323447069371e+03 2.853024972618463099e-16
7.483147733631736628e+03 2.947311451451997101e-16
7.486189143816403885e+03 2.845483716156476362e-16
7.489230554001071141e+03 2.757918961752234256e-16
7.492271964185738398e+03 2.693749363876126687e-16
7.495313374370404745e+03 3.024621015294756245e-16
7.498354784555072001e+03 2.949607069884321688e-16
7.501396194739738348e+03 2.833163365798908387e-16
7.504437604924405605e+03 2.909586234114299713e-16
7.507479015109072861e+03 2.846267084944539364e-16
7.510520425293740118e+03 2.825716478304304372e-16
7.513561835478407374e+03 2.854997736385688573e-16
7.516603245663073722e+03 2.841079702246613897e-16
7.519644655847740978e+03 2.651798806213915270e-16
7.522686066032407325e+03 2.928131602659579877e-16
7.525727476217074582e+03 3.018284311863165925e-16
7.528768886401741838e+03 3.142730849044318813e-16
7.531810296586409095e+03 2.750326177030334465e-16
7.534851706771076351e+03 2.888809524327258419e-16
7.537893116955742698e+03 2.817066971505383653e-16
7.540934527140409955e+03 2.787852854097881949e-16
7.543975937325076302e+03 2.781169648521031005e-16
7.547017347509743558e+03 2.744991083540268669e-16
7.550058757694410815e+03 2.827684115055887124e-16
7.553100167879078072e+03 2.666821301834264186e-16
7.556141578063745328e+03 2.612900238142965000e-16
7.559182988248411675e+03 2.675256083544668996e-16
7.562224398433078932e+03 2.838900773094320115e-16
7.565265808617745279e+03 2.773874353221899486e-16
7.568307218802412535e+03 2.888015929534813144e-16
7.571348628987079792e+03 2.831449762921887183e-16
7.574390039171747048e+03 2.807050581107526613e-16
7.577431449356414305e+03 2.651841616111534322e-16
7.580472859541080652e+03 2.709353591465430893e-16
7.583514269725747909e+03 2.615107992346911655e-16
7.586555679910414256e+03 2.792736551863910515e-16
7.589597090095081512e+03 2.201036052918602519e-16
7.592638500279748769e+03 1.756520516804916068e-16
7.595679910464416025e+03 1.836321488352760815e-16
7.598721320649083282e+03 2.204350337750206912e-16
7.601762730833749629e+03 2.375439762025278144e-16
7.604804141018416885e+03 3.109441068084149430e-16
7.607845551203083232e+03 3.803789825969569868e-16
7.610886961387750489e+03 4.213226482593032510e-16
7.613928371572417745e+03 4.063367992553331005e-16
7.616969781757085002e+03 2.954423204038532984e-16
7.620011191941752259e+03 2.169643106228881870e-16
7.623052602126418606e+03 2.185894891733777641e-16
7.626094012311085862e+03 2.516336415699523627e-16
7.629135422495752209e+03 2.558426509363505290e-16
7.632176832680419466e+03 2.699660941574320045e-16
7.635218242865086722e+03 2.749583970537826311e-16
7.638259653049753979e+03 2.879215055219151848e-16
7.641301063234421235e+03 2.872428737330012157e-16
7.644342473419088492e+03 2.928639759130320631e-16
7.647383883603754839e+03 3.010117641239612498e-16
7.650425293788421186e+03 2.681358469455250651e-16
7.653466703973088443e+03 2.830534627309905053e-16
7.656508114157755699e+03 2.918090332713510324e-16
7.659549524342422956e+03 2.760092391096777882e-16
7.662590934527090212e+03 2.868491940045988067e-16
7.665632344711757469e+03 2.823820800085843208e-16
7.668673754896423816e+03 2.728181949518436836e-16
7.671715165081090163e+03 2.770952844405216205e-16
7.674756575265757419e+03 2.828852786441719526e-16
7.677797985450424676e+03 2.859178206735533213e-16
7.680839395635091932e+03 2.729298383451256295e-16
7.683880805819759189e+03 2.828389732428891135e-16
7.686922216004426446e+03 2.569108116635203140e-16
7.689963626189092793e+03 2.783925109260169611e-16
7.693005036373760049e+03 2.734995430033605478e-16
7.696046446558426396e+03 2.745687027092232468e-16
7.699087856743093653e+03 2.638490876738891562e-16
7.702129266927760909e+03 2.623662992024159075e-16
7.705170677112428166e+03 2.729650079289444857e-16
7.708212087297095422e+03 2.735200451499959325e-16
7.711253497481761769e+03 2.769319253914082713e-16
7.714294907666429026e+03 2.872649153541765178e-16
7.717336317851095373e+03 2.708006187643242541e-16
7.720377728035762630e+03 2.621630352441101967e-16
7.723419138220429886e+03 2.745980961449272898e-16
7.726460548405097143e+03 2.845079627820494113e-16
7.729501958589764399e+03 2.707760055665760871e-16
7.732543368774430746e+03 2.778802363436552410e-16
7.735584778959098003e+03 2.671041187397244847e-16
7.738626189143764350e+03 2.734394834744984208e-16
7.741667599328431606e+03 2.761621701822436704e-16
7.744709009513098863e+03 2.920034985251946820e-16
7.747750419697766119e+03 2.549238131091429221e-16
7.750791829882433376e+03 2.827209909146782106e-16
7.753833240067099723e+03 2.975863002786090026e-16
7.756874650251766980e+03 2.785375743840081791e-16
7.759916060436433327e+03 3.033876433723917259e-16
7.762957470621100583e+03 2.782845806760479005e-16
7.765998880805767840e+03 2.714481090509235140e-16
7.769040290990435096e+03 2.833190165986453270e-16
7.772081701175102353e+03 2.824488742352450963e-16
7.775123111359768700e+03 2.655951828008641008e-16
7.778164521544435956e+03 2.825556716777967945e-16
7.781205931729102304e+03 2.815517465046438967e-16
7.784247341913769560e+03 2.890445846216321575e-16
7.787288752098436817e+03 3.016272051375989792e-16
7.790330162283104073e+03 3.077354313281311323e-16
7.793371572467771330e+03 2.804534255582507081e-16
7.796412982652437677e+03 3.045747465825944273e-16
7.799454392837104933e+03 2.899719164515679700e-16
7.802495803021771280e+03 3.008305672058322358e-16
7.805537213206438537e+03 2.940668084408025136e-16
7.808578623391105793e+03 2.985262122493649206e-16
7.811620033575773050e+03 2.964323579729064699e-16
7.814661443760440307e+03 2.898388184418523014e-16
7.817702853945106654e+03 2.815256589889463665e-16
7.820744264129773910e+03 2.878800504825417752e-16
7.823785674314440257e+03 2.874324143582266258e-16
7.826827084499107514e+03 2.823079578866808991e-16
7.829868494683774770e+03 2.678930652703459266e-16
7.832909904868442027e+03 2.671699287826176961e-16
7.835951315053109283e+03 2.754433052966303288e-16
7.838992725237775630e+03 2.862931070006068672e-16
7.842034135422442887e+03 2.799800045068871057e-16
7.845075545607109234e+03 2.842256620415109138e-16
7.848116955791776491e+03 2.949366075800541329e-16
7.851158365976443747e+03 2.822557847129254750e-16
7.854199776161111004e+03 2.796158488162444996e-16
7.857241186345778260e+03 3.182950976243171426e-16
7.860282596530444607e+03 2.813667360299456930e-16
7.863324006715111864e+03 2.584774748755710194e-16
7.866365416899778211e+03 2.854597936604065976e-16
7.869406827084445467e+03 2.778353111231679303e-16
7.872448237269112724e+03 2.726134408068982869e-16
7.875489647453779980e+03 2.793625725943366688e-16
7.878531057638447237e+03 2.826698568951747648e-16
7.881572467823114494e+03 2.809590103169597409e-16
7.884613878007780841e+03 2.457570228969101062e-16
7.887655288192447188e+03 2.566006356219368062e-16
7.890696698377114444e+03 2.749846459198415311e-16
7.893738108561781701e+03 2.899829549942628030e-16
7.896779518746448957e+03 2.791971924846773073e-16
7.899820928931116214e+03 2.743919055530130993e-16
7.902862339115782561e+03 2.728945441699012461e-16
7.905903749300449817e+03 2.617630944933627339e-16
7.908945159485117074e+03 2.732603280846187201e-16
7.911986569669783421e+03 2.815451832976977144e-16
7.915027979854450678e+03 2.678143461943273384e-16
7.918069390039117934e+03 2.508727655453386733e-16
7.921110800223785191e+03 2.547108776551325451e-16
7.924152210408451538e+03 2.574894339236913670e-16
7.927193620593118794e+03 2.655756790938560450e-16
7.930235030777786051e+03 2.599973060568798752e-16
7.933276440962452398e+03 2.724388633706387164e-16
7.936317851147119654e+03 2.568934366830325641e-16
7.939359261331786911e+03 2.518583579835203744e-16
7.942400671516454167e+03 2.693250824100014508e-16
7.945442081701120514e+03 2.532673359443448061e-16
7.948483491885787771e+03 2.484294325890243627e-16
7.951524902070455028e+03 2.657330055931904483e-16
7.954566312255121375e+03 2.694267123443500245e-16
7.957607722439788631e+03 2.450606354810390145e-16
7.960649132624455888e+03 2.257911308246702209e-16
7.963690542809123144e+03 2.405912674872269114e-16
7.966731952993789491e+03 2.512966828376147840e-16
7.969773363178456748e+03 2.377198618060293197e-16
7.972814773363124004e+03 2.236501136256957603e-16
7.975856183547791261e+03 2.245564105382338791e-16
7.978897593732457608e+03 2.252133415718739405e-16
7.981939003917124865e+03 2.427156385102214621e-16
7.984980414101792121e+03 2.410394892624000270e-16
7.988021824286458468e+03 2.307893104549918714e-16
7.991063234471125725e+03 2.329090940319477006e-16
7.994104644655792981e+03 2.239526660203254486e-16
7.997146054840460238e+03 2.183540172232673278e-16
8.000187465025126585e+03 2.290846362680110458e-16
8.003228875209793841e+03 2.285834822020597325e-16
8.006270285394461098e+03 2.333912464083067866e-16
8.009311695579127445e+03 2.073340795334436878e-16
8.012353105763794701e+03 2.320610973447745752e-16
8.015394515948461958e+03 2.221634142398592735e-16
8.018435926133129215e+03 2.061840114505404695e-16
8.021477336317795562e+03 2.220567774389451652e-16
8.024518746502462818e+03 1.774189045359132592e-16
8.027560156687130075e+03 2.179388372791442736e-16
8.030601566871796422e+03 2.225502376582378003e-16
8.033642977056463678e+03 2.052935868306468123e-16
8.036684387241130935e+03 2.040298925815987897e-16
8.039725797425798191e+03 1.964731399593368998e-16
8.042767207610464538e+03 1.986869789521295160e-16
8.045808617795131795e+03 2.139522502073578031e-16
8.048850027979799052e+03 2.024081620143647578e-16
8.051891438164465399e+03 1.988598002784600627e-16
8.054932848349132655e+03 2.013959936190995623e-16
8.057974258533799912e+03 1.969320323525145958e-16
8.061015668718467168e+03 2.064300377197297621e-16
8.064057078903133515e+03 1.903441368066512149e-16
8.067098489087800772e+03 1.979635456321835831e-16
8.070139899272468028e+03 1.826929331906292396e-16
8.073181309457134375e+03 1.614455352176436479e-16
8.076222719641801632e+03 1.828372543524147203e-16
8.079264129826468888e+03 1.866403809780157157e-16
8.082305540011136145e+03 1.883840213139206912e-16
8.085346950195802492e+03 1.815029339070652436e-16
8.088388360380469749e+03 1.762560779041765527e-16
8.091429770565137005e+03 1.736232452074629304e-16
8.094471180749803352e+03 1.619850624520128239e-16
8.097512590934470609e+03 1.755333511006443758e-16
8.100554001119137865e+03 1.835842514865729917e-16
8.103595411303805122e+03 1.805308731130818278e-16
8.106636821488471469e+03 1.532702449204471534e-16
8.109678231673138725e+03 1.554851756856696101e-16
8.112719641857805982e+03 1.591815526461254353e-16
8.115761052042473239e+03 1.648866947389883909e-16
8.118802462227139586e+03 1.746845196304201551e-16
8.121843872411806842e+03 1.694800537001274839e-16
8.124885282596474099e+03 1.715866615949374458e-16
8.127926692781140446e+03 1.742582202532973405e-16
8.130968102965807702e+03 1.541495538054217993e-16
8.134009513150474959e+03 1.668278049108465071e-16
8.137050923335142215e+03 1.848820956483859551e-16
8.140092333519808562e+03 1.634853078514136968e-16
8.143133743704475819e+03 1.745330686238934478e-16
8.146175153889143076e+03 1.720716566515941735e-16
8.149216564073809423e+03 1.743302170495549258e-16
8.152257974258476679e+03 1.791701792073154886e-16
8.155299384443143936e+03 1.873398293931142030e-16
8.158340794627811192e+03 1.857493391904454060e-16
8.161382204812477539e+03 1.731512929843328400e-16
8.164423614997144796e+03 1.696338925804136917e-16
8.167465025181812052e+03 1.890966781142870595e-16
8.170506435366478399e+03 2.045466874665061942e-16
8.173547845551145656e+03 1.924467588866575233e-16
8.176589255735812912e+03 1.629696001182922680e-16
8.179630665920480169e+03 2.072618565138438733e-16
8.182672076105146516e+03 2.001732637656924507e-16
8.185713486289813773e+03 1.848676299977802363e-16
8.188754896474481029e+03 1.794631322736610046e-16
8.191796306659147376e+03 2.091096292567748485e-16
8.194837716843814633e+03 1.940453412889482010e-16
8.197879127028481889e+03 1.959485869498934604e-16
8.200920537213149146e+03 2.079330228269992206e-16
8.203961947397816402e+03 2.104817580347294381e-16
8.207003357582481840e+03 2.009585193883123344e-16
8.210044767767150915e+03 2.052893632281059398e-16
8.213086177951816353e+03 2.234702392158670998e-16
8.216127588136483610e+03 2.078963132278171811e-16
8.219168998321150866e+03 1.982746856832951049e-16
8.222210408505818123e+03 1.862297276879492125e-16
8.225251818690485379e+03 1.607762624015514447e-16
8.228293228875150817e+03 1.675651688003443501e-16
8.231334639059819892e+03 1.968394566468260595e-16
8.234376049244485330e+03 1.923835160320334821e-16
8.237417459429152586e+03 2.050733224589764134e-16
8.240458869613819843e+03 1.936392060678710698e-16
8.243500279798487099e+03 1.772829628088847268e-16
8.246541689983154356e+03 1.875430997111590681e-16
8.249583100167819794e+03 1.790929912880459194e-16
8.252624510352488869e+03 1.821630752706795738e-16
8.255665920537154307e+03 2.000263227273507381e-16
8.258707330721821563e+03 1.935896881708268904e-16
8.261748740906488820e+03 2.022527361395188304e-16
8.264790151091156076e+03 2.004263967094891603e-16
8.267831561275823333e+03 1.854217418098695684e-16
8.270872971460488770e+03 1.861253002623977304e-16
8.273914381645157846e+03 1.663001566951078454e-16
8.276955791829823283e+03 1.771460878831355605e-16
8.279997202014490540e+03 2.089224208138804511e-16
8.283038612199157797e+03 2.181571464413037246e-16
8.286080022383825053e+03 1.908984531576109066e-16
8.289121432568492310e+03 1.826038857346611219e-16
8.292162842753157747e+03 1.822447942538823925e-16
8.295204252937826823e+03 1.900818978784301376e-16
8.298245663122492260e+03 1.617176851891846131e-16
8.301287073307159517e+03 1.826319728231444318e-16
8.304328483491826773e+03 2.031607876916386089e-16
8.307369893676494030e+03 1.825561746240069038e-16
8.310411303861161286e+03 2.096737547169374319e-16
8.313452714045826724e+03 1.978055206212421344e-16
8.316494124230495800e+03 1.867311286161587014e-16
8.319535534415161237e+03 1.822622065623927145e-16
8.322576944599828494e+03 2.015732646583597430e-16
8.325618354784495750e+03 1.957370861479916406e-16
8.328659764969163007e+03 1.942187614967683422e-16
8.331701175153830263e+03 2.001290339228711625e-16
8.334742585338495701e+03 1.966608175220499693e-16
8.337783995523164776e+03 1.986394287459036067e-16
8.340825405707830214e+03 1.820314526339921726e-16
8.343866815892497470e+03 1.623953743422183730e-16
8.346908226077164727e+03 1.914211215468577832e-16
8.349949636261831984e+03 1.915424082696258019e-16
8.352991046446499240e+03 2.201188277742368977e-16
8.356032456631164678e+03 1.955642590689182354e-16
8.359073866815833753e+03 1.911871791390339998e-16
8.362115277000499191e+03 1.785063411806624383e-16
8.365156687185166447e+03 1.832979695561664787e-16
8.368198097369833704e+03 1.984495149249081714e-16
8.371239507554500960e+03 1.893502682000995200e-16
8.374280917739168217e+03 1.812238842600250565e-16
8.377322327923833654e+03 1.834339021250951536e-16
8.380363738108502730e+03 1.724150581847589268e-16
8.383405148293168168e+03 1.791288339124811154e-16
8.386446558477835424e+03 1.886487094919120501e-16
8.389487968662502681e+03 1.813082851345178384e-16
8.392529378847169937e+03 1.783975870425881897e-16
8.395570789031837194e+03 1.670486634039382745e-16
8.398612199216502631e+03 1.864971065984320981e-16
8.401653609401171707e+03 1.866289428043738013e-16
8.404695019585837144e+03 1.757936111084144396e-16
8.407736429770504401e+03 1.903771728448469115e-16
8.410777839955171657e+03 1.889533805300632785e-16
8.413819250139838914e+03 1.723666227693598300e-16
8.416860660324506171e+03 2.064982241916101547e-16
8.419902070509171608e+03 1.922740948237561170e-16
8.422943480693840684e+03 1.971660651104298284e-16
8.425984890878506121e+03 1.871367919201378623e-16
8.429026301063173378e+03 1.952234253063286125e-16
8.432067711247840634e+03 1.793532242265315772e-16
8.435109121432507891e+03 1.768437645300150311e-16
8.438150531617175147e+03 1.765425453473990738e-16
8.441191941801840585e+03 1.958697239141552896e-16
8.444233351986509660e+03 1.982782996110073380e-16
8.447274762171175098e+03 2.026548415857852170e-16
8.450316172355842355e+03 1.984409268103273408e-16
8.453357582540509611e+03 1.763244733563702232e-16
8.456398992725176868e+03 1.691247055563373404e-16
8.459440402909844124e+03 1.913271757640731065e-16
8.462481813094509562e+03 1.708399891253130330e-16
8.465523223279178637e+03 1.796211511751676070e-16
8.468564633463844075e+03 1.733078951467352619e-16
8.471606043648511331e+03 1.766594957870513444e-16
8.474647453833178588e+03 2.072336417517368370e-16
8.477688864017845845e+03 2.207261759709467534e-16
8.480730274202513101e+03 1.910377769300098840e-16
8.483771684387178539e+03 2.011144899205378766e-16
8.486813094571847614e+03 1.933000860852669247e-16
8.489854504756513052e+03 1.688249019586681456e-16
8.492895914941182127e+03 1.853588629326544131e-16
8.495937325125847565e+03 1.727207405542958900e-16
8.498978735310514821e+03 1.661688416072556614e-16
8.502020145495182078e+03 1.868940276842896224e-16
8.505061555679847515e+03 1.950993490035714976e-16
8.508102965864516591e+03 1.572554557482245799e-16
8.511144376049182029e+03 1.691019429766359435e-16
8.514185786233851104e+03 1.796615957038966694e-16
8.517227196418516542e+03 2.094859764396619204e-16
8.520268606603183798e+03 1.976681790574380993e-16
8.523310016787851055e+03 1.856974415843340993e-16
8.526351426972516492e+03 2.047253749050120210e-16
8.529392837157185568e+03 2.043840836363556718e-16
8.532434247341851005e+03 1.972690564426910065e-16
8.535475657526520081e+03 2.229080654065623056e-16
8.538517067711185518e+03 2.307080491282017222e-16
8.541558477895852775e+03 2.178090590774421645e-16
8.544599888080520032e+03 2.086040158803645246e-16
8.547641298265185469e+03 1.994438939659244004e-16
8.550682708449854545e+03 2.033244292518002494e-16
8.553724118634519982e+03 1.826348461561015282e-16
8.556765528819189058e+03 1.950232097943078969e-16
8.559806939003854495e+03 1.983985005424220189e-16
8.562848349188521752e+03 2.151342964924145873e-16
8.565889759373189008e+03 2.154809473547591257e-16
8.568931169557854446e+03 2.153718233740031600e-16
8.571972579742523521e+03 2.172848828344732876e-16
8.575013989927188959e+03 2.232606203493189387e-16
8.578055400111858035e+03 1.884383330016822712e-16
8.581096810296523472e+03 2.060108217616898376e-16
8.584138220481190729e+03 2.130948235176210491e-16
8.587179630665857985e+03 2.155607387043881229e-16
8.590221040850523423e+03 2.046935078811691719e-16
8.593262451035192498e+03 2.008073660041703665e-16
8.596303861219857936e+03 2.208367684767941184e-16
8.599345271404527011e+03 2.232481225624054764e-16
8.602386681589192449e+03 1.928787813466619991e-16
8.605428091773859705e+03 1.775187862665302055e-16
8.608469501958526962e+03 2.079407563267263319e-16
8.611510912143194219e+03 2.162730553346303873e-16
8.614552322327861475e+03 2.132750987141281098e-16
8.617593732512526913e+03 2.164744998363765404e-16
8.620635142697195988e+03 2.190034539584810014e-16
8.623676552881861426e+03 2.055176001559801089e-16
8.626717963066528682e+03 1.935850542270297698e-16
8.629759373251195939e+03 2.232916456353680236e-16
8.632800783435863195e+03 1.986794441240136305e-16
8.635842193620530452e+03 2.106241686338447653e-16
8.638883603805195889e+03 2.044913129490890777e-16
8.641925013989864965e+03 2.187251440962223917e-16
8.644966424174530403e+03 2.184926365876855628e-16
8.648007834359197659e+03 1.702914845001901856e-16
8.651049244543864916e+03 1.896083924456748049e-16
8.654090654728532172e+03 2.028920261098295584e-16
8.657132064913199429e+03 1.767112546104361159e-16
8.660173475097864866e+03 2.336683672020454677e-16
8.663214885282533942e+03 2.114738376757162641e-16
8.666256295467199379e+03 2.059342344755185078e-16
8.669297705651866636e+03 2.276176926533150777e-16
8.672339115836533892e+03 2.264586337041985734e-16
8.675380526021201149e+03 2.093658404477044953e-16
8.678421936205868406e+03 2.042273823734951299e-16
8.681463346390533843e+03 2.030285201248525845e-16
8.684504756575202919e+03 2.177000626062824222e-16
8.687546166759868356e+03 2.297564381673805764e-16
8.690587576944535613e+03 2.211303810511583509e-16
8.693628987129202869e+03 2.321642137217453101e-16
8.696670397313870126e+03 2.298758340364487174e-16
8.699711807498537382e+03 2.116135936607758823e-16
8.702753217683202820e+03 2.197349069156296912e-16
8.705794627867871895e+03 2.317917418604834285e-16
8.708836038052537333e+03 2.290684913394747913e-16
8.711877448237204590e+03 2.117708244805623708e-16
8.714918858421871846e+03 2.098255225175815819e-16
8.717960268606539103e+03 1.999975012961215930e-16
8.721001678791206359e+03 2.078137943335641941e-16
8.724043088975871797e+03 2.084768132769940652e-16
8.727084499160540872e+03 1.844130538400773055e-16
8.730125909345206310e+03 1.943555435530698783e-16
8.733167319529873566e+03 2.061659580149501255e-16
8.736208729714540823e+03 1.916174726571096928e-16
8.739250139899208079e+03 2.181634983759288791e-16
8.742291550083875336e+03 2.271856628077633258e-16
8.745332960268540774e+03 2.078143816976819839e-16
8.748374370453209849e+03 2.143681202554430355e-16
8.751415780637875287e+03 1.909383285542587431e-16
8.754457190822542543e+03 2.188032543974120623e-16
8.757498601007209800e+03 2.374825617694708696e-16
8.760540011191877056e+03 2.024117946340622091e-16
8.763581421376544313e+03 2.029495513341004673e-16
8.766622831561209750e+03 2.150978477634425178e-16
8.769664241745878826e+03 2.075533215868378466e-16
8.772705651930544263e+03 2.029540258051503548e-16
8.775747062115211520e+03 2.023795893932599576e-16
8.778788472299878777e+03 1.827988642774430654e-16
8.781829882484546033e+03 1.636898364766793126e-16
8.784871292669213290e+03 2.107413510727778390e-16
8.787912702853878727e+03 2.294359746509695494e-16
8.790954113038547803e+03 1.783577737578680835e-16
8.793995523223213240e+03 1.936550126751977594e-16
8.797036933407880497e+03 1.942613285044970767e-16
8.800078343592547753e+03 1.709786925877382274e-16
8.803119753777215010e+03 1.668135452768146399e-16
8.806161163961882266e+03 1.815186369122734688e-16
8.809202574146547704e+03 1.788522035900231597e-16
8.812243984331216780e+03 2.082560350604332089e-16
8.815285394515882217e+03 1.959701630971229893e-16
8.818326804700549474e+03 1.702601557893152658e-16
8.821368214885216730e+03 1.980045118050691709e-16
8.824409625069883987e+03 2.146396454373926437e-16
8.827451035254551243e+03 1.963260449691206556e-16
8.830492445439216681e+03 1.920754049038443600e-16
8.833533855623885756e+03 1.903336524343602020e-16
8.836575265808551194e+03 1.872860582497407034e-16
8.839616675993218450e+03 1.876527831275660601e-16
8.842658086177885707e+03 1.728403335338194514e-16
8.845699496362552964e+03 1.837466107152717908e-16
8.848740906547220220e+03 1.709659783750875238e-16
8.851782316731885658e+03 1.667548981406375192e-16
8.854823726916554733e+03 1.498955285237605808e-16
8.857865137101220171e+03 1.169927349753101619e-16
8.860906547285887427e+03 1.775322983146740147e-16
8.863947957470554684e+03 2.153727394048693424e-16
8.866989367655221940e+03 1.850900637663224486e-16
8.870030777839889197e+03 2.030947690167283595e-16
8.873072188024554634e+03 1.957738811452090144e-16
8.876113598209223710e+03 1.864525155307758829e-16
8.879155008393889148e+03 1.803379781757107962e-16
8.882196418578556404e+03 1.791770739243160427e-16
8.885237828763223661e+03 2.041404355242723433e-16
8.888279238947890917e+03 1.810928632914629654e-16
8.891320649132558174e+03 1.746537665719998824e-16
8.894362059317223611e+03 1.759741744718130439e-16
8.897403469501892687e+03 1.770447395679629683e-16
8.900444879686558124e+03 1.859392314791851313e-16
8.903486289871225381e+03 1.666815130209886427e-16
8.906527700055892637e+03 1.552541957557844777e-16
8.909569110240559894e+03 1.654575233300428789e-16
8.912610520425227151e+03 1.677753150976717946e-16
8.915651930609892588e+03 1.556067023652584458e-16
8.918693340794561664e+03 1.603246137904249725e-16
8.921734750979227101e+03 1.648210753018196247e-16
8.924776161163894358e+03 2.368613330786271309e-16
8.927817571348561614e+03 1.951246778602069295e-16
8.930858981533228871e+03 1.723353447044906153e-16
8.933900391717896127e+03 2.028390889984788591e-16
8.936941801902561565e+03 1.806505732757540625e-16
8.939983212087230640e+03 1.757339587849095356e-16
8.943024622271896078e+03 1.907572021047843135e-16
8.946066032456563335e+03 1.749328956406275425e-16
8.949107442641230591e+03 1.897804684477039541e-16
8.952148852825897848e+03 1.691879501986045517e-16
8.955190263010565104e+03 1.407514396832131637e-16
8.958231673195230542e+03 1.367072717856027865e-16
8.961273083379899617e+03 1.765061358111871858e-16
8.964314493564565055e+03 2.081055999787126346e-16
8.967355903749232311e+03 2.058249771414462273e-16
8.970397313933899568e+03 1.823480162291653770e-16
8.973438724118566824e+03 1.771567993913022423e-16
8.976480134303234081e+03 1.413041859057505516e-16
8.979521544487899519e+03 1.451613327813488272e-16
8.982562954672568594e+03 1.477489045807655760e-16
8.985604364857234032e+03 1.130305696997154673e-16
8.988645775041903107e+03 1.122330107780465608e-16
8.991687185226568545e+03 1.457150685278862574e-16
8.994728595411235801e+03 1.806570241466764673e-16
8.997770005595903058e+03 1.701344903087546074e-16
9.000811415780568495e+03 1.680250476606701554e-16
9.003852825965237571e+03 1.608994588582936026e-16
9.006894236149903008e+03 1.328458284964959645e-16
9.009935646334572084e+03 1.564687631644777623e-16
9.012977056519237522e+03 1.534471597606356172e-16
9.016018466703904778e+03 1.574675640219719186e-16
9.019059876888572035e+03 1.738729080746935731e-16
9.022101287073237472e+03 1.406024716570492005e-16
9.025142697257906548e+03 1.279931692038458108e-16
9.028184107442571985e+03 1.308296996045021226e-16
9.031225517627241061e+03 1.419638843129152259e-16
9.034266927811906498e+03 1.620877306121438859e-16
9.037308337996573755e+03 1.579509035118990180e-16
9.040349748181241011e+03 1.313313488492513827e-16
9.043391158365906449e+03 1.493053420208083954e-16
9.046432568550575525e+03 1.503818071856794669e-16
9.049473978735240962e+03 1.585548330181636804e-16
9.052515388919910038e+03 1.503692280057199238e-16
9.055556799104575475e+03 1.221984601886899078e-16
9.058598209289242732e+03 1.495520040060996190e-16
9.061639619473909988e+03 1.308838813993998870e-16
9.064681029658575426e+03 1.495937865169487206e-16
9.067722439843244501e+03 1.587989955211137687e-16
9.070763850027909939e+03 1.017695032026013598e-16
9.073805260212579014e+03 1.159449029547251342e-16
9.076846670397244452e+03 1.384438172449878592e-16
9.079888080581911709e+03 1.685690158679173411e-16
9.082929490766578965e+03 1.707698000825276436e-16
9.085970900951244403e+03 1.610469002900614085e-16
9.089012311135913478e+03 1.742792876932655220e-16
9.092053721320578916e+03 1.409064772843800563e-16
9.095095131505247991e+03 1.301494693376280613e-16
9.098136541689913429e+03 1.673675867699916303e-16
9.101177951874580685e+03 1.616986530594402014e-16
9.104219362059247942e+03 1.559731894889689693e-16
9.107260772243915198e+03 1.630382443453884081e-16
9.110302182428582455e+03 1.387268628741054375e-16
9.113343592613247893e+03 1.370120863477795073e-16
9.116385002797916968e+03 1.583461187193367134e-16
9.119426412982582406e+03 1.224192142693769667e-16
9.122467823167249662e+03 1.335295877560808876e-16
9.125509233351916919e+03 1.441933759671195731e-16
9.128550643536584175e+03 1.237078005399749389e-16
9.131592053721251432e+03 1.480897489676840243e-16
9.134633463905916869e+03 1.385970555276411897e-16
9.137674874090585945e+03 1.116744949077021179e-16
9.140716284275251382e+03 1.341743127714312914e-16
9.143757694459918639e+03 1.449341220338055570e-16
9.146799104644585896e+03 1.307274742741296798e-16
9.149840514829253152e+03 1.171834290948819137e-16
9.152881925013920409e+03 1.139528190761113443e-16
9.155923335198585846e+03 1.263796826564947219e-16
9.158964745383254922e+03 1.228732114126914205e-16
9.162006155567920359e+03 1.399769157015757604e-16
9.165047565752587616e+03 1.561666439222956717e-16
9.168088975937254872e+03 1.436615514347244699e-16
9.171130386121922129e+03 1.400024005032073149e-16
9.174171796306589385e+03 1.462488966812536529e-16
9.177213206491254823e+03 1.386663829667946885e-16
9.180254616675923899e+03 1.416497703882117745e-16
9.183296026860589336e+03 1.696381701119082425e-16
9.186337437045256593e+03 1.792150849661533349e-16
9.189378847229923849e+03 1.503243817421422601e-16
9.192420257414591106e+03 1.243340692510949220e-16
9.195461667599258362e+03 1.438684118747054578e-16
9.198503077783923800e+03 1.460562053528642561e-16
9.201544487968592875e+03 1.535136211812607241e-16
9.204585898153258313e+03 1.365975836707291989e-16
9.207627308337925570e+03 1.226237053976836234e-16
9.210668718522592826e+03 1.320045643932658936e-16
9.213710128707260083e+03 1.530166146973046168e-16
9.216751538891927339e+03 1.461240381757194013e-16
9.219792949076592777e+03 1.461031516956928008e-16
9.222834359261261852e+03 1.593949155371733446e-16
9.225875769445927290e+03 1.596767155196269067e-16
9.228917179630594546e+03 1.357735326784590134e-16
9.231958589815261803e+03 1.235616731059162464e-16
9.234999999999929059e+03 1.279946745496240808e-16
