3.800000000000000000e+03 1.342473739710751791e-16
3.803041410184666802e+03 1.869055204249109849e-16
3.806082820369334058e+03 1.145475117553800037e-16
3.809124230554000860e+03 4.364174315512474846e-17
3.812165640738668117e+03 1.231931092893847961e-16
3.815207050923334918e+03 1.074695707891514057e-16
3.818248461108002175e+03 5.268848014643370013e-17
3.821289871292668977e+03 8.166582077795870406e-17
3.824331281477335779e+03 1.235469449818648409e-16
3.827372691662003035e+03 1.581881143654870840e-16
3.830414101846669837e+03 8.535059123164800253e-17
3.833455512031337094e+03 5.044776608770394863e-17
3.836496922216003895e+03 1.288400956901964663e-16
3.839538332400671152e+03 1.465757101995924249e-16
3.842579742585337954e+03 1.118242732980973133e-16
3.845621152770005210e+03 1.279109169433624882e-16
3.848662562954672012e+03 1.166011117811298254e-16
3.851703973139338814e+03 1.341125727017292898e-16
3.854745383324006070e+03 1.177680056566396606e-16
3.857786793508672872e+03 4.561519174435503109e-17
3.860828203693340129e+03 8.078630267729835206e-17
3.863869613878006930e+03 3.638438027057200515e-17
3.866911024062674187e+03 8.031450631548670345e-17
3.869952434247340989e+03 9.853625543930468549e-17
3.872993844432007791e+03 8.390352571851696934e-17
3.876035254616675047e+03 7.543771245297506893e-17
3.879076664801341849e+03 5.932703634020513352e-17
3.882118074986009105e+03 7.506924180660832922e-17
3.885159485170675907e+03 1.095841986292457516e-16
3.888200895355343164e+03 9.154383326362601372e-17
3.891242305540009966e+03 1.628819940879214686e-16
3.894283715724676767e+03 9.401422375741006826e-17
3.897325125909344024e+03 1.024339180669972192e-16
3.900366536094010826e+03 4.023648502657305041e-17
3.903407946278678082e+03 8.205314407915879288e-17
3.906449356463344884e+03 9.512909364898417456e-17
3.909490766648012141e+03 1.210631621558400404e-16
3.912532176832678942e+03 1.762944573722165755e-16
3.915573587017346199e+03 1.284534127814910351e-16
3.918614997202013001e+03 1.767702128714273891e-16
3.921656407386679803e+03 1.517361910373462943e-16
3.924697817571347059e+03 1.197781432380751593e-16
3.927739227756013861e+03 1.361335745322920385e-16
3.930780637940681117e+03 1.695533980154908405e-16
3.933822048125347919e+03 1.500706200924990222e-16
3.936863458310015176e+03 1.072791089848473699e-16
3.939904868494681978e+03 1.585501042456124036e-16
3.942946278679349234e+03 1.479869524409193680e-16
3.945987688864016036e+03 1.681616220003106622e-16
3.949029099048682838e+03 1.525703792495391060e-16
3.952070509233350094e+03 1.999440468063582661e-16
3.955111919418016896e+03 2.216943063534192929e-16
3.958153329602684153e+03 1.972426143503369777e-16
3.961194739787350954e+03 2.277094844224977101e-16
3.964236149972018211e+03 1.764153059543469354e-16
3.967277560156685013e+03 1.617420422025650181e-16
3.970318970341351815e+03 1.917195494595541247e-16
3.973360380526019071e+03 2.039650212881022511e-16
3.976401790710685873e+03 2.257874413889162695e-16
3.979443200895353129e+03 1.978900818831383398e-16
3.982484611080019931e+03 1.685156014577408033e-16
3.985526021264687188e+03 2.305570211238720248e-16
3.988567431449353990e+03 1.762083734518112234e-16
3.991608841634020791e+03 1.877485401175273183e-16
3.994650251818688048e+03 2.408431876721412359e-16
3.997691662003354850e+03 2.754919486041696544e-16
4.000733072188022106e+03 1.926445377195268574e-16
4.003774482372688908e+03 2.001663193998314959e-16
4.006815892557356165e+03 2.425235393234599189e-16
4.009857302742022966e+03 2.201582683467760933e-16
4.012898712926689768e+03 1.995643071700556191e-16
4.015940123111357025e+03 1.967386232301911696e-16
4.018981533296023827e+03 1.773555206668451558e-16
4.022022943480691083e+03 2.236845367026025248e-16
4.025064353665357885e+03 2.236400089497432984e-16
4.028105763850025141e+03 2.782974438695559849e-16
4.031147174034691943e+03 2.739463421381906341e-16
4.034188584219359200e+03 2.284783519641252270e-16
4.037229994404026002e+03 3.179568615161996991e-16
4.040271404588692803e+03 3.413310056735263675e-16
4.043312814773360060e+03 2.351323658586842706e-16
4.046354224958026862e+03 2.295650998820607545e-16
4.049395635142694118e+03 3.192551501082891754e-16
4.052437045327360920e+03 3.057383579838051037e-16
4.055478455512028177e+03 2.854573630280583521e-16
4.058519865696694978e+03 2.708424112068590597e-16
4.061561275881362235e+03 2.887378107422137691e-16
4.064602686066029037e+03 3.539831687192258030e-16
4.067644096250695839e+03 3.194634002796189931e-16
4.070685506435363095e+03 3.044613097198561970e-16
4.073726916620029897e+03 3.003107004774764186e-16
4.076768326804697153e+03 2.716184365729350022e-16
4.079809736989363955e+03 3.036219880141817354e-16
4.082851147174031212e+03 3.134416125910661292e-16
4.085892557358698014e+03 2.900918959589595313e-16
4.088933967543364815e+03 3.423393972591269603e-16
4.091975377728032072e+03 3.404007502759007809e-16
4.095016787912698874e+03 3.361439241412155572e-16
4.098058198097365675e+03 3.467889552077988815e-16
4.101099608282032932e+03 3.515524060714860268e-16
4.104141018466700189e+03 3.477822708479309464e-16
4.107182428651367445e+03 3.689231760985053841e-16
4.110223838836033792e+03 3.380465452358401454e-16
4.113265249020701049e+03 3.405614461820631923e-16
4.116306659205368305e+03 3.072393564458275771e-16
4.119348069390034652e+03 3.306585984294343299e-16
4.122389479574701909e+03 3.445432346716873157e-16
4.125430889759369165e+03 3.042806715058454037e-16
4.128472299944036422e+03 3.058105135811421929e-16
4.131513710128702769e+03 3.123546324272483792e-16
4.134555120313370026e+03 3.323628463693037450e-16
4.137596530498037282e+03 3.142457253319511001e-16
4.140637940682703629e+03 2.653021760137296946e-16
4.143679350867370886e+03 2.781687042668864438e-16
4.146720761052038142e+03 2.678569586440873212e-16
4.149762171236705399e+03 2.507795994083479881e-16
4.152803581421371746e+03 2.392231613662366259e-16
4.155844991606039002e+03 2.101201467076702255e-16
4.158886401790706259e+03 2.604460281569246556e-16
4.161927811975372606e+03 2.152776861344156239e-16
4.164969222160039863e+03 2.428966290067061639e-16
4.168010632344707119e+03 2.701766256439349793e-16
4.171052042529374376e+03 2.561938797463671864e-16
4.174093452714040723e+03 2.366215647515418992e-16
4.177134862898707979e+03 2.286796472913858468e-16
4.180176273083375236e+03 2.183421893592577523e-16
4.183217683268041583e+03 2.319536673959368049e-16
4.186259093452708839e+03 2.722091431691073788e-16
4.189300503637376096e+03 2.314500928604640023e-16
4.192341913822043352e+03 2.144082047230726176e-16
4.195383324006709699e+03 2.282528149638335845e-16
4.198424734191376956e+03 2.231322418390876295e-16
4.201466144376044213e+03 2.096472419212882067e-16
4.204507554560710560e+03 1.898197829293404918e-16
4.207548964745377816e+03 2.313511370805491915e-16
4.210590374930045073e+03 2.705695228532371359e-16
4.213631785114712329e+03 2.216329945806774284e-16
4.216673195299378676e+03 2.297503944744129553e-16
4.219714605484045933e+03 2.002028779906607138e-16
4.222756015668713189e+03 1.928281973277970126e-16
4.225797425853379536e+03 1.739215886476273351e-16
4.228838836038046793e+03 2.138987677535100758e-16
4.231880246222714050e+03 2.235804241845383587e-16
4.234921656407381306e+03 2.254863202863937958e-16
4.237963066592047653e+03 2.287466283206190996e-16
4.241004476776714910e+03 2.589606898418953588e-16
4.244045886961382166e+03 2.497581343354805145e-16
4.247087297146048513e+03 2.469899026223816759e-16
4.250128707330715770e+03 2.472060740319516026e-16
4.253170117515383026e+03 2.348040016979799664e-16
4.256211527700050283e+03 2.083898179202108494e-16
4.259252937884716630e+03 2.356587401762111612e-16
4.262294348069383886e+03 1.861412506555925436e-16
4.265335758254051143e+03 2.268211161764323130e-16
4.268377168438718400e+03 2.354658738993297045e-16
4.271418578623384747e+03 2.393500322846325698e-16
4.274459988808052003e+03 2.329431348097673979e-16
4.277501398992719260e+03 2.124103732054493576e-16
4.280542809177385607e+03 2.185313781773031755e-16
4.283584219362052863e+03 2.754079410174165878e-16
4.286625629546720120e+03 2.396942907934287772e-16
4.289667039731387376e+03 2.026467810871610020e-16
4.292708449916053723e+03 2.320335695298185812e-16
4.295749860100720980e+03 2.046890519405748291e-16
4.298791270285388237e+03 2.309505362349557696e-16
4.301832680470054584e+03 2.585310997613105905e-16
4.304874090654721840e+03 2.024427077215078011e-16
4.307915500839389097e+03 2.216303940023562755e-16
4.310956911024056353e+03 2.722762494579664673e-16
4.313998321208722700e+03 2.335123401512639748e-16
4.317039731393389957e+03 2.416837636182818509e-16
4.320081141578057213e+03 2.587409681816353940e-16
4.323122551762724470e+03 2.272192843662584873e-16
4.326163961947390817e+03 2.274932441647497173e-16
4.329205372132058073e+03 2.226803564258733207e-16
4.332246782316725330e+03 2.269808290026299351e-16
4.335288192501391677e+03 2.494470169058483419e-16
4.338329602686058934e+03 2.238303401335009706e-16
4.341371012870726190e+03 2.587509740053327649e-16
4.344412423055393447e+03 2.571889266020392273e-16
4.347453833240059794e+03 2.517092097152769227e-16
4.350495243424727050e+03 2.015528089839072212e-16
4.353536653609394307e+03 2.100800969820396105e-16
4.356578063794060654e+03 1.933840284831096579e-16
4.359619473978727910e+03 2.232547751672183536e-16
4.362660884163395167e+03 2.373976595554137704e-16
4.365702294348062424e+03 2.640544620214016450e-16
4.368743704532728771e+03 2.471336777711551224e-16
4.371785114717396027e+03 2.576585322961626294e-16
4.374826524902063284e+03 2.359339281114686715e-16
4.377867935086729631e+03 2.327440445163410198e-16
4.380909345271396887e+03 2.516223778682826228e-16
4.383950755456064144e+03 2.271155380984874651e-16
4.386992165640731400e+03 2.351715633207828994e-16
4.390033575825397747e+03 2.334153495736614091e-16
4.393074986010065004e+03 2.266137824815429303e-16
4.396116396194732260e+03 2.226733899507969294e-16
4.399157806379398608e+03 2.395076546369671965e-16
4.402199216564065864e+03 2.268447953801927740e-16
4.405240626748733121e+03 2.025054177969720351e-16
4.408282036933400377e+03 2.376485736512754743e-16
4.411323447118066724e+03 2.374052764596634600e-16
4.414364857302733981e+03 2.190286878634481092e-16
4.417406267487401237e+03 2.072874405169890457e-16
4.420447677672067584e+03 1.995473097757867483e-16
4.423489087856734841e+03 2.007264781913121682e-16
4.426530498041402097e+03 2.014474993694168924e-16
4.429571908226069354e+03 2.071080711334400614e-16
4.432613318410735701e+03 1.999536234510066677e-16
4.435654728595402958e+03 2.071866030696023075e-16
4.438696138780070214e+03 1.761331106632758728e-16
4.441737548964736561e+03 2.159395627504660928e-16
4.444778959149403818e+03 2.229217686353385828e-16
4.447820369334071074e+03 2.330631071232973889e-16
4.450861779518738331e+03 2.414201292585120781e-16
4.453903189703404678e+03 2.096250636910574646e-16
4.456944599888071934e+03 2.207261342108668836e-16
4.459986010072739191e+03 2.293065511378740250e-16
4.463027420257405538e+03 2.400554878923357546e-16
4.466068830442072795e+03 2.355770881853104926e-16
4.469110240626740051e+03 2.120727018876597082e-16
4.472151650811407308e+03 2.532760108611550514e-16
4.475193060996073655e+03 2.573748307224327006e-16
4.478234471180740911e+03 2.376603782735103439e-16
4.481275881365408168e+03 2.439861191824055316e-16
4.484317291550074515e+03 2.408697877619311524e-16
4.487358701734741771e+03 2.619545777821470096e-16
4.490400111919409028e+03 2.355391246771644797e-16
4.493441522104076284e+03 2.390836159658218534e-16
4.496482932288742631e+03 2.274891146950266564e-16
4.499524342473409888e+03 2.176478247796725481e-16
4.502565752658077145e+03 2.326901150972603072e-16
4.505607162842743492e+03 2.322705055012783424e-16
4.508648573027410748e+03 2.276326828816578807e-16
4.511689983212078005e+03 2.162837152435689719e-16
4.514731393396745261e+03 2.108871469616091691e-16
4.517772803581411608e+03 2.293640782974265533e-16
4.520814213766078865e+03 2.388598244057089570e-16
4.523855623950746121e+03 2.507888479483916833e-16
4.526897034135412468e+03 2.438079442024583086e-16
4.529938444320079725e+03 2.226027957113176511e-16
4.532979854504746982e+03 2.429553332116913858e-16
4.536021264689414238e+03 2.360792560722727621e-16
4.539062674874080585e+03 2.411774386386653724e-16
4.542104085058747842e+03 2.599310627801388266e-16
4.545145495243415098e+03 2.532012536660688221e-16
4.548186905428082355e+03 2.737596796045523050e-16
4.551228315612748702e+03 2.650945756656496070e-16
4.554269725797415958e+03 2.617733431101612318e-16
4.557311135982083215e+03 2.572894829995653773e-16
4.560352546166750471e+03 2.823213751544008550e-16
4.563393956351416819e+03 2.874984213156220116e-16
4.566435366536084075e+03 2.913794787828022256e-16
4.569476776720751332e+03 3.007388819402394240e-16
4.572518186905417679e+03 2.900376756066004109e-16
4.575559597090084935e+03 2.985836038661083979e-16
4.578601007274752192e+03 3.126312220183744249e-16
4.581642417459419448e+03 2.959573139188664462e-16
4.584683827644085795e+03 3.079220359689082607e-16
4.587725237828753052e+03 3.248477614151212111e-16
4.590766648013420308e+03 3.405573866182857121e-16
4.593808058198086655e+03 3.461629423365722296e-16
4.596849468382753912e+03 3.418807525010835580e-16
4.599890878567421169e+03 3.608884691325508115e-16
4.602932288752088425e+03 3.553441817645242290e-16
4.605973698936754772e+03 3.527489392458044103e-16
4.609015109121422029e+03 3.609799996075683242e-16
4.612056519306089285e+03 3.664988088084076627e-16
4.615097929490755632e+03 3.841458058165520985e-16
4.618139339675422889e+03 4.020788027336961348e-16
4.621180749860090145e+03 4.014290929909027798e-16
4.624222160044757402e+03 4.117431633391274017e-16
4.627263570229423749e+03 3.865888354050750944e-16
4.630304980414091006e+03 4.272411134810454307e-16
4.633346390598758262e+03 4.536549303054866670e-16
4.636387800783424609e+03 4.318334506510266690e-16
4.639429210968091866e+03 3.929231405293067441e-16
4.642470621152759122e+03 4.168466505780165003e-16
4.645512031337426379e+03 3.985204145759972123e-16
4.648553441522092726e+03 4.285401360322245272e-16
4.651594851706759982e+03 4.290527058008154477e-16
4.654636261891427239e+03 4.340635034178922776e-16
4.657677672076093586e+03 4.233732413640159134e-16
4.660719082260760842e+03 4.242303136716917358e-16
4.663760492445428099e+03 4.229389907498168855e-16
4.666801902630095356e+03 4.339080823993346771e-16
4.669843312814761703e+03 4.608425752123845679e-16
4.672884722999428959e+03 4.201364500511132144e-16
4.675926133184096216e+03 3.998495349327458745e-16
4.678967543368762563e+03 3.910077852072228359e-16
4.682008953553429819e+03 3.922221795446493629e-16
4.685050363738097076e+03 3.748228354486482976e-16
4.688091773922764332e+03 3.887844124169690597e-16
4.691133184107430679e+03 3.846684530659263773e-16
4.694174594292097936e+03 3.970818501868550151e-16
4.697216004476765193e+03 4.212113556390901873e-16
4.700257414661431540e+03 4.028603814990546123e-16
4.703298824846098796e+03 4.049784459993535574e-16
4.706340235030766053e+03 4.205090216660514361e-16
4.709381645215433309e+03 4.105539439049839180e-16
4.712423055400099656e+03 4.105661085266210127e-16
4.715464465584766913e+03 4.056250857814952554e-16
4.718505875769434169e+03 4.190745951540622518e-16
4.721547285954100516e+03 4.181644309067954290e-16
4.724588696138767773e+03 4.234645799445932163e-16
4.727630106323435029e+03 3.923569405585536920e-16
4.730671516508102286e+03 3.964316418502483698e-16
4.733712926692768633e+03 3.913566257062054690e-16
4.736754336877435890e+03 3.860888803890908334e-16
4.739795747062103146e+03 3.840790719749723826e-16
4.742837157246769493e+03 3.707489174332063654e-16
4.745878567431436750e+03 3.685616598355088089e-16
4.748919977616104006e+03 3.594561771831643470e-16
4.751961387800771263e+03 3.672956580436493260e-16
4.755002797985437610e+03 3.654297493129004747e-16
4.758044208170104866e+03 3.763876037482952972e-16
4.761085618354772123e+03 3.906789216881707850e-16
4.764127028539438470e+03 3.966826434086338895e-16
4.767168438724105727e+03 3.925193119389582704e-16
4.770209848908772983e+03 4.216262201513086493e-16
4.773251259093440240e+03 4.535062552467008960e-16
4.776292669278106587e+03 4.208529531763795815e-16
4.779334079462773843e+03 4.257397583826151364e-16
4.782375489647441100e+03 4.286512084968784015e-16
4.785416899832107447e+03 4.039157826718176366e-16
4.788458310016774703e+03 4.098069643847388344e-16
4.791499720201441960e+03 4.189904387273208410e-16
4.794541130386109216e+03 4.286097357293008965e-16
4.797582540570775564e+03 4.404655432052594482e-16
4.800623950755442820e+03 4.309706680095105247e-16
4.803665360940110077e+03 4.422162254384611722e-16
4.806706771124777333e+03 4.190901094639621637e-16
4.809748181309443680e+03 4.061060828013657425e-16
4.812789591494110937e+03 3.936458548540511219e-16
4.815831001678778193e+03 4.127451298962420035e-16
4.818872411863445450e+03 4.075374076387280780e-16
4.821913822048111797e+03 4.049899450575935118e-16
4.824955232232779053e+03 4.028493518937646805e-16
4.827996642417445400e+03 4.107061549933946941e-16
4.831038052602112657e+03 4.234419536312136967e-16
4.834079462786779914e+03 4.017827682148560765e-16
4.837120872971447170e+03 3.862110121323977043e-16
4.840162283156114427e+03 3.897092422938564600e-16
4.843203693340780774e+03 3.860683904296798876e-16
4.846245103525448030e+03 3.848181712412377702e-16
4.849286513710115287e+03 3.685080155191195418e-16
4.852327923894781634e+03 3.725932264336553648e-16
4.855369334079448890e+03 3.738375643095981270e-16
4.858410744264116147e+03 3.721244581959676094e-16
4.861452154448783403e+03 3.581260727138904449e-16
4.864493564633449751e+03 3.571069535194782330e-16
4.867534974818117007e+03 3.507839090685950733e-16
4.870576385002784264e+03 3.344705027134547641e-16
4.873617795187450611e+03 3.205589146731052356e-16
4.876659205372117867e+03 3.201184821003413128e-16
4.879700615556785124e+03 3.244818440224928821e-16
4.882742025741452380e+03 2.995944946840214017e-16
4.885783435926118727e+03 2.901301020545262279e-16
4.888824846110785984e+03 3.085797992551648929e-16
4.891866256295453240e+03 3.142261765639873265e-16
4.894907666480119588e+03 3.077741575769171041e-16
4.897949076664786844e+03 3.194606802556693206e-16
4.900990486849454101e+03 3.181068685520056037e-16
4.904031897034121357e+03 3.402669257069482184e-16
4.907073307218787704e+03 3.280154557433336551e-16
4.910114717403454961e+03 3.347913919984811950e-16
4.913156127588122217e+03 3.329521668594273641e-16
4.916197537772788564e+03 3.281584750439039256e-16
4.919238947957455821e+03 3.172882502559491689e-16
4.922280358142123077e+03 3.124032576021794898e-16
4.925321768326790334e+03 3.215158752181712171e-16
4.928363178511456681e+03 3.016883242468587001e-16
4.931404588696123938e+03 2.943722535053831350e-16
4.934445998880791194e+03 2.940628656641664179e-16
4.937487409065457541e+03 2.968710010046114514e-16
4.940528819250124798e+03 2.866101088734401825e-16
4.943570229434792054e+03 3.114304761515914037e-16
4.946611639619459311e+03 2.969206754340192179e-16
4.949653049804125658e+03 3.059835312068200708e-16
4.952694459988792914e+03 3.311769848619690532e-16
4.955735870173460171e+03 3.348496256111425008e-16
4.958777280358126518e+03 3.403089031134560089e-16
4.961818690542793775e+03 3.220067864037469859e-16
4.964860100727461031e+03 3.435630884589345258e-16
4.967901510912128288e+03 3.238212558033640883e-16
4.970942921096794635e+03 2.984153745715100045e-16
4.973984331281461891e+03 3.293754519209668956e-16
4.977025741466129148e+03 3.303318237461818170e-16
4.980067151650795495e+03 3.442968875554759647e-16
4.983108561835462751e+03 3.375923941710536621e-16
4.986149972020130008e+03 3.502067316828607699e-16
4.989191382204797264e+03 3.701994691318292649e-16
4.992232792389463611e+03 3.486761425568828194e-16
4.995274202574130868e+03 3.372937676894871665e-16
4.998315612758798125e+03 3.616024252874079182e-16
5.001357022943464472e+03 3.805076073012308964e-16
5.004398433128131728e+03 3.797390805479202052e-16
5.007439843312798985e+03 3.897889637110211584e-16
5.010481253497466241e+03 3.969325615635520991e-16
5.013522663682133498e+03 4.207319537988975219e-16
5.016564073866799845e+03 4.488839794700140386e-16
5.019605484051467101e+03 4.535225604112286086e-16
5.022646894236133448e+03 4.683739257787331535e-16
5.025688304420800705e+03 4.749817029575345606e-16
5.028729714605467962e+03 4.935086336878568471e-16
5.031771124790135218e+03 4.867657808623411192e-16
5.034812534974802475e+03 5.082095657102230181e-16
5.037853945159468822e+03 5.087370228495045313e-16
5.040895355344136078e+03 5.399621457359531977e-16
5.043936765528802425e+03 5.129304939990030024e-16
5.046978175713469682e+03 5.311047719923503770e-16
5.050019585898136938e+03 5.391653160362359491e-16
5.053060996082804195e+03 5.671698427398117756e-16
5.056102406267471451e+03 5.784600875731004075e-16
5.059143816452137798e+03 5.742183781734828850e-16
5.062185226636805055e+03 5.609495732088830823e-16
5.065226636821471402e+03 5.487240657502773516e-16
5.068268047006138659e+03 5.701761876704712875e-16
5.071309457190805915e+03 5.462493560296960664e-16
5.074350867375473172e+03 5.947291965734911981e-16
5.077392277560140428e+03 5.828825928244274721e-16
5.080433687744806775e+03 5.701698216601351807e-16
5.083475097929474032e+03 5.294110032352095629e-16
5.086516508114140379e+03 5.227822164438180778e-16
5.089557918298807635e+03 5.251104071342644543e-16
5.092599328483474892e+03 5.113128401187708005e-16
5.095640738668142149e+03 4.887310417134146285e-16
5.098682148852809405e+03 4.666797028600215002e-16
5.101723559037475752e+03 4.671630753027081365e-16
5.104764969222143009e+03 4.436259845275796083e-16
5.107806379406810265e+03 4.468187427343043704e-16
5.110847789591476612e+03 4.215585481291907308e-16
5.113889199776143869e+03 4.132293020233163904e-16
5.116930609960811125e+03 4.054695661907125067e-16
5.119972020145478382e+03 3.799423807684428997e-16
5.123013430330144729e+03 3.694152132236274033e-16
5.126054840514811985e+03 3.629577167227290904e-16
5.129096250699479242e+03 3.649882094209364232e-16
5.132137660884145589e+03 3.542379035120829492e-16
5.135179071068812846e+03 3.155592191943691312e-16
5.138220481253480102e+03 3.237625789114108398e-16
5.141261891438147359e+03 3.197873006111704387e-16
5.144303301622813706e+03 3.288679238654034839e-16
5.147344711807480962e+03 3.575895704520720626e-16
5.150386121992148219e+03 3.526174393668640498e-16
5.153427532176814566e+03 3.338449194617080596e-16
5.156468942361481822e+03 3.415396416962635343e-16
5.159510352546149079e+03 3.615294333102173748e-16
5.162551762730816336e+03 3.684073007642124019e-16
5.165593172915482683e+03 3.550185027796306033e-16
5.168634583100149939e+03 3.645501397790367095e-16
5.171675993284817196e+03 3.617033256468486202e-16
5.174717403469483543e+03 3.720840932854121298e-16
5.177758813654150799e+03 3.904006625968470949e-16
5.180800223838818056e+03 3.909852735377626256e-16
5.183841634023485312e+03 3.876995359680712725e-16
5.186883044208151659e+03 4.081765591030329420e-16
5.189924454392818916e+03 4.166969142034559938e-16
5.192965864577486172e+03 4.108115329187006299e-16
5.196007274762152520e+03 4.096117828119241694e-16
5.199048684946819776e+03 4.237801546494013484e-16
5.202090095131487033e+03 4.331999493092118383e-16
5.205131505316154289e+03 4.178499528456593089e-16
5.208172915500820636e+03 4.084632033185919390e-16
5.211214325685487893e+03 4.235876896146925936e-16
5.214255735870155149e+03 4.225593622543282271e-16
5.217297146054821496e+03 4.204964647037190047e-16
5.220338556239488753e+03 4.076469337451999169e-16
5.223379966424156009e+03 4.350283040873516827e-16
5.226421376608823266e+03 4.282158668396968368e-16
5.229462786793489613e+03 4.070693599452185828e-16
5.232504196978156870e+03 4.149280178567545855e-16
5.235545607162824126e+03 4.293426578143852846e-16
5.238587017347490473e+03 4.264746808356569242e-16
5.241628427532157730e+03 4.094982821919423831e-16
5.244669837716824986e+03 3.941213935559580437e-16
5.247711247901492243e+03 4.069109857917662893e-16
5.250752658086159499e+03 4.129828199756085121e-16
5.253794068270825846e+03 4.211045543091702947e-16
5.256835478455493103e+03 4.021373847910052465e-16
5.259876888640159450e+03 4.279272262392537820e-16
5.262918298824826707e+03 4.037486218839856729e-16
5.265959709009493963e+03 3.862594579659183474e-16
5.269001119194161220e+03 4.062146407339285274e-16
5.272042529378828476e+03 4.039917190625772289e-16
5.275083939563494823e+03 4.013736664180952471e-16
5.278125349748162080e+03 4.369566411557954316e-16
5.281166759932828427e+03 4.009505321696926385e-16
5.284208170117495683e+03 3.814010135014329954e-16
5.287249580302162940e+03 4.173249489684723075e-16
5.290290990486830196e+03 3.918160530061276303e-16
5.293332400671497453e+03 3.955135599207117793e-16
5.296373810856163800e+03 4.034454010812222410e-16
5.299415221040831057e+03 4.007681290471277080e-16
5.302456631225497404e+03 4.195099862040318321e-16
5.305498041410164660e+03 4.310727687856101831e-16
5.308539451594831917e+03 4.218705890631463062e-16
5.311580861779499173e+03 4.199663972670992271e-16
5.314622271964166430e+03 4.312999079743811052e-16
5.317663682148832777e+03 4.505562288554543906e-16
5.320705092333500033e+03 4.397305482385353741e-16
5.323746502518166380e+03 4.436937134372034765e-16
5.326787912702833637e+03 4.328090523055212821e-16
5.329829322887500894e+03 4.291643205532172244e-16
5.332870733072168150e+03 4.481134569686495900e-16
5.335912143256835407e+03 4.743100669284767800e-16
5.338953553441501754e+03 4.735671859865154638e-16
5.341994963626169010e+03 4.961061074576879662e-16
5.345036373810836267e+03 4.769758897825548918e-16
5.348077783995502614e+03 4.982049444745206082e-16
5.351119194180169870e+03 5.042731000384242726e-16
5.354160604364837127e+03 5.062649865353069845e-16
5.357202014549504383e+03 5.184326856679529189e-16
5.360243424734170731e+03 4.003226255293482343e-16
5.363284834918837987e+03 4.525896425025329233e-16
5.366326245103505244e+03 5.156633850838685985e-16
5.369367655288171591e+03 5.257354843176077699e-16
5.372409065472838847e+03 5.181026056432842200e-16
5.375450475657506104e+03 5.502279742733043307e-16
5.378491885842173360e+03 5.760844367822740105e-16
5.381533296026839707e+03 5.398617212301115800e-16
5.384574706211506964e+03 5.327225792718225508e-16
5.387616116396174220e+03 5.424440069258896765e-16
5.390657526580840567e+03 5.257386813567991254e-16
5.393698936765507824e+03 5.171514271123198019e-16
5.396740346950175081e+03 5.410600867773269347e-16
5.399781757134842337e+03 5.371752764742803010e-16
5.402823167319508684e+03 5.655917047998603430e-16
5.405864577504175941e+03 5.560618034879283553e-16
5.408905987688843197e+03 5.361794035287797131e-16
5.411947397873509544e+03 5.460408441327970617e-16
5.414988808058176801e+03 5.993287665704911545e-16
5.418030218242844057e+03 5.603226083172476954e-16
5.421071628427511314e+03 5.690541574299677768e-16
5.424113038612177661e+03 5.647938589558970828e-16
5.427154448796844918e+03 5.704417796134474389e-16
5.430195858981512174e+03 5.760697486118795834e-16
5.433237269166178521e+03 5.724478757523116495e-16
5.436278679350845778e+03 5.683914869729203979e-16
5.439320089535513034e+03 5.708787508518288157e-16
5.442361499720180291e+03 5.902716060901641901e-16
5.445402909904846638e+03 5.982631878306657416e-16
5.448444320089513894e+03 5.890204309299335673e-16
5.451485730274181151e+03 5.869716132396118812e-16
5.454527140458847498e+03 5.867697541746303281e-16
5.457568550643514754e+03 5.838559268471293756e-16
5.460609960828182011e+03 5.781667700351001444e-16
5.463651371012849268e+03 5.715410115245220465e-16
5.466692781197515615e+03 5.895242752437382805e-16
5.469734191382182871e+03 5.665674598208541437e-16
5.472775601566850128e+03 5.543378802540334635e-16
5.475817011751516475e+03 5.486580474544319249e-16
5.478858421936183731e+03 5.610122674051468764e-16
5.481899832120850988e+03 5.777259805899853794e-16
5.484941242305518244e+03 5.655305831087022666e-16
5.487982652490184591e+03 5.402422039203006492e-16
5.491024062674851848e+03 5.523117342970529288e-16
5.494065472859519105e+03 5.472065651820272859e-16
5.497106883044185452e+03 5.458016769233136954e-16
5.500148293228852708e+03 5.245212175153654023e-16
5.503189703413519965e+03 5.302793119941805494e-16
5.506231113598187221e+03 5.152939517006736871e-16
5.509272523782854478e+03 5.231268598611732562e-16
5.512313933967520825e+03 5.234783619095795969e-16
5.515355344152188081e+03 5.328949695647882587e-16
5.518396754336854428e+03 5.238593164659371847e-16
5.521438164521521685e+03 4.981542097407258261e-16
5.524479574706188941e+03 5.219754460075876636e-16
5.527520984890856198e+03 5.237147872278555207e-16
5.530562395075523455e+03 5.215892302140974431e-16
5.533603805260189802e+03 5.312564869198205325e-16
5.536645215444857058e+03 5.422909179774739533e-16
5.539686625629523405e+03 5.523808261697155191e-16
5.542728035814190662e+03 5.403049139754514437e-16
5.545769445998857918e+03 5.381315128974877359e-16
5.548810856183525175e+03 5.531792868882729574e-16
5.551852266368192431e+03 5.777081075696379975e-16
5.554893676552858778e+03 5.693318288393367127e-16
5.557935086737526035e+03 5.919704059022540979e-16
5.560976496922192382e+03 5.980541304750035923e-16
5.564017907106859639e+03 5.919148407791091095e-16
5.567059317291526895e+03 5.779859627325241353e-16
5.570100727476194152e+03 5.888420527549594941e-16
5.573142137660861408e+03 6.413716691820726293e-16
5.576183547845527755e+03 6.314936117476014021e-16
5.579224958030195012e+03 6.556407767529722882e-16
5.582266368214861359e+03 6.504835057041123270e-16
5.585307778399528615e+03 6.336486818636177158e-16
5.588349188584195872e+03 6.434100231640947951e-16
5.591390598768863128e+03 6.506539543021081775e-16
5.594432008953530385e+03 6.575040754178441310e-16
5.597473419138196732e+03 6.361471913754956470e-16
5.600514829322863989e+03 6.356725592724324686e-16
5.603556239507531245e+03 6.536649660866761598e-16
5.606597649692197592e+03 6.552764351304369882e-16
5.609639059876864849e+03 6.781253208856526506e-16
5.612680470061532105e+03 6.319325091780379362e-16
5.615721880246199362e+03 6.412606555831695377e-16
5.618763290430865709e+03 6.515077031536666427e-16
5.621804700615532965e+03 6.202245903880196861e-16
5.624846110800200222e+03 6.138086628746514941e-16
5.627887520984866569e+03 5.941007118433228960e-16
5.630928931169533826e+03 5.880236914021510185e-16
5.633970341354201082e+03 5.936792910163397396e-16
5.637011751538868339e+03 5.803588720437216036e-16
5.640053161723534686e+03 6.079330792432716059e-16
5.643094571908201942e+03 5.888818424877074562e-16
5.646135982092869199e+03 5.554763603525687305e-16
5.649177392277535546e+03 5.519982807105690344e-16
5.652218802462202802e+03 5.301273942915802999e-16
5.655260212646870059e+03 5.200504951528730091e-16
5.658301622831537316e+03 5.263256848400396205e-16
5.661343033016203663e+03 5.094620515275450553e-16
5.664384443200870919e+03 5.034741146240332542e-16
5.667425853385538176e+03 5.043947942647497094e-16
5.670467263570204523e+03 4.978385685918906609e-16
5.673508673754871779e+03 4.941650638122823460e-16
5.676550083939539036e+03 5.043048070903710105e-16
5.679591494124206292e+03 4.892174286133939029e-16
5.682632904308872639e+03 4.955049415567477377e-16
5.685674314493539896e+03 4.991377496658843455e-16
5.688715724678207152e+03 4.862989204345127028e-16
5.691757134862873500e+03 5.082343724874593586e-16
5.694798545047540756e+03 4.999796503649964301e-16
5.697839955232208013e+03 4.892138553628287949e-16
5.700881365416875269e+03 5.058175053156005279e-16
5.703922775601541616e+03 5.202135443398125431e-16
5.706964185786208873e+03 5.139920141583279417e-16
5.710005595970876129e+03 5.186582594825812498e-16
5.713047006155542476e+03 5.637826682347144545e-16
5.716088416340209733e+03 5.488361826986472625e-16
5.719129826524876989e+03 5.612109013135440648e-16
5.722171236709544246e+03 5.521048488537723374e-16
5.725212646894210593e+03 5.630245022784401355e-16
5.728254057078877850e+03 5.568721695907783249e-16
5.731295467263545106e+03 5.458326292982580892e-16
5.734336877448211453e+03 5.625798058733733472e-16
5.737378287632878710e+03 5.629881921272055698e-16
5.740419697817545966e+03 5.845687546915513218e-16
5.743461108002213223e+03 5.759903939260868153e-16
5.746502518186880479e+03 5.688932284834525491e-16
5.749543928371546826e+03 5.580687448090326935e-16
5.752585338556214083e+03 5.438620458545956518e-16
5.755626748740880430e+03 5.143419034831561080e-16
5.758668158925547687e+03 4.605330980143334107e-16
5.761709569110214943e+03 4.466841851119965831e-16
5.764750979294882200e+03 4.070035145348650440e-16
5.767792389479549456e+03 3.632778914041695454e-16
5.770833799664215803e+03 3.218348001066145700e-16
5.773875209848883060e+03 3.402686693626302155e-16
5.776916620033549407e+03 3.305297326587495477e-16
5.779958030218216663e+03 3.081663595859049715e-16
5.782999440402883920e+03 3.013134487024805766e-16
5.786040850587551176e+03 3.102784385999007437e-16
5.789082260772218433e+03 2.991845590733602281e-16
5.792123670956884780e+03 2.846656599361335168e-16
5.795165081141552037e+03 2.862611764504162527e-16
5.798206491326218384e+03 2.749164900190590069e-16
5.801247901510885640e+03 2.531115486007823274e-16
5.804289311695552897e+03 2.641799742551634398e-16
5.807330721880220153e+03 2.752726305294358160e-16
5.810372132064887410e+03 2.768297678548122273e-16
5.813413542249553757e+03 2.739715007810752118e-16
5.816454952434221013e+03 2.762046730862655276e-16
5.819496362618887360e+03 2.796773785033695103e-16
5.822537772803554617e+03 3.070840475264280860e-16
5.825579182988221874e+03 3.033600061113861066e-16
5.828620593172889130e+03 3.258547054623037003e-16
5.831662003357556387e+03 3.218296966287488354e-16
5.834703413542222734e+03 3.492311778894585995e-16
5.837744823726889990e+03 3.551198950480406520e-16
5.840786233911557247e+03 3.403427134539357483e-16
5.843827644096223594e+03 3.386115620907253630e-16
5.846869054280890850e+03 3.690387226592497280e-16
5.849910464465558107e+03 3.901260983823670569e-16
5.852951874650225363e+03 3.969210532763972546e-16
5.855993284834891710e+03 4.208575320905523966e-16
5.859034695019558967e+03 4.545022680162176347e-16
5.862076105204225314e+03 4.714675329102349828e-16
5.865117515388892571e+03 4.811234697961791313e-16
5.868158925573559827e+03 4.913322349957033019e-16
5.871200335758227084e+03 5.175799479776945542e-16
5.874241745942894340e+03 5.430435784482911649e-16
5.877283156127560687e+03 5.395075932727113488e-16
5.880324566312227944e+03 5.375413395409159959e-16
5.883365976496894291e+03 5.741486691185799880e-16
5.886407386681561547e+03 6.071058171976954673e-16
5.889448796866228804e+03 6.201187750610731483e-16
5.892490207050896061e+03 6.092931247358262756e-16
5.895531617235563317e+03 6.336832073237875925e-16
5.898573027420230574e+03 6.542198107588755562e-16
5.901614437604896921e+03 6.574338719432386463e-16
5.904655847789563268e+03 6.861397647596769624e-16
5.907697257974230524e+03 6.955586269041282518e-16
5.910738668158897781e+03 7.134771881563686818e-16
5.913780078343565037e+03 6.984462816531743038e-16
5.916821488528232294e+03 7.376298046087075896e-16
5.919862898712899550e+03 7.357395837231351211e-16
5.922904308897565897e+03 7.533556183906766960e-16
5.925945719082232245e+03 7.294832540448994569e-16
5.928987129266899501e+03 7.223281471178704363e-16
5.932028539451566758e+03 7.705248451317366755e-16
5.935069949636234014e+03 7.834977071424012951e-16
5.938111359820901271e+03 7.985146290658892791e-16
5.941152770005568527e+03 7.808309563089050667e-16
5.944194180190234874e+03 7.797124894682481397e-16
5.947235590374901221e+03 8.023254121050796658e-16
5.950277000559568478e+03 7.930873490554403548e-16
5.953318410744235734e+03 7.957063082853873934e-16
5.956359820928902991e+03 7.884186933656793311e-16
5.959401231113570248e+03 6.948488204063984150e-16
5.962442641298237504e+03 6.663912177540788299e-16
5.965484051482903851e+03 7.152525058974230349e-16
5.968525461667571108e+03 7.152252642485061073e-16
5.971566871852237455e+03 7.625503396210683704e-16
5.974608282036904711e+03 8.059011189201660102e-16
5.977649692221571968e+03 7.889366925229632091e-16
5.980691102406239224e+03 8.206520283196946806e-16
5.983732512590906481e+03 8.181404133981421443e-16
5.986773922775572828e+03 8.085161845353705588e-16
5.989815332960240085e+03 8.111495625206789598e-16
5.992856743144906432e+03 7.825361105985792748e-16
5.995898153329573688e+03 7.939475787970522550e-16
5.998939563514240945e+03 7.795437508392572419e-16
6.001980973698908201e+03 7.924067627180049485e-16
6.005022383883575458e+03 8.125337374674346673e-16
6.008063794068241805e+03 7.960954668301207037e-16
6.011105204252909061e+03 7.887331981545240220e-16
6.014146614437575408e+03 7.744068053140476747e-16
6.017188024622242665e+03 7.663551774759273900e-16
6.020229434806909921e+03 7.644449243864494818e-16
6.023270844991577178e+03 7.612649671863633616e-16
6.026312255176244435e+03 7.583754235429348047e-16
6.029353665360910782e+03 7.624693402123978041e-16
6.032395075545578038e+03 7.541542465801295741e-16
6.035436485730244385e+03 7.336275597262889286e-16
6.038477895914911642e+03 7.697442873253201411e-16
6.041519306099578898e+03 7.503809380883968600e-16
6.044560716284246155e+03 7.363062122928306497e-16
6.047602126468913411e+03 7.369684462109516870e-16
6.050643536653579758e+03 7.506035375529260223e-16
6.053684946838247015e+03 7.256191268449833542e-16
6.056726357022913362e+03 7.062162962062497169e-16
6.059767767207580619e+03 7.139396600439643847e-16
6.062809177392247875e+03 6.880019858026735392e-16
6.065850587576915132e+03 6.847751828736379881e-16
6.068891997761582388e+03 6.640939344080892549e-16
6.071933407946248735e+03 6.688118523451125620e-16
6.074974818130915992e+03 6.705466228982234305e-16
6.078016228315582339e+03 6.593654973368686191e-16
6.081057638500249595e+03 6.630624088376967110e-16
6.084099048684916852e+03 6.488243976123373989e-16
6.087140458869584108e+03 6.297450276109628862e-16
6.090181869054251365e+03 6.343862922613873422e-16
6.093223279238917712e+03 6.431850663397381599e-16
6.096264689423584969e+03 6.187356264745568205e-16
6.099306099608251316e+03 6.226619784925464511e-16
6.102347509792918572e+03 6.410911722580492767e-16
6.105388919977585829e+03 6.069563277190186283e-16
6.108430330162253085e+03 6.096775204351221972e-16
6.111471740346920342e+03 5.819646227521007661e-16
6.114513150531586689e+03 5.770971778671859237e-16
6.117554560716253945e+03 5.828910044401359570e-16
6.120595970900920292e+03 6.019586770640478192e-16
6.123637381085587549e+03 5.899904644386787885e-16
6.126678791270254806e+03 5.771745225212703951e-16
6.129720201454922062e+03 5.628361970070648660e-16
6.132761611639589319e+03 5.578473037079979639e-16
6.135803021824255666e+03 5.784674867471091496e-16
6.138844432008922922e+03 5.750339786151543566e-16
6.141885842193589269e+03 5.578774306060393084e-16
6.144927252378256526e+03 5.662518166730475154e-16
6.147968662562923782e+03 5.780146706871365482e-16
6.151010072747591039e+03 5.629225783207450987e-16
6.154051482932258295e+03 5.555053397732835245e-16
6.157092893116925552e+03 5.595200173357719440e-16
6.160134303301591899e+03 5.656449624852966691e-16
6.163175713486258246e+03 5.615240455021091405e-16
6.166217123670925503e+03 5.500594404242656755e-16
6.169258533855592759e+03 5.522356551583482167e-16
6.172299944040260016e+03 5.426484536946886573e-16
6.175341354224927272e+03 5.617505313051109174e-16
6.178382764409594529e+03 5.688282187223110225e-16
6.181424174594260876e+03 5.653796804866937379e-16
6.184465584778927223e+03 5.547689555483796468e-16
6.187506994963594479e+03 5.566551122858406819e-16
6.190548405148261736e+03 5.610911415306940687e-16
6.193589815332928993e+03 5.481071913033026007e-16
6.196631225517596249e+03 5.574451422340751890e-16
6.199672635702263506e+03 5.706505027313756861e-16
6.202714045886929853e+03 5.694913740278225716e-16
6.205755456071597109e+03 5.479901031172735387e-16
6.208796866256263456e+03 5.303554923609744344e-16
6.211838276440930713e+03 5.254433409806345737e-16
6.214879686625597969e+03 5.433319413445477809e-16
6.217921096810265226e+03 5.253028846684460505e-16
6.220962506994932482e+03 5.158577320574788893e-16
6.224003917179598830e+03 5.266838402056323820e-16
6.227045327364266086e+03 5.144910290487166932e-16
6.230086737548932433e+03 5.136885522211235053e-16
6.233128147733599690e+03 5.017634603131522012e-16
6.236169557918266946e+03 5.061203652334092115e-16
6.239210968102934203e+03 5.185122397636019632e-16
6.242252378287601459e+03 5.121416834237218719e-16
6.245293788472267806e+03 5.066059332573422685e-16
6.248335198656935063e+03 4.949064622906036129e-16
6.251376608841601410e+03 5.124980274266078381e-16
6.254418019026268666e+03 5.267063285272164151e-16
6.257459429210935923e+03 5.254364442666281267e-16
6.260500839395603180e+03 5.122619692884056595e-16
6.263542249580270436e+03 5.061115439516446529e-16
6.266583659764936783e+03 5.014653429981934611e-16
6.269625069949604040e+03 5.271031457581211175e-16
6.272666480134270387e+03 5.348354279014272193e-16
6.275707890318937643e+03 5.302560912285164340e-16
6.278749300503604900e+03 5.313353060281676087e-16
6.281790710688272156e+03 5.363247768889997505e-16
6.284832120872939413e+03 5.306213728110288053e-16
6.287873531057605760e+03 5.037037134133022364e-16
6.290914941242273017e+03 5.150447117783451360e-16
6.293956351426939364e+03 5.267747200331718148e-16
6.296997761611606620e+03 5.276016944094114191e-16
6.300039171796273877e+03 4.871301622644974685e-16
6.303080581980941133e+03 5.180840343787330798e-16
6.306121992165608390e+03 4.863979825941011897e-16
6.309163402350274737e+03 5.143522635001108079e-16
6.312204812534941993e+03 4.886523513993197663e-16
6.315246222719608340e+03 4.635525378782939532e-16
6.318287632904275597e+03 4.579984004547686872e-16
6.321329043088942854e+03 4.627095600646016529e-16
6.324370453273610110e+03 4.376096266268120761e-16
6.327411863458277367e+03 4.314377348564920799e-16
6.330453273642943714e+03 4.205784420127613507e-16
6.333494683827610970e+03 4.206625483494077062e-16
6.336536094012277317e+03 4.128536120156485093e-16
6.339577504196944574e+03 4.037152852474464293e-16
6.342618914381611830e+03 4.081814413670334763e-16
6.345660324566279087e+03 3.948660887540578109e-16
6.348701734750946343e+03 3.950526357322160565e-16
6.351743144935612690e+03 3.920370415970791720e-16
6.354784555120279947e+03 3.858519416601130507e-16
6.357825965304946294e+03 3.771765055728774805e-16
6.360867375489613551e+03 3.798550314243218723e-16
6.363908785674280807e+03 3.642315073744730792e-16
6.366950195858948064e+03 3.428878820086980919e-16
6.369991606043615320e+03 3.427298538969429219e-16
6.373033016228281667e+03 3.488549506093618529e-16
6.376074426412948924e+03 3.483838673142589003e-16
6.379115836597615271e+03 3.127955352647383571e-16
6.382157246782282527e+03 3.315687824403335235e-16
6.385198656966949784e+03 2.854516184081276402e-16
6.388240067151617041e+03 2.865387666864231881e-16
6.391281477336284297e+03 2.812062640277318136e-16
6.394322887520951554e+03 2.837024949839327271e-16
6.397364297705617901e+03 2.689018183678787447e-16
6.400405707890284248e+03 2.691562081784604249e-16
6.403447118074951504e+03 2.573837772994121109e-16
6.406488528259618761e+03 2.408127667953786981e-16
6.409529938444286017e+03 2.362438012261139080e-16
6.412571348628953274e+03 2.340973322843273856e-16
6.415612758813620530e+03 2.324526837319048822e-16
6.418654168998286877e+03 2.376528921974098168e-16
6.421695579182953225e+03 2.460659121044230557e-16
6.424736989367620481e+03 2.543959828852997187e-16
6.427778399552287738e+03 2.772422922005071094e-16
6.430819809736954994e+03 2.952082554708164825e-16
6.433861219921622251e+03 3.263785183861374744e-16
6.436902630106289507e+03 3.449919176837045150e-16
6.439944040290955854e+03 3.979766759787345653e-16
6.442985450475622201e+03 4.001842764289759198e-16
6.446026860660289458e+03 4.202704877526241108e-16
6.449068270844956714e+03 4.268640374259699015e-16
6.452109681029623971e+03 4.609678558195509134e-16
6.455151091214291228e+03 4.892434878639347677e-16
6.458192501398958484e+03 4.857446365163033034e-16
6.461233911583624831e+03 4.764155656727477474e-16
6.464275321768292088e+03 4.959778438046079287e-16
6.467316731952958435e+03 5.084673624164730788e-16
6.470358142137625691e+03 5.155346719375379978e-16
6.473399552322292948e+03 5.146776104332871274e-16
6.476440962506960204e+03 5.097017212554378795e-16
6.479482372691627461e+03 5.134003461839939935e-16
6.482523782876293808e+03 5.323047208688737158e-16
6.485565193060961064e+03 5.356032018704328715e-16
6.488606603245627412e+03 5.475369564361692750e-16
6.491648013430294668e+03 5.360777727494661508e-16
6.494689423614961925e+03 5.401108881663745241e-16
6.497730833799629181e+03 5.614188023878205065e-16
6.500772243984296438e+03 5.757943884868920437e-16
6.503813654168962785e+03 5.890592623943535641e-16
6.506855064353630041e+03 5.926776944603193692e-16
6.509896474538296388e+03 5.836021167929797360e-16
6.512937884722963645e+03 5.692613382027127195e-16
6.515979294907630901e+03 5.921986643836341641e-16
6.519020705092298158e+03 5.913586033849889945e-16
6.522062115276965415e+03 5.998214850148781939e-16
6.525103525461631762e+03 6.059360586973729796e-16
6.528144935646299018e+03 6.115323957640961573e-16
6.531186345830965365e+03 6.158817073459157922e-16
6.534227756015632622e+03 6.117269812825022859e-16
6.537269166200299878e+03 6.175284543210263147e-16
6.540310576384967135e+03 6.302688709974077145e-16
6.543351986569634391e+03 5.995115330918142717e-16
6.546393396754300738e+03 6.124491362312401778e-16
6.549434806938967995e+03 6.075099913628495961e-16
6.552476217123634342e+03 5.732617327688537108e-16
6.555517627308301599e+03 5.773511054031997285e-16
6.558559037492968855e+03 5.866636299646773613e-16
6.561600447677636112e+03 5.734440592770954241e-16
6.564641857862303368e+03 5.429252956988326355e-16
6.567683268046969715e+03 5.230101439485285479e-16
6.570724678231636972e+03 5.150568328632547780e-16
6.573766088416303319e+03 5.070811357299561101e-16
6.576807498600970575e+03 5.097719232580467631e-16
6.579848908785637832e+03 5.100561818905055998e-16
6.582890318970305088e+03 5.086992686945424831e-16
6.585931729154972345e+03 4.814310529576916967e-16
6.588973139339638692e+03 4.599014732813728105e-16
6.592014549524305949e+03 4.815260314224464549e-16
6.595055959708972296e+03 4.646170142011419487e-16
6.598097369893639552e+03 4.720064671339103587e-16
6.601138780078306809e+03 4.691871111187766025e-16
6.604180190262974065e+03 4.477595874332993234e-16
6.607221600447641322e+03 4.538128221771108073e-16
6.610263010632307669e+03 4.529050230065727557e-16
6.613304420816974925e+03 4.451724018335095208e-16
6.616345831001641272e+03 4.646695901954372226e-16
6.619387241186308529e+03 4.738832784118202823e-16
6.622428651370975786e+03 4.806691622385835575e-16
6.625470061555643042e+03 4.727244439051617481e-16
6.628511471740310299e+03 4.700462332130248505e-16
6.631552881924976646e+03 4.630980585552251403e-16
6.634594292109643902e+03 4.827602381942051262e-16
6.637635702294310249e+03 5.099900673307759426e-16
6.640677112478977506e+03 5.394850078733053765e-16
6.643718522663644762e+03 5.295521165923698828e-16
6.646759932848312019e+03 5.348186310264505566e-16
6.649801343032979275e+03 5.450484201439507860e-16
6.652842753217646532e+03 5.588026540952380172e-16
6.655884163402312879e+03 5.768385056136622884e-16
6.658925573586979226e+03 5.854424451739995990e-16
6.661966983771646483e+03 6.163595277883694915e-16
6.665008393956313739e+03 6.344929945054725992e-16
6.668049804140980996e+03 6.308489366073282336e-16
6.671091214325648252e+03 6.244141374243841995e-16
6.674132624510315509e+03 6.253568406637886319e-16
6.677174034694981856e+03 6.428463311784885296e-16
6.680215444879648203e+03 6.648086409811779932e-16
6.683256855064315459e+03 6.436525392707983305e-16
6.686298265248982716e+03 6.525262597388721090e-16
6.689339675433649973e+03 6.501484343873024925e-16
6.692381085618317229e+03 6.679689367398943363e-16
6.695422495802984486e+03 6.639805248227610962e-16
6.698463905987650833e+03 6.648864778145734575e-16
6.701505316172318089e+03 6.877454984763010655e-16
6.704546726356984436e+03 7.020370225274161788e-16
6.707588136541651693e+03 7.076748939853575642e-16
6.710629546726318949e+03 6.864427196301815847e-16
6.713670956910986206e+03 6.789686190166987050e-16
6.716712367095653462e+03 7.260333978702567625e-16
6.719753777280319810e+03 7.165888432081907918e-16
6.722795187464987066e+03 7.328960059505168129e-16
6.725836597649653413e+03 7.399524044849104955e-16
6.728878007834320670e+03 7.585654057512733173e-16
6.731919418018987926e+03 7.521406563378751709e-16
6.734960828203655183e+03 7.271921207442721224e-16
6.738002238388322439e+03 7.541546753623207411e-16
6.741043648572988786e+03 7.097826801718920803e-16
6.744085058757656043e+03 7.136633714501361107e-16
6.747126468942322390e+03 7.220276877227840250e-16
6.750167879126989646e+03 7.280529907541985754e-16
6.753209289311656903e+03 7.404793126742562972e-16
6.756250699496324160e+03 7.398159675081223048e-16
6.759292109680991416e+03 7.358483334471924087e-16
6.762333519865657763e+03 7.391214326319820563e-16
6.765374930050325020e+03 7.298803626167071129e-16
6.768416340234991367e+03 7.231989802540497788e-16
6.771457750419658623e+03 7.238623372128150549e-16
6.774499160604325880e+03 7.051347561697491932e-16
6.777540570788993136e+03 7.078138626757064926e-16
6.780581980973660393e+03 7.134312079803116864e-16
6.783623391158326740e+03 7.073663583476749819e-16
6.786664801342993997e+03 6.978064627741675613e-16
6.789706211527660344e+03 6.989658814787229700e-16
6.792747621712327600e+03 7.138280016555744638e-16
6.795789031896994857e+03 7.050466082079117539e-16
6.798830442081662113e+03 7.340362975011899652e-16
6.801871852266329370e+03 6.934196249229516627e-16
6.804913262450995717e+03 6.945053171835903301e-16
6.807954672635662973e+03 7.182263362671112869e-16
6.810996082820329320e+03 7.034034958612971833e-16
6.814037493004996577e+03 6.974555502968385075e-16
6.817078903189663833e+03 7.024748705501499828e-16
6.820120313374331090e+03 6.977050313839451883e-16
6.823161723558998347e+03 6.991065373173900075e-16
6.826203133743664694e+03 6.878304339954007214e-16
6.829244543928331950e+03 6.899747408653426290e-16
6.832285954112998297e+03 6.968710005282552216e-16
6.835327364297665554e+03 7.033441465815971383e-16
6.838368774482332810e+03 6.809354311922098361e-16
6.841410184667000067e+03 6.785616962706036823e-16
6.844451594851667323e+03 6.691492790091922495e-16
6.847493005036333670e+03 6.844199247219421110e-16
6.850534415221000927e+03 6.874054460059856923e-16
6.853575825405667274e+03 6.731009580129904851e-16
6.856617235590334531e+03 6.549713490933572555e-16
6.859658645775001787e+03 6.580810610351415471e-16
6.862700055959669044e+03 6.519483068789988173e-16
6.865741466144336300e+03 6.443833599563763047e-16
6.868782876329002647e+03 6.299753011205411129e-16
6.871824286513669904e+03 6.091488454179745575e-16
6.874865696698336251e+03 5.947886260812181786e-16
6.877907106883003507e+03 5.992437854052966760e-16
6.880948517067670764e+03 6.197733859606311203e-16
6.883989927252338020e+03 6.395307295206761109e-16
6.887031337437005277e+03 6.289967713789930114e-16
6.890072747621672534e+03 6.144576361193586793e-16
6.893114157806338881e+03 5.908256471532741089e-16
6.896155567991005228e+03 5.920809842393368972e-16
6.899196978175672484e+03 5.793804638402937832e-16
6.902238388360339741e+03 5.684636626955433370e-16
6.905279798545006997e+03 6.091631624384771766e-16
6.908321208729674254e+03 6.076822399534599053e-16
6.911362618914341510e+03 5.855964189384413614e-16
6.914404029099007857e+03 5.877320446584853643e-16
6.917445439283674204e+03 5.392987297663929822e-16
6.920486849468341461e+03 5.745437104630783970e-16
6.923528259653008718e+03 5.750996523352577205e-16
6.926569669837675974e+03 5.579471366315654597e-16
6.929611080022343231e+03 5.467469732839119001e-16
6.932652490207010487e+03 5.262927544808482871e-16
6.935693900391676834e+03 5.277510261041041784e-16
6.938735310576343181e+03 5.137626645949797835e-16
6.941776720761010438e+03 5.233487872403415377e-16
6.944818130945677694e+03 4.850763829538013530e-16
6.947859541130344951e+03 4.609836357395623098e-16
6.950900951315012207e+03 4.547469392188384782e-16
6.953942361499679464e+03 4.414661263946455949e-16
6.956983771684345811e+03 4.572692454439390387e-16
6.960025181869013068e+03 4.502861095115255700e-16
6.963066592053679415e+03 4.275501046037911555e-16
6.966108002238346671e+03 4.111506907535646151e-16
6.969149412423013928e+03 3.939495749787821063e-16
6.972190822607681184e+03 4.031594871319026821e-16
6.975232232792348441e+03 3.998700616849474494e-16
6.978273642977014788e+03 4.075264786961685564e-16
6.981315053161682044e+03 3.935329418432126721e-16
6.984356463346348391e+03 3.948529475815980548e-16
6.987397873531015648e+03 3.782448370463120672e-16
6.990439283715682905e+03 3.737839844941199728e-16
6.993480693900350161e+03 3.723533224237074566e-16
6.996522104085017418e+03 3.757227106748143223e-16
6.999563514269683765e+03 3.849508026087879391e-16
7.002604924454351021e+03 3.772834811499325046e-16
7.005646334639017368e+03 4.007333665965467839e-16
7.008687744823684625e+03 3.924358494843863924e-16
7.011729155008351881e+03 3.901553221412777972e-16
7.014770565193019138e+03 4.065496848493204940e-16
7.017811975377686394e+03 4.256879762676140219e-16
7.020853385562352742e+03 4.183109403371470869e-16
7.023894795747019998e+03 4.192056665432375977e-16
7.026936205931686345e+03 4.299178207806229694e-16
7.029977616116353602e+03 4.263095332825507126e-16
7.033019026301020858e+03 4.435254956543693440e-16
7.036060436485688115e+03 4.641899005969174131e-16
7.039101846670355371e+03 4.884811774861153446e-16
7.042143256855021718e+03 4.910167012440983755e-16
7.045184667039688975e+03 4.870503157110324193e-16
7.048226077224355322e+03 4.925832858054010596e-16
7.051267487409022579e+03 5.151660862471685435e-16
7.054308897593689835e+03 5.288504742059621143e-16
7.057350307778357092e+03 5.364401674000334411e-16
7.060391717963024348e+03 5.233938572654794493e-16
7.063433128147690695e+03 5.355308652188497257e-16
7.066474538332357952e+03 5.547700244475425006e-16
7.069515948517024299e+03 5.738642431127815758e-16
7.072557358701691555e+03 5.611266233885324210e-16
7.075598768886358812e+03 5.468787820571963464e-16
7.078640179071026068e+03 5.816071470047186298e-16
7.081681589255693325e+03 5.540106303546776694e-16
7.084722999440359672e+03 5.598564118340730531e-16
7.087764409625026929e+03 5.793252113729533033e-16
7.090805819809693276e+03 5.766189440650776354e-16
7.093847229994360532e+03 5.778686464877189027e-16
7.096888640179027789e+03 6.088994721156294865e-16
7.099930050363695045e+03 6.114989329897025367e-16
7.102971460548362302e+03 5.905269153627554356e-16
7.106012870733028649e+03 6.011463390055643928e-16
7.109054280917695905e+03 6.107771727820109235e-16
7.112095691102362252e+03 6.044868155011199150e-16
7.115137101287029509e+03 5.713285628656270892e-16
7.118178511471696766e+03 5.703452401880499029e-16
7.121219921656364022e+03 5.736709261459866606e-16
7.124261331841031279e+03 5.812523600725419700e-16
7.127302742025697626e+03 5.897589897277184729e-16
7.130344152210364882e+03 5.799433448922762136e-16
7.133385562395031229e+03 5.912671267054009855e-16
7.136426972579698486e+03 5.686616656126157227e-16
7.139468382764365742e+03 5.768342414530622368e-16
7.142509792949032999e+03 5.832881837071149471e-16
7.145551203133700255e+03 5.711136948999081949e-16
7.148592613318367512e+03 5.700703624903291036e-16
7.151634023503033859e+03 5.565122347559117794e-16
7.154675433687700206e+03 5.664281479146618302e-16
7.157716843872367463e+03 5.944242935896249915e-16
7.160758254057034719e+03 5.542133935552505232e-16
7.163799664241701976e+03 5.536548547714200063e-16
7.166841074426369232e+03 5.785415157069337096e-16
7.169882484611036489e+03 5.678842688613309442e-16
7.172923894795702836e+03 5.414303279909968333e-16
7.175965304980369183e+03 5.563594339882790213e-16
7.179006715165036439e+03 5.576032183957747712e-16
7.182048125349703696e+03 5.411781759901036443e-16
7.185089535534370953e+03 5.448109864045717642e-16
7.188130945719038209e+03 5.687116794734311243e-16
7.191172355903705466e+03 5.696321998388970975e-16
7.194213766088371813e+03 5.531458036685345231e-16
7.197255176273039069e+03 5.354972298659580666e-16
7.200296586457705416e+03 5.209770903468211868e-16
7.203337996642372673e+03 5.226229597684281652e-16
7.206379406827039929e+03 5.219498869699968506e-16
7.209420817011707186e+03 5.301438702966526871e-16
7.212462227196374442e+03 5.240449105297376846e-16
7.215503637381040789e+03 5.266777960971722151e-16
7.218545047565708046e+03 5.171071997887013845e-16
7.221586457750374393e+03 4.973525820985168491e-16
7.224627867935041650e+03 4.920910019192776702e-16
7.227669278119708906e+03 4.825200079576458193e-16
7.230710688304376163e+03 4.767904331098783488e-16
7.233752098489043419e+03 4.982348804341449856e-16
7.236793508673709766e+03 5.022157568853198574e-16
7.239834918858377023e+03 4.837247100399678736e-16
7.242876329043043370e+03 4.681574216403502368e-16
7.245917739227710626e+03 4.895027690189643550e-16
7.248959149412377883e+03 4.971990781580390148e-16
7.252000559597045140e+03 4.479316421714586254e-16
7.255041969781712396e+03 4.527889471634236197e-16
7.258083379966378743e+03 4.832436284705286464e-16
7.261124790151046000e+03 4.963836980705154643e-16
7.264166200335712347e+03 4.924970368567598170e-16
7.267207610520379603e+03 4.985443008920313157e-16
7.270249020705046860e+03 4.829395040916149379e-16
7.273290430889714116e+03 4.832986148275138247e-16
7.276331841074381373e+03 4.851330888814973862e-16
7.279373251259047720e+03 4.696213460217054102e-16
7.282414661443714976e+03 4.693395992396717236e-16
7.285456071628381324e+03 4.925060580100245187e-16
7.288497481813048580e+03 4.807703395514973315e-16
7.291538891997715837e+03 4.745129655376702893e-16
7.294580302182383093e+03 4.673683146076181672e-16
7.297621712367050350e+03 4.710063002879089979e-16
7.300663122551716697e+03 4.650614496997791061e-16
7.303704532736383953e+03 4.599206572927058597e-16
7.306745942921050300e+03 4.502351492001399884e-16
7.309787353105717557e+03 4.755594175547542310e-16
7.312828763290384813e+03 4.699902234425115151e-16
7.315870173475052070e+03 4.568323470374205849e-16
7.318911583659719327e+03 4.577672642818448366e-16
7.321952993844385674e+03 4.629548324068485202e-16
7.324994404029052930e+03 4.798675725533668237e-16
7.328035814213719277e+03 4.762263293568872802e-16
7.331077224398386534e+03 4.698772750037783998e-16
7.334118634583053790e+03 4.758453221743831517e-16
7.337160044767721047e+03 4.813517861252098922e-16
7.340201454952388303e+03 4.710887774438967569e-16
7.343242865137054650e+03 4.559420588586351135e-16
7.346284275321721907e+03 4.667626786130541675e-16
7.349325685506388254e+03 4.681699730062469282e-16
7.352367095691055511e+03 4.682297596482895817e-16
7.355408505875722767e+03 4.735277095916186836e-16
7.358449916060390024e+03 4.719702671128353573e-16
7.361491326245057280e+03 5.164456858996788312e-16
7.364532736429723627e+03 4.778803323715143059e-16
7.367574146614390884e+03 4.796203312912974907e-16
7.370615556799057231e+03 4.752711616520556983e-16
7.373656966983724487e+03 4.957351252452458462e-16
7.376698377168391744e+03 4.968215729233897020e-16
7.379739787353059000e+03 5.111680365593184155e-16
7.382781197537726257e+03 5.134877489899457495e-16
7.385822607722393514e+03 4.930478402043428698e-16
7.388864017907059861e+03 4.942750214278408283e-16
7.391905428091726208e+03 4.904978096922165331e-16
7.394946838276393464e+03 4.749664305859009540e-16
7.397988248461060721e+03 4.844437516832225437e-16
7.401029658645727977e+03 4.942652850290653866e-16
7.404071068830395234e+03 4.830580679675145275e-16
7.407112479015062490e+03 4.779070036639683645e-16
7.410153889199728837e+03 4.801564616161531838e-16
7.413195299384395184e+03 4.682290778172392162e-16
7.416236709569062441e+03 4.658227276438172771e-16
7.419278119753729698e+03 4.797046551222041536e-16
7.422319529938396954e+03 4.724113898132026335e-16
7.425360940123064211e+03 4.610510761440738985e-16
7.428402350307731467e+03 4.660443032364258042e-16
7.431443760492397814e+03 4.799933090179985631e-16
7.434485170677064161e+03 4.794860701909798182e-16
7.437526580861731418e+03 4.464294502316166014e-16
7.440567991046398674e+03 4.566733223358308243e-16
7.443609401231065931e+03 4.779324458860787538e-16
7.446650811415733187e+03 4.582061880973230131e-16
7.449692221600400444e+03 4.402303551953815602e-16
7.452733631785066791e+03 4.558413039874053126e-16
7.455775041969734048e+03 4.702433745879027202e-16
7.458816452154400395e+03 4.712017867686735984e-16
7.461857862339067651e+03 4.730141856058904406e-16
7.464899272523734908e+03 4.671243478346862611e-16
7.467940682708402164e+03 4.637839221274697050e-16
7.470982092893069421e+03 4.665034831536678476e-16
7.474023503077735768e+03 4.456363213415705314e-16
7.477064913262403024e+03 4.501005084868481941e-16
7.480106323447069371e+03 4.571864905441903517e-16
7.483147733631736628e+03 4.687575109738269984e-16
7.486189143816403885e+03 4.467960738540577541e-16
7.489230554001071141e+03 4.651922832727511379e-16
7.492271964185738398e+03 4.648777545847891590e-16
7.495313374370404745e+03 4.477507156713716083e-16
7.498354784555072001e+03 4.571168924264539931e-16
7.501396194739738348e+03 4.394858812829120858e-16
7.504437604924405605e+03 4.318750042644013471e-16
7.507479015109072861e+03 4.539562169870899121e-16
7.510520425293740118e+03 4.506320331311062928e-16
7.513561835478407374e+03 4.663828101979297216e-16
7.516603245663073722e+03 4.429285588849292779e-16
7.519644655847740978e+03 4.747520339390475597e-16
7.522686066032407325e+03 4.749057520129775267e-16
7.525727476217074582e+03 4.660389955932201065e-16
7.528768886401741838e+03 4.796219252246460303e-16
7.531810296586409095e+03 4.628307094897416324e-16
7.534851706771076351e+03 4.623765620202011493e-16
7.537893116955742698e+03 4.614435944203575336e-16
7.540934527140409955e+03 4.755608883343879600e-16
7.543975937325076302e+03 4.751699243197900924e-16
7.547017347509743558e+03 4.718680776867395133e-16
7.550058757694410815e+03 4.659331058178885145e-16
7.553100167879078072e+03 4.630031406088141088e-16
7.556141578063745328e+03 4.581673347280337882e-16
7.559182988248411675e+03 4.804706402839153575e-16
7.562224398433078932e+03 4.888572818502724806e-16
7.565265808617745279e+03 4.954214113552401725e-16
7.568307218802412535e+03 4.711057706935312553e-16
7.571348628987079792e+03 4.897321556402771578e-16
7.574390039171747048e+03 4.917787474058788406e-16
7.577431449356414305e+03 5.088403569787510217e-16
7.580472859541080652e+03 4.932167742279888132e-16
7.583514269725747909e+03 5.007610898465128886e-16
7.586555679910414256e+03 4.859793956173025622e-16
7.589597090095081512e+03 4.892529343284111336e-16
7.592638500279748769e+03 4.592121985436746330e-16
7.595679910464416025e+03 4.266597246355429733e-16
7.598721320649083282e+03 3.976557191671662805e-16
7.601762730833749629e+03 3.341696283968681242e-16
7.604804141018416885e+03 3.076423033317830096e-16
7.607845551203083232e+03 3.000752966245440046e-16
7.610886961387750489e+03 3.447316206482754759e-16
7.613928371572417745e+03 3.679573844963032845e-16
7.616969781757085002e+03 4.390117587568077584e-16
7.620011191941752259e+03 4.316817860372021276e-16
7.623052602126418606e+03 4.311567540829641678e-16
7.626094012311085862e+03 3.878838864210196645e-16
7.629135422495752209e+03 4.057445948569095293e-16
7.632176832680419466e+03 4.069175329228425246e-16
7.635218242865086722e+03 4.019637735455682631e-16
7.638259653049753979e+03 3.779421467167486767e-16
7.641301063234421235e+03 4.023723929076882282e-16
7.644342473419088492e+03 3.970635023574108745e-16
7.647383883603754839e+03 3.993106572771755424e-16
7.650425293788421186e+03 4.188983472084545268e-16
7.653466703973088443e+03 4.455257497645913233e-16
7.656508114157755699e+03 4.258249178103020729e-16
7.659549524342422956e+03 4.380397355538403215e-16
7.662590934527090212e+03 4.716877982391350394e-16
7.665632344711757469e+03 4.331981937062606688e-16
7.668673754896423816e+03 4.441309625906204014e-16
7.671715165081090163e+03 4.344591845718087779e-16
7.674756575265757419e+03 4.127836762336051560e-16
7.677797985450424676e+03 4.349922573529264806e-16
7.680839395635091932e+03 4.072855952531804820e-16
7.683880805819759189e+03 4.158632963504207262e-16
7.686922216004426446e+03 3.968775395609369819e-16
7.689963626189092793e+03 4.191658378222867813e-16
7.693005036373760049e+03 3.963404676451775846e-16
7.696046446558426396e+03 4.020660169750913332e-16
7.699087856743093653e+03 3.983046069138490748e-16
7.702129266927760909e+03 3.936550562433240414e-16
7.705170677112428166e+03 3.872983134398481038e-16
7.708212087297095422e+03 3.878445150213503062e-16
7.711253497481761769e+03 3.654856097152234323e-16
7.714294907666429026e+03 3.574719014862253068e-16
7.717336317851095373e+03 3.748639563118066296e-16
7.720377728035762630e+03 3.874295570881373949e-16
7.723419138220429886e+03 3.754200522627205349e-16
7.726460548405097143e+03 3.403151333384506885e-16
7.729501958589764399e+03 3.336508120133663112e-16
7.732543368774430746e+03 3.526242432499170355e-16
7.735584778959098003e+03 3.635026159888546600e-16
7.738626189143764350e+03 3.472425345113872322e-16
7.741667599328431606e+03 3.509802536651877787e-16
7.744709009513098863e+03 3.486583998656202285e-16
7.747750419697766119e+03 3.513889572024491280e-16
7.750791829882433376e+03 3.390115321074553496e-16
7.753833240067099723e+03 3.521372038632697758e-16
7.756874650251766980e+03 3.479516422464784598e-16
7.759916060436433327e+03 3.362764425949685120e-16
7.762957470621100583e+03 3.482263462446295903e-16
7.765998880805767840e+03 3.715769217613148166e-16
7.769040290990435096e+03 3.803388941082771403e-16
7.772081701175102353e+03 3.832225909037162625e-16
7.775123111359768700e+03 3.975508654887286796e-16
7.778164521544435956e+03 3.877213000478324625e-16
7.781205931729102304e+03 3.922356431499866122e-16
7.784247341913769560e+03 3.884819057245321638e-16
7.787288752098436817e+03 3.769638625925397548e-16
7.790330162283104073e+03 3.860626155951116659e-16
7.793371572467771330e+03 3.849380565004060013e-16
7.796412982652437677e+03 4.017501519238607060e-16
7.799454392837104933e+03 4.089591484762658068e-16
7.802495803021771280e+03 4.188564591131401003e-16
7.805537213206438537e+03 4.194845820625096516e-16
7.808578623391105793e+03 4.285175835617429309e-16
7.811620033575773050e+03 4.330408203323521109e-16
7.814661443760440307e+03 4.183125983714131903e-16
7.817702853945106654e+03 4.163715836076518346e-16
7.820744264129773910e+03 4.389375433855911161e-16
7.823785674314440257e+03 4.223956769667866386e-16
7.826827084499107514e+03 4.427018509679151112e-16
7.829868494683774770e+03 4.571118200158255500e-16
7.832909904868442027e+03 4.418459314175059989e-16
7.835951315053109283e+03 4.479184225461249705e-16
7.838992725237775630e+03 4.455102123046620424e-16
7.842034135422442887e+03 4.413696575922027763e-16
7.845075545607109234e+03 4.459506308901354241e-16
7.848116955791776491e+03 4.463772978680100822e-16
7.851158365976443747e+03 4.252500252775178182e-16
7.854199776161111004e+03 4.564538114324147717e-16
7.857241186345778260e+03 4.411230890325246593e-16
7.860282596530444607e+03 4.593560913317195284e-16
7.863324006715111864e+03 4.465450251372593688e-16
7.866365416899778211e+03 4.294758843202902586e-16
7.869406827084445467e+03 4.542899138699002981e-16
7.872448237269112724e+03 4.568942227622476809e-16
7.875489647453779980e+03 4.461564570243549199e-16
7.878531057638447237e+03 4.581060649725871640e-16
7.881572467823114494e+03 4.627207166379283872e-16
7.884613878007780841e+03 4.671649538322289653e-16
7.887655288192447188e+03 4.750336638705662280e-16
7.890696698377114444e+03 4.678351397339609125e-16
7.893738108561781701e+03 4.715087126381093092e-16
7.896779518746448957e+03 4.736093594597816775e-16
7.899820928931116214e+03 4.843737686055915484e-16
7.902862339115782561e+03 4.731553368154621358e-16
7.905903749300449817e+03 4.568161680544164688e-16
7.908945159485117074e+03 4.812412277803812641e-16
7.911986569669783421e+03 4.947834606512167011e-16
7.915027979854450678e+03 4.946109400773279847e-16
7.918069390039117934e+03 4.941727191766463536e-16
7.921110800223785191e+03 4.792228563331112329e-16
7.924152210408451538e+03 4.511590863370191335e-16
7.927193620593118794e+03 4.490339147962643518e-16
7.930235030777786051e+03 4.547174898625741978e-16
7.933276440962452398e+03 4.660911845966186683e-16
7.936317851147119654e+03 4.769378170526218088e-16
7.939359261331786911e+03 4.443945171235203575e-16
7.942400671516454167e+03 4.651532308971228795e-16
7.945442081701120514e+03 4.664207870674853646e-16
7.948483491885787771e+03 4.849201345415108611e-16
7.951524902070455028e+03 4.511122793932807979e-16
7.954566312255121375e+03 4.616698703986220547e-16
7.957607722439788631e+03 4.352322914649569109e-16
7.960649132624455888e+03 4.542750680490705192e-16
7.963690542809123144e+03 4.615643058046652049e-16
7.966731952993789491e+03 4.591429081145058535e-16
7.969773363178456748e+03 4.675879643934453853e-16
7.972814773363124004e+03 4.524209187357164857e-16
7.975856183547791261e+03 4.343886753721910202e-16
7.978897593732457608e+03 4.362914120305245958e-16
7.981939003917124865e+03 4.356858754307538871e-16
7.984980414101792121e+03 4.390536964952993850e-16
7.988021824286458468e+03 4.462966910731288837e-16
7.991063234471125725e+03 4.498705038019481268e-16
7.994104644655792981e+03 4.620070846751927539e-16
7.997146054840460238e+03 4.478299400140524059e-16
8.000187465025126585e+03 4.673745117808770768e-16
8.003228875209793841e+03 4.519753662470108543e-16
8.006270285394461098e+03 4.312768586955584434e-16
8.009311695579127445e+03 4.525141869576157917e-16
8.012353105763794701e+03 4.644593082252694315e-16
8.015394515948461958e+03 4.304413317198171128e-16
8.018435926133129215e+03 4.476340272222253150e-16
8.021477336317795562e+03 4.485746941504720946e-16
8.024518746502462818e+03 4.215784250762297757e-16
8.027560156687130075e+03 4.288941629476550888e-16
8.030601566871796422e+03 4.234997173654978651e-16
8.033642977056463678e+03 4.149767983524655522e-16
8.036684387241130935e+03 4.370814807463336350e-16
8.039725797425798191e+03 4.385282276270185097e-16
8.042767207610464538e+03 4.410632475380455971e-16
8.045808617795131795e+03 4.225069380349158273e-16
8.048850027979799052e+03 4.226678119306905454e-16
8.051891438164465399e+03 4.144983277192372506e-16
8.054932848349132655e+03 4.259773426782409589e-16
8.057974258533799912e+03 4.160211933348338805e-16
8.061015668718467168e+03 4.215258491754875872e-16
8.064057078903133515e+03 4.267001461670307011e-16
8.067098489087800772e+03 4.199206843216466774e-16
8.070139899272468028e+03 4.297825657676259884e-16
8.073181309457134375e+03 4.364976459545900038e-16
8.076222719641801632e+03 4.208556250304732511e-16
8.079264129826468888e+03 4.247576379916371029e-16
8.082305540011136145e+03 4.193164579761998541e-16
8.085346950195802492e+03 3.988494109933058152e-16
8.088388360380469749e+03 4.095314389959904545e-16
8.091429770565137005e+03 4.183280699520695391e-16
8.094471180749803352e+03 4.037984147700101802e-16
8.097512590934470609e+03 4.334817797475379062e-16
8.100554001119137865e+03 4.124093532849023995e-16
8.103595411303805122e+03 4.146907826380902954e-16
8.106636821488471469e+03 4.177242866763845247e-16
8.109678231673138725e+03 4.008545264866519302e-16
8.112719641857805982e+03 4.070376416873420544e-16
8.115761052042473239e+03 4.116921527177406447e-16
8.118802462227139586e+03 4.144344065258916344e-16
8.121843872411806842e+03 4.330673479638621327e-16
8.124885282596474099e+03 4.261768016564254662e-16
8.127926692781140446e+03 4.221803898655253149e-16
8.130968102965807702e+03 4.215761043824503479e-16
8.134009513150474959e+03 4.157183768604749752e-16
8.137050923335142215e+03 4.002638618157077990e-16
8.140092333519808562e+03 3.839289507094917857e-16
8.143133743704475819e+03 4.217992578690991984e-16
8.146175153889143076e+03 4.056892721401000838e-16
8.149216564073809423e+03 3.869940781260369661e-16
8.152257974258476679e+03 4.068883024178279597e-16
8.155299384443143936e+03 3.923058762714734464e-16
8.158340794627811192e+03 3.975552798708000721e-16
8.161382204812477539e+03 3.831252521816441794e-16
8.164423614997144796e+03 4.000009028390497317e-16
8.167465025181812052e+03 4.087246439005917870e-16
8.170506435366478399e+03 3.984988932479904349e-16
8.173547845551145656e+03 3.968039551330132260e-16
8.176589255735812912e+03 3.878397898296983367e-16
8.179630665920480169e+03 3.899083803355506685e-16
8.182672076105146516e+03 3.929283786305272654e-16
8.185713486289813773e+03 3.868165644826244606e-16
8.188754896474481029e+03 3.928872514068477467e-16
8.191796306659147376e+03 4.158581601710698149e-16
8.194837716843814633e+03 4.031085576882158717e-16
8.197879127028481889e+03 3.799242082484171410e-16
8.200920537213149146e+03 4.002730877368853947e-16
8.203961947397816402e+03 3.833771421839717717e-16
8.207003357582481840e+03 3.615974226707494550e-16
8.210044767767150915e+03 3.724538392011154499e-16
8.213086177951816353e+03 3.804282728398108737e-16
8.216127588136483610e+03 3.933214322944554260e-16
8.219168998321150866e+03 3.699769391205630791e-16
8.222210408505818123e+03 3.641708625338811337e-16
8.225251818690485379e+03 3.662580833822212223e-16
8.228293228875150817e+03 3.777599155811484691e-16
8.231334639059819892e+03 3.980528459280929419e-16
8.234376049244485330e+03 3.809735827120367412e-16
8.237417459429152586e+03 3.846149479367604316e-16
8.240458869613819843e+03 3.816462637566346469e-16
8.243500279798487099e+03 3.802148546170102817e-16
8.246541689983154356e+03 3.955915585612581261e-16
8.249583100167819794e+03 3.758677874667185854e-16
8.252624510352488869e+03 3.737927745291930196e-16
8.255665920537154307e+03 3.917587792985789052e-16
8.258707330721821563e+03 3.759391696840611607e-16
8.261748740906488820e+03 3.659572992959995519e-16
8.264790151091156076e+03 3.961295099310764134e-16
8.267831561275823333e+03 3.930340229705613125e-16
8.270872971460488770e+03 3.817272134341362983e-16
8.273914381645157846e+03 3.812366206394757213e-16
8.276955791829823283e+03 3.834888151363320380e-16
8.279997202014490540e+03 3.986060110003146381e-16
8.283038612199157797e+03 3.714456608474857872e-16
8.286080022383825053e+03 3.582455420244701768e-16
8.289121432568492310e+03 3.791337988860761554e-16
8.292162842753157747e+03 3.611104481039957726e-16
8.295204252937826823e+03 3.438166490378107694e-16
8.298245663122492260e+03 3.597045404170566878e-16
8.301287073307159517e+03 3.555093220273452186e-16
8.304328483491826773e+03 3.547812604826931788e-16
8.307369893676494030e+03 3.880693593069298136e-16
8.310411303861161286e+03 3.810387349540695658e-16
8.313452714045826724e+03 3.544786956748529835e-16
8.316494124230495800e+03 3.862805631493704127e-16
8.319535534415161237e+03 3.528559676917388701e-16
8.322576944599828494e+03 3.555435944891220899e-16
8.325618354784495750e+03 3.501102867525733047e-16
8.328659764969163007e+03 3.579811417593192109e-16
8.331701175153830263e+03 3.444290590550746294e-16
8.334742585338495701e+03 3.232325566409884668e-16
8.337783995523164776e+03 3.454182730586679557e-16
8.340825405707830214e+03 3.519655218118357551e-16
8.343866815892497470e+03 3.332962695185327916e-16
8.346908226077164727e+03 3.092096043296586138e-16
8.349949636261831984e+03 3.335870800978877739e-16
8.352991046446499240e+03 2.572906570481349670e-16
8.356032456631164678e+03 2.943082383122218531e-16
8.359073866815833753e+03 2.902805327644453134e-16
8.362115277000499191e+03 2.822164487741001711e-16
8.365156687185166447e+03 2.514980618656621039e-16
8.368198097369833704e+03 2.448659085221563322e-16
8.371239507554500960e+03 2.309533086275342568e-16
8.374280917739168217e+03 2.306641750432809253e-16
8.377322327923833654e+03 2.346488999394654544e-16
8.380363738108502730e+03 2.226914305976681040e-16
8.383405148293168168e+03 1.846643471670730466e-16
8.386446558477835424e+03 1.632987307723890881e-16
8.389487968662502681e+03 1.770798615813032987e-16
8.392529378847169937e+03 1.873877552313817623e-16
8.395570789031837194e+03 1.729584682296255706e-16
8.398612199216502631e+03 1.755413464635582479e-16
8.401653609401171707e+03 1.809026296836853999e-16
8.404695019585837144e+03 1.766234205929797404e-16
8.407736429770504401e+03 1.854902055748902193e-16
8.410777839955171657e+03 1.673546967512454390e-16
8.413819250139838914e+03 1.564416413106713014e-16
8.416860660324506171e+03 1.733988652845465409e-16
8.419902070509171608e+03 1.542773380369895995e-16
8.422943480693840684e+03 1.454222234112725673e-16
8.425984890878506121e+03 1.610112566621920482e-16
8.429026301063173378e+03 1.510657771489581331e-16
8.432067711247840634e+03 1.642653505040395239e-16
8.435109121432507891e+03 1.818879265000352196e-16
8.438150531617175147e+03 1.812912733875083816e-16
8.441191941801840585e+03 1.624664776632753965e-16
8.444233351986509660e+03 1.598804860981680233e-16
8.447274762171175098e+03 1.663796810938926724e-16
8.450316172355842355e+03 1.698769468997856831e-16
8.453357582540509611e+03 1.841281708124339233e-16
8.456398992725176868e+03 1.902886044289427885e-16
8.459440402909844124e+03 1.835425090788183889e-16
8.462481813094509562e+03 1.703663378622759291e-16
8.465523223279178637e+03 1.965749885289558460e-16
8.468564633463844075e+03 1.755571338030946139e-16
8.471606043648511331e+03 2.012277643900011034e-16
8.474647453833178588e+03 1.846387712073986051e-16
8.477688864017845845e+03 1.783170718266098089e-16
8.480730274202513101e+03 1.911524434844337615e-16
8.483771684387178539e+03 2.054593275792767616e-16
8.486813094571847614e+03 2.079996354729213428e-16
8.489854504756513052e+03 1.914777032977968029e-16
8.492895914941182127e+03 1.883429078342007142e-16
8.495937325125847565e+03 2.058674329921343263e-16
8.498978735310514821e+03 2.185000903138250242e-16
8.502020145495182078e+03 2.247920257335491148e-16
8.505061555679847515e+03 2.113593619258586647e-16
8.508102965864516591e+03 2.362953470681858860e-16
8.511144376049182029e+03 2.099683188325517250e-16
8.514185786233851104e+03 2.110977467752366120e-16
8.517227196418516542e+03 2.144704719727059955e-16
8.520268606603183798e+03 2.051510937095863511e-16
8.523310016787851055e+03 1.878043221592836786e-16
8.526351426972516492e+03 1.971749936542193886e-16
8.529392837157185568e+03 2.054050696453397422e-16
8.532434247341851005e+03 2.073782933019667111e-16
8.535475657526520081e+03 1.827107532771583040e-16
8.538517067711185518e+03 2.106402909268471523e-16
8.541558477895852775e+03 1.981719301387031659e-16
8.544599888080520032e+03 2.021619652285017028e-16
8.547641298265185469e+03 2.256206888606087811e-16
8.550682708449854545e+03 2.116601262801625147e-16
8.553724118634519982e+03 2.007363778784755883e-16
8.556765528819189058e+03 2.160373478410848584e-16
8.559806939003854495e+03 2.217173877127327945e-16
8.562848349188521752e+03 2.422052327139054679e-16
8.565889759373189008e+03 2.217543006279630542e-16
8.568931169557854446e+03 2.175091211917227219e-16
8.571972579742523521e+03 2.264168980046018354e-16
8.575013989927188959e+03 2.324063758728148115e-16
8.578055400111858035e+03 2.351705971065271991e-16
8.581096810296523472e+03 2.509730351280207451e-16
8.584138220481190729e+03 2.332202006207961450e-16
8.587179630665857985e+03 2.316268018584125359e-16
8.590221040850523423e+03 2.374345439878640602e-16
8.593262451035192498e+03 2.234205477872885869e-16
8.596303861219857936e+03 2.165718630585534291e-16
8.599345271404527011e+03 2.346812213612904023e-16
8.602386681589192449e+03 2.480585039989242253e-16
8.605428091773859705e+03 2.526416000322171849e-16
8.608469501958526962e+03 2.829864411402589356e-16
8.611510912143194219e+03 3.061694700893914992e-16
8.614552322327861475e+03 2.742765035722979682e-16
8.617593732512526913e+03 2.867445695995806798e-16
8.620635142697195988e+03 2.868797405851417544e-16
8.623676552881861426e+03 2.774286443922772876e-16
8.626717963066528682e+03 2.954727330600723575e-16
8.629759373251195939e+03 3.229957155818757402e-16
8.632800783435863195e+03 2.967348042687510014e-16
8.635842193620530452e+03 2.997520560022732350e-16
8.638883603805195889e+03 3.165852106599832768e-16
8.641925013989864965e+03 3.423683148746200131e-16
8.644966424174530403e+03 3.535131348301067020e-16
8.648007834359197659e+03 3.640758739979224115e-16
8.651049244543864916e+03 3.740779320290244350e-16
8.654090654728532172e+03 3.700072665068910455e-16
8.657132064913199429e+03 3.707855079113383810e-16
8.660173475097864866e+03 4.190607482245253670e-16
8.663214885282533942e+03 4.177232800688301972e-16
8.666256295467199379e+03 4.089814433505027213e-16
8.669297705651866636e+03 3.876275961248889171e-16
8.672339115836533892e+03 4.267086640611659668e-16
8.675380526021201149e+03 4.245505180811505468e-16
8.678421936205868406e+03 4.177407080182815464e-16
8.681463346390533843e+03 3.785872389195115247e-16
8.684504756575202919e+03 4.084868300691496105e-16
8.687546166759868356e+03 4.469589083170617644e-16
8.690587576944535613e+03 4.224966616095714504e-16
8.693628987129202869e+03 4.430744040114289627e-16
8.696670397313870126e+03 4.530167896042902115e-16
8.699711807498537382e+03 4.669572158631270392e-16
8.702753217683202820e+03 4.618515066172314414e-16
8.705794627867871895e+03 4.654082229631927243e-16
8.708836038052537333e+03 4.779474515370914029e-16
8.711877448237204590e+03 4.784348199242243741e-16
8.714918858421871846e+03 4.527980046452073879e-16
8.717960268606539103e+03 4.893014958183338433e-16
8.721001678791206359e+03 5.044493878158171646e-16
8.724043088975871797e+03 5.075600781072336629e-16
8.727084499160540872e+03 4.743913411946653109e-16
8.730125909345206310e+03 4.867748702890567107e-16
8.733167319529873566e+03 4.831527341950609976e-16
8.736208729714540823e+03 4.733435794581455080e-16
8.739250139899208079e+03 5.061269407180488663e-16
8.742291550083875336e+03 5.054637870088092905e-16
8.745332960268540774e+03 5.159142878517452410e-16
8.748374370453209849e+03 5.306574474517544451e-16
8.751415780637875287e+03 4.680443800248661865e-16
8.754457190822542543e+03 4.878195369421337307e-16
8.757498601007209800e+03 4.951532087316195248e-16
8.760540011191877056e+03 5.060036185435758852e-16
8.763581421376544313e+03 5.165686251455659208e-16
8.766622831561209750e+03 4.698641302054041475e-16
8.769664241745878826e+03 4.805266452360899497e-16
8.772705651930544263e+03 4.742747748750649840e-16
8.775747062115211520e+03 4.695150156731793792e-16
8.778788472299878777e+03 4.611601486984747179e-16
8.781829882484546033e+03 4.787635444176450970e-16
8.784871292669213290e+03 5.368038793503868076e-16
8.787912702853878727e+03 5.012146156009174281e-16
8.790954113038547803e+03 4.648476096117464136e-16
8.793995523223213240e+03 4.883957148277071484e-16
8.797036933407880497e+03 5.090117328812723962e-16
8.800078343592547753e+03 4.871531442699541612e-16
8.803119753777215010e+03 4.833270108420472412e-16
8.806161163961882266e+03 4.886243467504956080e-16
8.809202574146547704e+03 4.711499310296539782e-16
8.812243984331216780e+03 4.890376697162991721e-16
8.815285394515882217e+03 5.001838538540717280e-16
8.818326804700549474e+03 4.996830891144575861e-16
8.821368214885216730e+03 5.181252932637431398e-16
8.824409625069883987e+03 4.993077661090248665e-16
8.827451035254551243e+03 4.872947628648084361e-16
8.830492445439216681e+03 5.083288313099224976e-16
8.833533855623885756e+03 4.591084959424140159e-16
8.836575265808551194e+03 4.709610836949152895e-16
8.839616675993218450e+03 5.121881652307720689e-16
8.842658086177885707e+03 4.599418085426747373e-16
8.845699496362552964e+03 4.419405751189677519e-16
8.848740906547220220e+03 4.823103620124594819e-16
8.851782316731885658e+03 4.463386882393030961e-16
8.854823726916554733e+03 4.535327971916687699e-16
8.857865137101220171e+03 4.490626005494050067e-16
8.860906547285887427e+03 4.889986238065192307e-16
8.863947957470554684e+03 4.635717421021951346e-16
8.866989367655221940e+03 4.712960743985670255e-16
8.870030777839889197e+03 4.518209938703811918e-16
8.873072188024554634e+03 4.482923653191420623e-16
8.876113598209223710e+03 4.680893997260524599e-16
8.879155008393889148e+03 4.415106429330272298e-16
8.882196418578556404e+03 4.159634027315155762e-16
8.885237828763223661e+03 4.450892820255099588e-16
8.888279238947890917e+03 4.446864214545395902e-16
8.891320649132558174e+03 4.262302821147916510e-16
8.894362059317223611e+03 4.017847367497668798e-16
8.897403469501892687e+03 4.108250151220812759e-16
8.900444879686558124e+03 4.108533998000177844e-16
8.903486289871225381e+03 3.940425562111904323e-16
8.906527700055892637e+03 3.996712198544433511e-16
8.909569110240559894e+03 4.341698758141602517e-16
8.912610520425227151e+03 4.503574357938569129e-16
8.915651930609892588e+03 3.943066503870747718e-16
8.918693340794561664e+03 4.279098868245968232e-16
8.921734750979227101e+03 4.355817121656181889e-16
8.924776161163894358e+03 3.656884407735187113e-16
8.927817571348561614e+03 3.862943958732111977e-16
8.930858981533228871e+03 3.591717716032539381e-16
8.933900391717896127e+03 3.811205454264618232e-16
8.936941801902561565e+03 3.641065405989006313e-16
8.939983212087230640e+03 3.244517202713099359e-16
8.943024622271896078e+03 3.177574383453454939e-16
8.946066032456563335e+03 3.595831348362445999e-16
8.949107442641230591e+03 3.653279191757257896e-16
8.952148852825897848e+03 3.471889165935100483e-16
8.955190263010565104e+03 3.872476030403197942e-16
8.958231673195230542e+03 3.599794773427041721e-16
8.961273083379899617e+03 3.792084507511974177e-16
8.964314493564565055e+03 3.762852244715211439e-16
8.967355903749232311e+03 3.495592319897163447e-16
8.970397313933899568e+03 3.692426387069273848e-16
8.973438724118566824e+03 3.429292358827404044e-16
8.976480134303234081e+03 3.462947146030149609e-16
8.979521544487899519e+03 3.597497960792523542e-16
8.982562954672568594e+03 3.914405248523318064e-16
8.985604364857234032e+03 3.882500258737499741e-16
8.988645775041903107e+03 3.215949840001872908e-16
8.991687185226568545e+03 3.541652403329524647e-16
8.994728595411235801e+03 3.349211773737065857e-16
8.997770005595903058e+03 3.871243835017259162e-16
9.000811415780568495e+03 3.819646034126618346e-16
9.003852825965237571e+03 3.377572217608520214e-16
9.006894236149903008e+03 3.217934389336347599e-16
9.009935646334572084e+03 3.170745176635829976e-16
9.012977056519237522e+03 3.377843203491065474e-16
9.016018466703904778e+03 3.583894565737538316e-16
9.019059876888572035e+03 3.456232418448036781e-16
9.022101287073237472e+03 3.384976896469828219e-16
9.025142697257906548e+03 3.644016390109027436e-16
9.028184107442571985e+03 3.070640295786036865e-16
9.031225517627241061e+03 3.239877604281321425e-16
9.034266927811906498e+03 3.443290337879277347e-16
9.037308337996573755e+03 3.561669537996764777e-16
9.040349748181241011e+03 3.243553730502503054e-16
9.043391158365906449e+03 3.021654747198582989e-16
9.046432568550575525e+03 3.164427346363020607e-16
9.049473978735240962e+03 2.718285360307403404e-16
9.052515388919910038e+03 2.855040889029781335e-16
9.055556799104575475e+03 3.298116229528806898e-16
9.058598209289242732e+03 3.084551437579988265e-16
9.061639619473909988e+03 3.137899498182813802e-16
9.064681029658575426e+03 3.045074542817992461e-16
9.067722439843244501e+03 2.975887226259969655e-16
9.070763850027909939e+03 2.884991654672223526e-16
9.073805260212579014e+03 2.865770698364609001e-16
9.076846670397244452e+03 2.993775130599750332e-16
9.079888080581911709e+03 2.832561242893530258e-16
9.082929490766578965e+03 2.351068825527289494e-16
9.085970900951244403e+03 2.384496031561510639e-16
9.089012311135913478e+03 3.361193401544408681e-16
9.092053721320578916e+03 3.041622290511167265e-16
9.095095131505247991e+03 2.693810156783468327e-16
9.098136541689913429e+03 3.033758530160214480e-16
9.101177951874580685e+03 3.148392192232969664e-16
9.104219362059247942e+03 2.811783165323108088e-16
9.107260772243915198e+03 2.768115028815806294e-16
9.110302182428582455e+03 2.730522449511072488e-16
9.113343592613247893e+03 3.058230939455820798e-16
9.116385002797916968e+03 3.171139834812445187e-16
9.119426412982582406e+03 2.937861009916498276e-16
9.122467823167249662e+03 2.673202040911452019e-16
9.125509233351916919e+03 3.033958183192044136e-16
9.128550643536584175e+03 3.226666832799235361e-16
9.131592053721251432e+03 2.675558719097972529e-16
9.134633463905916869e+03 3.096406911520643112e-16
9.137674874090585945e+03 2.768435785996642377e-16
9.140716284275251382e+03 2.410673105795926551e-16
9.143757694459918639e+03 2.662457662585904098e-16
9.146799104644585896e+03 2.699085509133596201e-16
9.149840514829253152e+03 2.778814843814103035e-16
9.152881925013920409e+03 2.901751706924253177e-16
9.155923335198585846e+03 2.813622035744686353e-16
9.158964745383254922e+03 2.444843387166583881e-16
9.162006155567920359e+03 2.682832535446706972e-16
9.165047565752587616e+03 3.374685755543401502e-16
9.168088975937254872e+03 3.077757858785782171e-16
9.171130386121922129e+03 2.631223668687283505e-16
9.174171796306589385e+03 2.911177873047744182e-16
9.177213206491254823e+03 3.200702083782374697e-16
9.180254616675923899e+03 2.899959553317302273e-16
9.183296026860589336e+03 2.783262337349404148e-16
9.186337437045256593e+03 2.846536283107983267e-16
9.189378847229923849e+03 3.007911309639902905e-16
9.192420257414591106e+03 2.557306482291420126e-16
9.195461667599258362e+03 2.426060037039387979e-16
9.198503077783923800e+03 2.536823541677169684e-16
9.201544487968592875e+03 2.720360753321075771e-16
9.204585898153258313e+03 2.990001913946825058e-16
9.207627308337925570e+03 2.756829043849300771e-16
9.210668718522592826e+03 2.708499179182547110e-16
9.213710128707260083e+03 2.276676297158855253e-16
9.216751538891927339e+03 2.457484517784449362e-16
9.219792949076592777e+03 2.515169423253324408e-16
9.222834359261261852e+03 2.626811041198205652e-16
9.225875769445927290e+03 2.324914472779008397e-16
9.228917179630594546e+03 2.247822764907341290e-16
9.231958589815261803e+03 2.711484613099777446e-16
9.234999999999929059e+03 2.724062750612758586e-16
