4.032500000000000000e+03 1.121700394783375238e-15
4.034343357967184147e+03 1.114983559116288210e-15
4.036186715934368749e+03 9.416764630787061864e-16
4.038030073901552896e+03 1.119260228863565329e-15
4.039873431868737043e+03 1.096504995757766037e-15
4.041716789835921645e+03 1.094316083269565877e-15
4.043560147803105792e+03 1.187170005310722371e-15
4.045403505770289939e+03 1.203291608382682481e-15
4.047246863737474541e+03 1.087821834129284973e-15
4.049090221704658688e+03 1.054642168425826998e-15
4.050933579671842836e+03 1.080439093322754734e-15
4.052776937639027437e+03 1.117164830481535795e-15
4.054620295606211585e+03 9.692814243159901322e-16
4.056463653573395732e+03 1.049631724575120250e-15
4.058307011540580334e+03 1.009490377167698154e-15
4.060150369507764481e+03 1.147059572234713398e-15
4.061993727474948628e+03 1.237775312039731438e-15
4.063837085442133230e+03 1.280453517675348878e-15
4.065680443409317377e+03 1.280847441840269278e-15
4.067523801376501524e+03 1.187464961034777117e-15
4.069367159343686126e+03 1.101406298224025768e-15
4.071210517310870273e+03 1.317408714760158160e-15
4.073053875278054420e+03 1.287929359606618459e-15
4.074897233245239022e+03 9.865596214628948924e-16
4.076740591212423169e+03 1.209920719559318450e-15
4.078583949179607316e+03 1.161897990639034303e-15
4.080427307146791918e+03 1.136171977985823656e-15
4.082270665113976065e+03 9.997490121974086403e-16
4.084114023081160212e+03 1.195388507576393642e-15
4.085957381048344814e+03 1.179236978390482520e-15
4.087800739015528961e+03 1.059979134479274570e-15
4.089644096982713108e+03 1.129028979050263055e-15
4.091487454949897710e+03 1.042823549174703783e-15
4.093330812917081857e+03 9.284136893739130083e-16
4.095174170884266005e+03 1.056238205531829817e-15
4.097017528851450152e+03 9.412265179321002847e-16
4.098860886818634754e+03 9.767405465053803782e-16
4.100704244785819355e+03 1.106456447525109527e-15
4.102547602753003048e+03 1.031592956256904234e-15
4.104390960720187650e+03 9.779962269587682572e-16
4.106234318687372252e+03 9.834548987323466159e-16
4.108077676654555944e+03 1.039642360357181266e-15
4.109921034621740546e+03 9.202585482056082270e-16
4.111764392588925148e+03 8.130069460190327968e-16
4.113607750556108840e+03 8.205346075060800489e-16
4.115451108523293442e+03 9.598540008309615014e-16
4.117294466490478044e+03 6.691347227816067043e-16
4.119137824457661736e+03 8.950770497340054512e-16
4.120981182424846338e+03 8.000446327146720613e-16
4.122824540392030940e+03 6.907574029118522299e-16
4.124667898359214632e+03 6.528209606400489519e-16
4.126511256326399234e+03 7.679502383259893749e-16
4.128354614293583836e+03 6.587448773806341439e-16
4.130197972260767528e+03 7.216719196754280120e-16
4.132041330227952130e+03 6.869639034233076642e-16
4.133884688195136732e+03 6.515134188322306496e-16
4.135728046162320425e+03 6.294040652310138629e-16
4.137571404129505027e+03 7.766669753173449459e-16
4.139414762096689628e+03 6.586481574266423455e-16
4.141258120063873321e+03 6.700462727671406381e-16
4.143101478031057923e+03 5.982353231828245774e-16
4.144944835998242525e+03 6.074743807301374966e-16
4.146788193965426217e+03 5.903794354928388231e-16
4.148631551932610819e+03 5.613403813658669003e-16
4.150474909899795421e+03 6.787678233350921783e-16
4.152318267866979113e+03 5.796943860680915918e-16
4.154161625834163715e+03 5.713394212713056901e-16
4.156004983801348317e+03 5.853324913642227526e-16
4.157848341768532009e+03 5.305939258448367917e-16
4.159691699735716611e+03 6.174055999127480510e-16
4.161535057702901213e+03 5.328634101343721234e-16
4.163378415670084905e+03 4.912317380062828231e-16
4.165221773637269507e+03 5.051376904498402219e-16
4.167065131604454109e+03 6.358410432421778953e-16
4.168908489571637801e+03 5.392321257039599474e-16
4.170751847538822403e+03 4.007785394615658418e-16
4.172595205506007005e+03 5.063847058979659866e-16
4.174438563473190698e+03 5.241521771266715271e-16
4.176281921440375299e+03 4.929130199345323400e-16
4.178125279407559901e+03 5.146318028063283105e-16
4.179968637374743594e+03 5.016919585992169448e-16
4.181811995341928196e+03 5.966620851046664944e-16
4.183655353309112797e+03 5.015109787494730011e-16
4.185498711276296490e+03 4.331998808608081659e-16
4.187342069243481092e+03 5.375565183612834030e-16
4.189185427210665694e+03 4.624625839040062114e-16
4.191028785177849386e+03 4.801452734833954692e-16
4.192872143145033988e+03 4.114973898539845163e-16
4.194715501112218590e+03 4.003914291697198769e-16
4.196558859079402282e+03 4.839462136859937946e-16
4.198402217046586884e+03 5.478953002248368427e-16
4.200245575013771486e+03 5.165886330825930351e-16
4.202088932980955178e+03 4.789324492566719755e-16
4.203932290948139780e+03 4.636401854325638334e-16
4.205775648915324382e+03 5.333640021869481646e-16
4.207619006882508074e+03 6.400305371968191303e-16
4.209462364849692676e+03 5.013195183273786336e-16
4.211305722816877278e+03 4.811594398494860445e-16
4.213149080784060970e+03 5.291412905250719520e-16
4.214992438751245572e+03 5.040396895793738025e-16
4.216835796718430174e+03 4.432063031237434753e-16
4.218679154685613867e+03 4.870203972760454468e-16
4.220522512652798468e+03 4.872449359470948697e-16
4.222365870619983070e+03 3.964758764822776170e-16
4.224209228587166763e+03 4.662244147521871412e-16
4.226052586554351365e+03 5.319426559094029309e-16
4.227895944521535966e+03 5.248864087422853262e-16
4.229739302488719659e+03 4.935113921210273283e-16
4.231582660455904261e+03 4.506189736399202796e-16
4.233426018423088863e+03 4.382754320329781510e-16
4.235269376390272555e+03 4.776200272854854027e-16
4.237112734357457157e+03 5.072016467269141802e-16
4.238956092324641759e+03 4.708234982784944722e-16
4.240799450291825451e+03 4.639323829854596684e-16
4.242642808259010053e+03 5.219358936201021270e-16
4.244486166226194655e+03 4.500142767132850022e-16
4.246329524193379257e+03 5.235185907007400465e-16
4.248172882160562949e+03 5.042401092029447678e-16
4.250016240127747551e+03 4.589246683786009509e-16
4.251859598094932153e+03 4.969823774253228843e-16
4.253702956062115845e+03 5.229821976540441909e-16
4.255546314029300447e+03 5.498600532186074334e-16
4.257389671996485049e+03 5.543183766739758563e-16
4.259233029963668741e+03 6.090889980733891559e-16
4.261076387930853343e+03 5.960514021531694500e-16
4.262919745898037945e+03 4.689914413807945100e-16
4.264763103865221638e+03 5.808835196031335858e-16
4.266606461832406239e+03 6.575786457178524542e-16
4.268449819799590841e+03 5.638923685334716303e-16
4.270293177766774534e+03 5.557180222491367561e-16
4.272136535733959136e+03 5.477707830133730083e-16
4.273979893701143737e+03 5.525623123544140705e-16
4.275823251668327430e+03 5.724335764569630444e-16
4.277666609635512032e+03 5.378366832812325066e-16
4.279509967602696634e+03 5.419136720225411418e-16
4.281353325569880326e+03 6.018203128636476488e-16
4.283196683537064928e+03 6.049253932772428495e-16
4.285040041504249530e+03 6.113032228086110686e-16
4.286883399471433222e+03 6.011250659278129052e-16
4.288726757438617824e+03 6.267059315132914230e-16
4.290570115405802426e+03 6.098056359037430540e-16
4.292413473372986118e+03 6.016576868283595071e-16
4.294256831340170720e+03 5.404691280998728509e-16
4.296100189307355322e+03 5.448679267951948819e-16
4.297943547274539014e+03 5.571114507068149631e-16
4.299786905241723616e+03 5.441916449260611257e-16
4.301630263208908218e+03 5.698098652680125426e-16
4.303473621176091910e+03 6.118649541022256470e-16
4.305316979143276512e+03 5.968263072344775556e-16
4.307160337110461114e+03 5.845653200051783842e-16
4.309003695077644807e+03 5.744791425770543312e-16
4.310847053044829408e+03 5.945398163291047301e-16
4.312690411012014010e+03 6.295269137963852770e-16
4.314533768979197703e+03 5.813156035741030988e-16
4.316377126946382305e+03 5.435827850299308037e-16
4.318220484913566906e+03 5.758515221558188051e-16
4.320063842880750599e+03 5.671118782891506307e-16
4.321907200847935201e+03 5.679578620071869110e-16
4.323750558815119803e+03 5.764274214879001868e-16
4.325593916782303495e+03 6.155237292377674989e-16
4.327437274749488097e+03 5.910898636613412357e-16
4.329280632716672699e+03 6.082300137045063151e-16
4.331123990683856391e+03 5.533361201449686163e-16
4.332967348651040993e+03 5.609873527388762071e-16
4.334810706618225595e+03 5.824965163869108875e-16
4.336654064585409287e+03 6.498332414422597585e-16
4.338497422552593889e+03 6.003398438576000727e-16
4.340340780519778491e+03 6.030714844626354305e-16
4.342184138486962183e+03 6.223236001561333874e-16
4.344027496454146785e+03 5.829245709391305057e-16
4.345870854421331387e+03 6.187719335087980292e-16
4.347714212388515080e+03 6.852533420409031991e-16
4.349557570355699681e+03 6.553030679635938901e-16
4.351400928322884283e+03 6.566231365501318301e-16
4.353244286290067976e+03 6.382716250420764791e-16
4.355087644257252578e+03 6.189645854826183635e-16
4.356931002224437179e+03 6.842684563272000540e-16
4.358774360191620872e+03 6.201994686378258500e-16
4.360617718158805474e+03 6.067891761688060925e-16
4.362461076125990076e+03 6.477524920758873434e-16
4.364304434093173768e+03 6.568859659282375870e-16
4.366147792060358370e+03 6.592169404910409163e-16
4.367991150027542972e+03 6.747775392266339408e-16
4.369834507994726664e+03 6.915295785975222535e-16
4.371677865961911266e+03 7.311608394264493893e-16
4.373521223929095868e+03 7.766511236739470079e-16
4.375364581896279560e+03 6.919926505124062234e-16
4.377207939863464162e+03 7.052039488964957890e-16
4.379051297830648764e+03 7.615713347342504355e-16
4.380894655797832456e+03 7.157737516235320561e-16
4.382738013765017058e+03 7.260296215103615255e-16
4.384581371732201660e+03 7.106765380161162658e-16
4.386424729699385352e+03 6.707876883853473917e-16
4.388268087666569954e+03 7.044000655812279382e-16
4.390111445633754556e+03 7.312608848528549712e-16
4.391954803600938249e+03 6.976124554646956360e-16
4.393798161568122850e+03 6.739349643254416686e-16
4.395641519535307452e+03 7.440977262753484843e-16
4.397484877502491145e+03 7.839209709873058167e-16
4.399328235469675747e+03 7.273082725226080580e-16
4.401171593436860348e+03 7.063316078101008155e-16
4.403014951404044041e+03 7.681230092679437814e-16
4.404858309371228643e+03 7.675474789670081198e-16
4.406701667338413245e+03 6.921074022372496545e-16
4.408545025305596937e+03 6.943019539229082569e-16
4.410388383272781539e+03 7.359686002862344930e-16
4.412231741239966141e+03 7.611025792666805339e-16
4.414075099207149833e+03 7.099491161935522597e-16
4.415918457174334435e+03 6.789083370630750158e-16
4.417761815141519037e+03 6.447993856606703749e-16
4.419605173108702729e+03 6.822640317178193963e-16
4.421448531075887331e+03 7.021503056458264454e-16
4.423291889043071933e+03 6.362842088240170326e-16
4.425135247010255625e+03 6.590018537294829319e-16
4.426978604977440227e+03 6.435872002318742077e-16
4.428821962944624829e+03 5.747170351629684473e-16
4.430665320911808521e+03 6.083742299474697433e-16
4.432508678878993123e+03 6.157187044540849928e-16
4.434352036846177725e+03 6.058732250549118515e-16
4.436195394813361418e+03 5.755841497550263645e-16
4.438038752780546019e+03 5.746789731212891880e-16
4.439882110747730621e+03 5.446831421246065694e-16
4.441725468714914314e+03 5.363199964161016712e-16
4.443568826682098916e+03 5.156985200793975173e-16
4.445412184649283518e+03 5.245590311926157580e-16
4.447255542616467210e+03 5.171706994938473707e-16
4.449098900583651812e+03 5.079911443885264876e-16
4.450942258550836414e+03 4.798998768349213209e-16
4.452785616518020106e+03 4.731199533166852059e-16
4.454628974485204708e+03 5.036551001846192657e-16
4.456472332452389310e+03 4.960152328947463838e-16
4.458315690419573002e+03 4.855850468502556741e-16
4.460159048386757604e+03 4.873273297168441566e-16
4.462002406353942206e+03 5.086278011530977514e-16
4.463845764321125898e+03 4.704181710169705811e-16
4.465689122288310500e+03 3.982578514288361765e-16
4.467532480255495102e+03 4.687053600600185344e-16
4.469375838222678794e+03 4.222265715734319711e-16
4.471219196189863396e+03 4.468540661480145940e-16
4.473062554157047998e+03 4.400913860015430465e-16
4.474905912124231691e+03 4.166102350319940155e-16
4.476749270091416292e+03 4.345236019073804236e-16
4.478592628058600894e+03 4.126823610590520284e-16
4.480435986025784587e+03 4.106312940838361162e-16
4.482279343992969189e+03 4.048381549463828244e-16
4.484122701960153790e+03 3.965455555202271097e-16
4.485966059927337483e+03 4.346554824431379904e-16
4.487809417894522085e+03 4.258839458412866384e-16
4.489652775861706687e+03 4.237449417488802282e-16
4.491496133828890379e+03 4.558502263730218332e-16
4.493339491796074981e+03 4.105240106669169432e-16
4.495182849763259583e+03 4.014376949670478917e-16
4.497026207730443275e+03 4.327407617353204601e-16
4.498869565697627877e+03 4.225175603168866643e-16
4.500712923664812479e+03 4.253613035333238566e-16
4.502556281631996171e+03 4.277142711063379001e-16
4.504399639599180773e+03 4.276774072396924703e-16
4.506242997566365375e+03 4.301555814069412436e-16
4.508086355533549067e+03 4.190131626423437394e-16
4.509929713500733669e+03 4.678550133759999446e-16
4.511773071467918271e+03 4.775764069991871360e-16
4.513616429435101963e+03 4.371017086794579190e-16
4.515459787402286565e+03 4.458966335948143189e-16
4.517303145369471167e+03 4.126082280930160653e-16
4.519146503336654860e+03 4.236176826628453375e-16
4.520989861303839461e+03 4.432559676903839518e-16
4.522833219271024063e+03 4.431505959997813117e-16
4.524676577238207756e+03 4.459833528409310786e-16
4.526519935205392358e+03 4.521725057102066923e-16
4.528363293172576959e+03 4.978304033918596851e-16
4.530206651139760652e+03 4.830863873292638626e-16
4.532050009106945254e+03 4.742303693053680854e-16
4.533893367074129856e+03 5.053443400536874583e-16
4.535736725041313548e+03 4.832865244991810486e-16
4.537580083008498150e+03 5.370670449366631545e-16
4.539423440975682752e+03 5.348335368978059782e-16
4.541266798942866444e+03 5.448939263289624604e-16
4.543110156910051046e+03 5.573057623491828619e-16
4.544953514877235648e+03 5.644172618730374215e-16
4.546796872844419340e+03 5.661660863973646429e-16
4.548640230811603942e+03 5.501192265211674796e-16
4.550483588778788544e+03 5.714425873587545537e-16
4.552326946745972236e+03 5.895729675784299234e-16
4.554170304713156838e+03 5.564599443710189976e-16
4.556013662680341440e+03 5.814927573638974383e-16
4.557857020647525133e+03 6.274411778777031309e-16
4.559700378614709734e+03 6.105350045916020442e-16
4.561543736581894336e+03 6.476911837362632328e-16
4.563387094549078029e+03 6.410532651628129407e-16
4.565230452516262631e+03 6.294070891152940106e-16
4.567073810483447232e+03 6.912608064482385445e-16
4.568917168450630925e+03 6.912813008383994237e-16
4.570760526417815527e+03 6.785208335415429900e-16
4.572603884385000129e+03 6.748091962180235832e-16
4.574447242352183821e+03 7.065669956345139682e-16
4.576290600319368423e+03 7.090561593080512778e-16
4.578133958286553025e+03 7.116564147802969780e-16
4.579977316253736717e+03 6.923089724358160976e-16
4.581820674220921319e+03 6.973718091495371433e-16
4.583664032188105921e+03 6.986408697940661744e-16
4.585507390155289613e+03 7.146855968997790945e-16
4.587350748122474215e+03 7.536734500047270002e-16
4.589194106089658817e+03 7.363990978677795361e-16
4.591037464056842509e+03 7.514371128741445651e-16
4.592880822024027111e+03 8.088287631447132360e-16
4.594724179991211713e+03 8.175773469896823789e-16
4.596567537958395405e+03 8.147189011800695064e-16
4.598410895925580007e+03 8.390445084772131800e-16
4.600254253892764609e+03 8.317851957988203039e-16
4.602097611859948302e+03 8.117909784500849886e-16
4.603940969827132903e+03 8.821920886738731103e-16
4.605784327794317505e+03 8.773287471294726521e-16
4.607627685761501198e+03 8.966968013681671635e-16
4.609471043728685800e+03 9.364944221915433074e-16
4.611314401695870401e+03 9.641360377736570780e-16
4.613157759663054094e+03 9.751533008977685537e-16
4.615001117630238696e+03 9.864642867536832280e-16
4.616844475597423298e+03 1.002788342575162641e-15
4.618687833564606990e+03 1.008794889988561198e-15
4.620531191531791592e+03 1.021517782676880055e-15
4.622374549498976194e+03 1.076036574192524594e-15
4.624217907466159886e+03 1.091935568812419565e-15
4.626061265433344488e+03 1.047069314886463586e-15
4.627904623400529090e+03 1.078239749689027077e-15
4.629747981367712782e+03 1.105063105376770704e-15
4.631591339334897384e+03 1.076091826503630382e-15
4.633434697302081986e+03 1.056763694649565467e-15
4.635278055269265678e+03 1.110015301011370461e-15
4.637121413236450280e+03 1.127723195520559380e-15
4.638964771203634882e+03 1.111822035153906583e-15
4.640808129170818574e+03 1.121444031782189430e-15
4.642651487138003176e+03 1.163256466924360248e-15
4.644494845105187778e+03 1.195365512589928127e-15
4.646338203072371471e+03 1.201479590189790296e-15
4.648181561039556073e+03 1.177532874474763493e-15
4.650024919006740674e+03 1.159470625991882710e-15
4.651868276973924367e+03 1.192245026529999971e-15
4.653711634941108969e+03 1.188809248895651551e-15
4.655554992908293571e+03 1.213673278037290855e-15
4.657398350875477263e+03 1.189661319039374146e-15
4.659241708842661865e+03 1.209611492003952898e-15
4.661085066809846467e+03 1.228421990683838263e-15
4.662928424777030159e+03 1.176873115090586241e-15
4.664771782744214761e+03 1.203086089069775324e-15
4.666615140711399363e+03 1.186306216128104457e-15
4.668458498678583055e+03 1.171896060024258154e-15
4.670301856645767657e+03 1.187848599081005661e-15
4.672145214612952259e+03 1.174337360834626818e-15
4.673988572580135951e+03 1.135483542238962196e-15
4.675831930547320553e+03 1.116063037180867781e-15
4.677675288514505155e+03 1.099080353057207009e-15
4.679518646481688847e+03 1.085828314776995572e-15
4.681362004448873449e+03 1.080948966873869988e-15
4.683205362416058051e+03 1.050903535561411335e-15
4.685048720383241744e+03 1.072874069776994815e-15
4.686892078350426345e+03 1.052613655755965694e-15
4.688735436317610947e+03 1.074918705967891466e-15
4.690578794284794640e+03 1.005594914179223892e-15
4.692422152251979242e+03 1.059712014896709757e-15
4.694265510219163843e+03 1.042867603261242255e-15
4.696108868186347536e+03 1.017848971220392030e-15
4.697952226153532138e+03 9.825597440568615498e-16
4.699795584120716740e+03 1.000784808473727881e-15
4.701638942087900432e+03 1.021126221452791466e-15
4.703482300055085034e+03 1.024305467800740501e-15
4.705325658022269636e+03 1.032347102436686646e-15
4.707169015989453328e+03 1.049514455275331739e-15
4.709012373956637930e+03 1.050903153283060216e-15
4.710855731923822532e+03 1.034380815551841640e-15
4.712699089891006224e+03 1.018595187182326013e-15
4.714542447858190826e+03 9.954287664526797750e-16
4.716385805825375428e+03 1.001880764409849293e-15
4.718229163792559120e+03 9.833567381104273372e-16
4.720072521759743722e+03 9.707245728176666833e-16
4.721915879726928324e+03 9.619700819239409455e-16
4.723759237694112016e+03 9.826341729299571907e-16
4.725602595661296618e+03 9.356303798610671098e-16
4.727445953628481220e+03 9.440103377286062387e-16
4.729289311595664913e+03 9.407663265496251209e-16
4.731132669562849514e+03 9.269730676078013859e-16
4.732976027530034116e+03 8.995983398802238640e-16
4.734819385497217809e+03 9.128288314476377577e-16
4.736662743464402411e+03 9.085175137882886196e-16
4.738506101431587012e+03 8.966248281176335988e-16
4.740349459398770705e+03 8.961054609951798918e-16
4.742192817365955307e+03 8.847146137668350713e-16
4.744036175333139909e+03 8.748588624712644481e-16
4.745879533300323601e+03 8.557998467644388274e-16
4.747722891267508203e+03 8.367254204648061406e-16
4.749566249234692805e+03 8.439995874862598016e-16
4.751409607201876497e+03 8.679504063638403778e-16
4.753252965169061099e+03 8.663720745335176901e-16
4.755096323136245701e+03 8.824297493710754852e-16
4.756939681103429393e+03 8.933410871001781156e-16
4.758783039070613995e+03 9.085904697483491830e-16
4.760626397037798597e+03 8.981918989986499044e-16
4.762469755004982289e+03 9.028200180760210484e-16
4.764313112972166891e+03 8.936079617462784222e-16
4.766156470939351493e+03 8.735501224546299890e-16
4.767999828906535186e+03 8.877942898425214650e-16
4.769843186873719787e+03 9.108487462752425911e-16
4.771686544840904389e+03 9.202977293669838913e-16
4.773529902808088082e+03 9.170670098150429584e-16
4.775373260775272684e+03 8.762166508731929746e-16
4.777216618742457285e+03 8.631024097128455811e-16
4.779059976709640978e+03 8.651644047539950446e-16
4.780903334676825580e+03 8.867529761286381074e-16
4.782746692644010182e+03 8.817128923576083933e-16
4.784590050611193874e+03 8.699255981843147681e-16
4.786433408578378476e+03 8.929160615122174057e-16
4.788276766545563078e+03 8.639701655815137319e-16
4.790120124512746770e+03 8.801260673040858849e-16
4.791963482479931372e+03 8.610096693260436105e-16
4.793806840447115974e+03 8.491226507111230970e-16
4.795650198414299666e+03 8.530100121059303806e-16
4.797493556381484268e+03 8.330045469798556840e-16
4.799336914348668870e+03 8.482190434499160103e-16
4.801180272315852562e+03 8.393864505113165314e-16
4.803023630283037164e+03 8.332623285779317167e-16
4.804866988250221766e+03 8.416199531893599717e-16
4.806710346217405458e+03 8.413897175880774074e-16
4.808553704184590060e+03 8.345316153501233691e-16
4.810397062151774662e+03 8.188846692642108496e-16
4.812240420118958355e+03 8.110479040154339629e-16
4.814083778086142956e+03 7.929533043722352334e-16
4.815927136053327558e+03 7.956243908013803224e-16
4.817770494020511251e+03 7.959927256908893560e-16
4.819613851987695853e+03 8.200839354293311258e-16
4.821457209954880454e+03 7.743785766148063914e-16
4.823300567922064147e+03 7.707901687644010669e-16
4.825143925889248749e+03 7.449271427632795457e-16
4.826987283856433351e+03 7.082884581659144674e-16
4.828830641823617043e+03 7.018746442198882090e-16
4.830673999790801645e+03 6.718849525073870705e-16
4.832517357757986247e+03 6.878057251850675659e-16
4.834360715725170849e+03 6.450975800906286917e-16
4.836204073692354541e+03 6.283162051606504533e-16
4.838047431659539143e+03 6.500721682563071150e-16
4.839890789626723745e+03 6.090223751992029095e-16
4.841734147593907437e+03 6.165325692025750358e-16
4.843577505561092039e+03 5.985501102443133909e-16
4.845420863528276641e+03 5.967852369450345289e-16
4.847264221495460333e+03 5.832238909447242682e-16
4.849107579462644935e+03 5.738731270872037056e-16
4.850950937429829537e+03 5.442689822588141132e-16
4.852794295397013229e+03 5.370101275442092442e-16
4.854637653364197831e+03 5.382398939819198454e-16
4.856481011331382433e+03 5.636430368433442638e-16
4.858324369298566126e+03 5.509875163343850024e-16
4.860167727265750727e+03 5.606985353247628793e-16
4.862011085232935329e+03 5.652562107831867577e-16
4.863854443200119022e+03 5.559924471083982460e-16
4.865697801167303624e+03 5.619191761155666812e-16
4.867541159134488225e+03 5.652125963195407452e-16
4.869384517101671918e+03 5.588554502428058686e-16
4.871227875068856520e+03 5.719128507938871700e-16
4.873071233036041122e+03 5.869092418788764073e-16
4.874914591003224814e+03 5.841180417561914055e-16
4.876757948970409416e+03 6.006531660358953898e-16
4.878601306937594018e+03 6.030203537646678040e-16
4.880444664904777710e+03 6.072644653120901529e-16
4.882288022871962312e+03 6.220216606426621962e-16
4.884131380839146914e+03 6.304766575554050065e-16
4.885974738806330606e+03 6.619632719857075709e-16
4.887818096773515208e+03 6.836663422242866961e-16
4.889661454740699810e+03 6.840558576644004594e-16
4.891504812707883502e+03 6.942038094215623414e-16
4.893348170675068104e+03 6.972546242508361487e-16
4.895191528642252706e+03 7.147581314870446592e-16
4.897034886609436398e+03 7.422735129905155730e-16
4.898878244576621000e+03 7.636800332686364942e-16
4.900721602543805602e+03 7.711520794041830592e-16
4.902564960510989295e+03 7.929392675200352491e-16
4.904408318478173896e+03 8.053045510117771800e-16
4.906251676445358498e+03 7.990484801517911510e-16
4.908095034412542191e+03 8.145485656106311498e-16
4.909938392379726793e+03 8.133491542360317459e-16
4.911781750346911394e+03 8.111055431373251567e-16
4.913625108314095087e+03 7.924408696838438325e-16
4.915468466281279689e+03 8.017048639227946595e-16
4.917311824248464291e+03 7.853520829716413491e-16
4.919155182215647983e+03 7.320975638700680307e-16
4.920998540182832585e+03 7.355746966889350088e-16
4.922841898150017187e+03 7.366125205011114579e-16
4.924685256117200879e+03 7.087855117488691733e-16
4.926528614084385481e+03 6.853711394413270542e-16
4.928371972051570083e+03 6.784809952421535268e-16
4.930215330018753775e+03 6.682734988207923495e-16
4.932058687985938377e+03 6.713592625268809894e-16
4.933902045953122979e+03 6.746320031435853789e-16
4.935745403920306671e+03 6.654365133501336629e-16
4.937588761887491273e+03 6.434159665088967015e-16
4.939432119854675875e+03 6.385898768866662782e-16
4.941275477821859567e+03 6.344863791591932378e-16
4.943118835789044169e+03 6.290184284299355639e-16
4.944962193756228771e+03 6.205046783349316355e-16
4.946805551723412464e+03 6.256169993042555904e-16
4.948648909690597065e+03 6.183287229653122324e-16
4.950492267657781667e+03 6.190926928001432100e-16
4.952335625624965360e+03 6.439852952551909781e-16
4.954178983592149962e+03 6.240406711174102873e-16
4.956022341559334563e+03 6.295864207224706619e-16
4.957865699526518256e+03 6.312229048089559333e-16
4.959709057493702858e+03 6.343734783790436384e-16
4.961552415460887460e+03 6.349624095600941098e-16
4.963395773428071152e+03 6.353673146667116894e-16
4.965239131395255754e+03 6.476461092943784084e-16
4.967082489362440356e+03 6.519475001897166398e-16
4.968925847329624048e+03 6.553852147759567579e-16
4.970769205296808650e+03 6.847660122916375876e-16
4.972612563263993252e+03 6.907325138832562827e-16
4.974455921231176944e+03 6.853063898478701922e-16
4.976299279198361546e+03 6.963002701649925706e-16
4.978142637165546148e+03 6.986615032924510336e-16
4.979985995132729840e+03 7.081717091717882630e-16
4.981829353099914442e+03 7.427132591937863220e-16
4.983672711067099044e+03 7.346310583994069172e-16
4.985516069034282737e+03 7.458844424466600774e-16
4.987359427001467338e+03 7.729312498225310377e-16
4.989202784968651940e+03 7.932186710964493508e-16
4.991046142935835633e+03 8.119899349174712639e-16
4.992889500903020235e+03 8.357500245483837558e-16
4.994732858870204836e+03 8.582975106616843181e-16
4.996576216837388529e+03 8.539685194259368677e-16
4.998419574804573131e+03 8.589641922578030307e-16
5.000262932771757733e+03 8.799074121010968109e-16
5.002106290738941425e+03 9.013752524245432185e-16
5.003949648706126027e+03 9.236347968174634502e-16
5.005793006673310629e+03 9.438373092680556660e-16
5.007636364640494321e+03 9.566199664241179293e-16
5.009479722607678923e+03 9.562710963141831590e-16
5.011323080574863525e+03 9.688217798136476921e-16
5.013166438542047217e+03 9.803911762129940684e-16
5.015009796509231819e+03 1.006936883029816061e-15
5.016853154476416421e+03 1.019554349710166367e-15
5.018696512443600113e+03 1.014473888993181151e-15
5.020539870410784715e+03 1.029660932696579485e-15
5.022383228377969317e+03 1.036549345273646156e-15
5.024226586345153009e+03 1.057865888359804469e-15
5.026069944312337611e+03 1.068088091630615048e-15
5.027913302279522213e+03 1.062808333751112799e-15
5.029756660246705906e+03 1.083670741853667702e-15
5.031600018213890507e+03 1.119038255312856176e-15
5.033443376181075109e+03 1.105586619062299483e-15
5.035286734148258802e+03 1.113359277360517503e-15
5.037130092115443404e+03 1.115838238987170366e-15
5.038973450082628005e+03 1.136582584216423821e-15
5.040816808049811698e+03 1.149632556245075772e-15
5.042660166016996300e+03 1.151227775337256357e-15
5.044503523984180902e+03 1.124795289759632421e-15
5.046346881951364594e+03 1.123325445040071259e-15
5.048190239918549196e+03 1.148410342070340001e-15
5.050033597885733798e+03 1.131098289271890349e-15
5.051876955852917490e+03 1.095299711007646865e-15
5.053720313820102092e+03 1.081961507675221842e-15
5.055563671787286694e+03 1.069766422618103797e-15
5.057407029754471296e+03 1.050353213724599874e-15
5.059250387721654988e+03 1.004195544231864089e-15
5.061093745688839590e+03 9.951856493062123150e-16
5.062937103656024192e+03 9.868240494624037079e-16
5.064780461623207884e+03 9.505931277632822872e-16
5.066623819590392486e+03 9.189293833409709243e-16
5.068467177557577088e+03 8.875807520921139281e-16
5.070310535524760780e+03 8.509060914680831311e-16
5.072153893491945382e+03 8.342689910136320588e-16
5.073997251459129984e+03 8.354415895485158064e-16
5.075840609426313677e+03 8.049984709316869773e-16
5.077683967393498278e+03 7.575357800474938144e-16
5.079527325360682880e+03 7.402202322128528393e-16
5.081370683327866573e+03 7.359993723529636666e-16
5.083214041295051175e+03 7.198998251186048969e-16
5.085057399262235776e+03 6.898449507756725116e-16
5.086900757229419469e+03 6.732772449247281446e-16
5.088744115196604071e+03 6.557095299096027970e-16
5.090587473163788673e+03 6.649390042029977496e-16
5.092430831130972365e+03 6.479805104530865373e-16
5.094274189098156967e+03 6.311474322438855386e-16
5.096117547065341569e+03 6.164155395204632691e-16
5.097960905032525261e+03 5.962612759361962759e-16
5.099804262999709863e+03 5.951408471874540868e-16
5.101647620966894465e+03 5.955278180289045479e-16
5.103490978934078157e+03 6.021937522377440245e-16
5.105334336901262759e+03 5.957625704328939024e-16
5.107177694868447361e+03 5.821965551612327195e-16
5.109021052835631053e+03 5.805947912735917320e-16
5.110864410802815655e+03 5.732382443992718132e-16
5.112707768770000257e+03 5.727705444014397946e-16
5.114551126737183949e+03 5.839170626301693134e-16
5.116394484704368551e+03 5.679744844504962750e-16
5.118237842671553153e+03 5.788857711997322029e-16
5.120081200638736846e+03 5.756043295273510645e-16
5.121924558605921447e+03 5.784184913852500199e-16
5.123767916573106049e+03 5.855867117544429398e-16
5.125611274540289742e+03 5.884694877434991440e-16
5.127454632507474344e+03 5.863022275494347327e-16
5.129297990474658945e+03 5.941989633764214691e-16
5.131141348441842638e+03 6.150862399964846272e-16
5.132984706409027240e+03 6.011307387092626638e-16
5.134828064376211842e+03 6.168257119070041752e-16
5.136671422343395534e+03 6.110301170922168633e-16
5.138514780310580136e+03 6.135842017751010569e-16
5.140358138277764738e+03 6.277826367839881664e-16
5.142201496244948430e+03 6.425717722574853071e-16
5.144044854212133032e+03 6.557093329145957896e-16
5.145888212179317634e+03 6.484346820885341084e-16
5.147731570146501326e+03 6.368999697657823268e-16
5.149574928113685928e+03 6.420659645868016938e-16
5.151418286080870530e+03 6.512026184466753229e-16
5.153261644048054222e+03 6.645095773886767394e-16
5.155105002015238824e+03 6.700362664163200009e-16
5.156948359982423426e+03 6.559879030661979322e-16
5.158791717949607118e+03 6.739429154190494500e-16
5.160635075916791720e+03 6.739076630064721363e-16
5.162478433883976322e+03 6.776796644688405865e-16
5.164321791851160015e+03 6.886021851377728693e-16
5.166165149818344617e+03 6.908942545079927725e-16
5.168008507785529218e+03 6.837041269073837194e-16
5.169851865752712911e+03 6.884771857939529149e-16
5.171695223719897513e+03 7.102005183309296629e-16
5.173538581687082115e+03 7.102100606402413314e-16
5.175381939654265807e+03 6.984822805549480134e-16
5.177225297621450409e+03 6.943340381222020548e-16
5.179068655588635011e+03 7.016277534665265159e-16
5.180912013555818703e+03 7.199825887766252820e-16
5.182755371523003305e+03 7.053641043549012422e-16
5.184598729490187907e+03 7.111877860631457022e-16
5.186442087457371599e+03 7.143917245523383409e-16
5.188285445424556201e+03 7.030105065399082230e-16
5.190128803391740803e+03 7.082669960166631463e-16
5.191972161358924495e+03 7.214970358054497930e-16
5.193815519326109097e+03 7.258328231011828963e-16
5.195658877293293699e+03 7.294585631539074992e-16
5.197502235260477391e+03 7.240791539209338110e-16
5.199345593227661993e+03 7.098081173114218486e-16
5.201188951194846595e+03 7.129257750563181622e-16
5.203032309162030288e+03 7.194903575323403557e-16
5.204875667129214889e+03 7.278158362694813360e-16
5.206719025096399491e+03 7.143755692398004753e-16
5.208562383063583184e+03 7.185904875690843148e-16
5.210405741030767786e+03 7.169044378870545671e-16
5.212249098997952387e+03 7.150554299278316140e-16
5.214092456965136080e+03 7.122501132205226408e-16
5.215935814932320682e+03 7.209385059373271991e-16
5.217779172899505284e+03 7.246501529845357461e-16
5.219622530866688976e+03 7.155702046026624690e-16
5.221465888833873578e+03 7.067584899759186860e-16
5.223309246801058180e+03 7.093434968766289648e-16
5.225152604768241872e+03 7.057560038404955432e-16
5.226995962735426474e+03 6.996812593613070825e-16
5.228839320702611076e+03 6.981804883286873844e-16
5.230682678669794768e+03 6.807390236994239304e-16
5.232526036636979370e+03 6.906300523720298334e-16
5.234369394604163972e+03 6.978076298114597053e-16
5.236212752571347664e+03 6.877626469802568963e-16
5.238056110538532266e+03 6.883774936292679084e-16
5.239899468505716868e+03 6.802518755473257154e-16
5.241742826472900560e+03 6.748800826032687143e-16
5.243586184440085162e+03 6.843926349702065802e-16
5.245429542407269764e+03 6.759413603629200411e-16
5.247272900374453457e+03 6.719300636198705335e-16
5.249116258341638058e+03 6.849966420345081692e-16
5.250959616308822660e+03 6.778896831252336159e-16
5.252802974276006353e+03 6.785777163073917915e-16
5.254646332243190955e+03 6.995695220416863422e-16
5.256489690210375556e+03 7.033214881173928034e-16
5.258333048177559249e+03 6.857832864670858168e-16
5.260176406144743851e+03 6.913252935358057197e-16
5.262019764111928453e+03 7.178419783014928206e-16
5.263863122079112145e+03 7.126579678440109984e-16
5.265706480046296747e+03 7.205618719642001276e-16
5.267549838013481349e+03 7.304086556197613875e-16
5.269393195980665041e+03 7.155564482813408758e-16
5.271236553947849643e+03 7.260301198249936381e-16
5.273079911915034245e+03 7.369465197798859259e-16
5.274923269882217937e+03 7.359016502309400018e-16
5.276766627849402539e+03 7.521821575426534460e-16
5.278609985816587141e+03 7.680278076157560476e-16
5.280453343783770833e+03 7.584997724295441117e-16
5.282296701750955435e+03 7.786245261966588943e-16
5.284140059718140037e+03 7.829028221491804859e-16
5.285983417685323730e+03 7.891804493072630332e-16
5.287826775652508331e+03 8.126125330949011525e-16
5.289670133619692933e+03 8.304475314335058745e-16
5.291513491586876626e+03 8.382153854693768569e-16
5.293356849554061228e+03 8.303586427084455440e-16
5.295200207521245829e+03 8.614577371860266671e-16
5.297043565488429522e+03 8.730239394012703649e-16
5.298886923455614124e+03 8.714656954665627350e-16
5.300730281422798726e+03 8.730179130147537454e-16
5.302573639389982418e+03 8.997771556426578809e-16
5.304416997357167020e+03 8.985568398559261205e-16
5.306260355324351622e+03 9.068099192427138952e-16
5.308103713291535314e+03 9.215760672135866900e-16
5.309947071258719916e+03 9.241740283700826668e-16
5.311790429225904518e+03 9.440783103810989576e-16
5.313633787193088210e+03 9.667382499082492903e-16
5.315477145160272812e+03 9.501714881040315288e-16
5.317320503127457414e+03 9.775171035029254958e-16
5.319163861094641106e+03 9.855180484072539828e-16
5.321007219061825708e+03 9.975807014051172725e-16
5.322850577029010310e+03 1.001653727303723652e-15
5.324693934996194002e+03 1.017296941514624714e-15
5.326537292963378604e+03 1.032636539220122430e-15
5.328380650930563206e+03 1.031589001631942634e-15
5.330224008897746899e+03 1.040806230191400270e-15
5.332067366864931500e+03 1.058708558506155071e-15
5.333910724832116102e+03 1.059911091717015813e-15
5.335754082799299795e+03 1.079990742697541309e-15
5.337597440766484397e+03 1.099320500728029861e-15
5.339440798733668998e+03 1.091458246756563786e-15
5.341284156700852691e+03 1.105511322203069846e-15
5.343127514668037293e+03 1.138679252441085632e-15
5.344970872635221895e+03 1.140708122798463053e-15
5.346814230602405587e+03 1.141190257372856590e-15
5.348657588569590189e+03 1.158696281081013523e-15
5.350500946536774791e+03 1.154839954147069444e-15
5.352344304503958483e+03 1.164863035735437869e-15
5.354187662471143085e+03 1.185947838200360639e-15
5.356031020438327687e+03 1.199125079145296149e-15
5.357874378405511379e+03 1.197910795882796321e-15
5.359717736372695981e+03 1.199155924424990893e-15
5.361561094339880583e+03 1.210798806836687186e-15
5.363404452307064275e+03 1.217387809291358801e-15
5.365247810274248877e+03 1.220258609606310767e-15
5.367091168241433479e+03 1.211818224635634971e-15
5.368934526208617172e+03 1.212103901489230551e-15
5.370777884175801773e+03 1.207010350650856790e-15
5.372621242142986375e+03 1.215123092932759771e-15
5.374464600110170068e+03 1.225680121239919351e-15
5.376307958077354670e+03 1.231770071141977217e-15
5.378151316044539271e+03 1.227644180154722842e-15
5.379994674011722964e+03 1.244756973398701591e-15
5.381838031978907566e+03 1.252254432898034932e-15
5.383681389946092168e+03 1.248402925032958015e-15
5.385524747913275860e+03 1.258047945166195023e-15
5.387368105880460462e+03 1.272408486463215671e-15
5.389211463847645064e+03 1.271703953545941617e-15
5.391054821814828756e+03 1.269531375797048188e-15
5.392898179782013358e+03 1.261634987147169182e-15
5.394741537749197960e+03 1.261331713150769832e-15
5.396584895716381652e+03 1.262964931427607512e-15
5.398428253683566254e+03 1.254592879478000892e-15
5.400271611650750856e+03 1.266758790689957587e-15
5.402114969617934548e+03 1.279229898854763391e-15
5.403958327585119150e+03 1.273410756466661811e-15
5.405801685552303752e+03 1.282601136538019988e-15
5.407645043519487444e+03 1.277406779333125757e-15
5.409488401486672046e+03 1.274014673365127894e-15
5.411331759453856648e+03 1.279507460360077949e-15
5.413175117421040341e+03 1.286908934453656665e-15
5.415018475388224942e+03 1.276888483561999068e-15
5.416861833355409544e+03 1.282069353407017737e-15
5.418705191322593237e+03 1.274014532574956913e-15
5.420548549289777839e+03 1.261773613503551502e-15
5.422391907256962440e+03 1.278758255644662669e-15
5.424235265224146133e+03 1.284497215236099142e-15
5.426078623191330735e+03 1.277289579260003477e-15
5.427921981158515337e+03 1.273019966211589704e-15
5.429765339125699029e+03 1.276396637279787514e-15
5.431608697092883631e+03 1.276153275785354854e-15
5.433452055060068233e+03 1.266653623258082631e-15
5.435295413027251925e+03 1.253425429843618553e-15
5.437138770994436527e+03 1.250910886292452634e-15
5.438982128961621129e+03 1.246723939704157393e-15
5.440825486928804821e+03 1.234726503560188122e-15
5.442668844895989423e+03 1.231500139612492756e-15
5.444512202863174025e+03 1.234421874792505233e-15
5.446355560830357717e+03 1.239863018669452809e-15
5.448198918797542319e+03 1.220783535374897708e-15
5.450042276764726921e+03 1.213387259936448854e-15
5.451885634731910613e+03 1.217724508567837592e-15
5.453728992699095215e+03 1.214971003063325687e-15
5.455572350666279817e+03 1.212669320863651590e-15
5.457415708633463510e+03 1.190613472432752171e-15
5.459259066600648111e+03 1.167808426896130946e-15
5.461102424567832713e+03 1.186790343017355926e-15
5.462945782535016406e+03 1.176891318237212840e-15
5.464789140502201008e+03 1.156457581479198904e-15
5.466632498469385609e+03 1.158463784287574395e-15
5.468475856436569302e+03 1.164315455876388163e-15
5.470319214403753904e+03 1.159964565181582750e-15
5.472162572370938506e+03 1.137437632468483658e-15
5.474005930338122198e+03 1.151103027497378375e-15
5.475849288305306800e+03 1.137268969424542168e-15
5.477692646272491402e+03 1.114896575802503917e-15
5.479536004239675094e+03 1.109476798507696264e-15
5.481379362206859696e+03 1.105622528638346546e-15
5.483222720174044298e+03 1.095698558810119976e-15
5.485066078141227990e+03 1.081219935116888535e-15
5.486909436108412592e+03 1.089391014837800488e-15
5.488752794075597194e+03 1.074128809107018704e-15
5.490596152042780886e+03 1.065373843577118857e-15
5.492439510009965488e+03 1.068976148876682552e-15
5.494282867977150090e+03 1.067201805903238574e-15
5.496126225944333783e+03 1.055318024753953415e-15
5.497969583911518384e+03 1.067049597946630490e-15
5.499812941878702986e+03 1.081972078299830340e-15
5.501656299845886679e+03 1.061464111282106782e-15
5.503499657813071281e+03 1.060191211517513930e-15
5.505343015780255882e+03 1.061232935081642128e-15
5.507186373747439575e+03 1.071265367908155643e-15
5.509029731714624177e+03 1.095229894256568479e-15
5.510873089681808779e+03 1.101921408283654925e-15
5.512716447648992471e+03 1.088760535906801988e-15
5.514559805616177073e+03 1.070803778033534118e-15
5.516403163583361675e+03 1.085923600287558975e-15
5.518246521550545367e+03 1.105316647959823269e-15
5.520089879517729969e+03 1.100572003753873394e-15
5.521933237484914571e+03 1.097558308812899962e-15
5.523776595452098263e+03 1.107813544074729565e-15
5.525619953419282865e+03 1.115232490920574964e-15
5.527463311386467467e+03 1.120411703871845962e-15
5.529306669353651159e+03 1.123753414164865643e-15
5.531150027320835761e+03 1.114899546672285245e-15
5.532993385288020363e+03 1.120033392941921811e-15
5.534836743255204055e+03 1.135891673342616943e-15
5.536680101222388657e+03 1.140645026537386381e-15
5.538523459189573259e+03 1.124854285435770456e-15
5.540366817156756952e+03 1.124068300351629475e-15
5.542210175123941553e+03 1.133032548623327208e-15
5.544053533091126155e+03 1.149730641044704798e-15
5.545896891058309848e+03 1.140052684168368404e-15
5.547740249025494450e+03 1.150821491600641533e-15
5.549583606992679051e+03 1.159878450404666621e-15
5.551426964959862744e+03 1.147339169802289541e-15
5.553270322927047346e+03 1.164611225947993853e-15
5.555113680894231948e+03 1.179321152250565526e-15
5.556957038861415640e+03 1.165721205769716353e-15
5.558800396828600242e+03 1.183735192209828817e-15
5.560643754795784844e+03 1.170604094969826447e-15
5.562487112762968536e+03 1.179923856363184133e-15
5.564330470730153138e+03 1.183480565466456758e-15
5.566173828697337740e+03 1.175361552447656268e-15
5.568017186664521432e+03 1.187764091712703849e-15
5.569860544631706034e+03 1.189967515013813685e-15
5.571703902598890636e+03 1.178504632897662292e-15
5.573547260566074328e+03 1.181505087974565547e-15
5.575390618533258930e+03 1.197318992788445691e-15
5.577233976500443532e+03 1.191874405771768828e-15
5.579077334467627225e+03 1.192849904009804303e-15
5.580920692434811826e+03 1.168831790436344778e-15
5.582764050401996428e+03 1.169571569666407984e-15
5.584607408369180121e+03 1.166716631648190331e-15
5.586450766336364723e+03 1.146743843465162119e-15
5.588294124303549324e+03 1.157802294992667913e-15
5.590137482270733017e+03 1.175605155159666306e-15
5.591980840237917619e+03 1.166053947786854442e-15
5.593824198205102221e+03 1.156895829567627592e-15
5.595667556172285913e+03 1.156033608903945134e-15
5.597510914139470515e+03 1.144783536646951051e-15
5.599354272106655117e+03 1.138316490074672555e-15
5.601197630073838809e+03 1.141037344132753126e-15
5.603040988041023411e+03 1.135099641838967605e-15
5.604884346008208013e+03 1.146329335686874752e-15
5.606727703975391705e+03 1.141743101857446488e-15
5.608571061942576307e+03 1.131474646875562729e-15
5.610414419909760909e+03 1.142133272143893086e-15
5.612257777876944601e+03 1.133633024501000207e-15
5.614101135844129203e+03 1.127987713752063099e-15
5.615944493811313805e+03 1.115041118151271402e-15
5.617787851778497497e+03 1.107091043065118278e-15
5.619631209745682099e+03 1.101051340823064503e-15
5.621474567712866701e+03 1.106448143924536660e-15
5.623317925680050394e+03 1.106415248161947196e-15
5.625161283647234995e+03 1.102432628425800028e-15
5.627004641614419597e+03 1.090782094629470814e-15
5.628847999581603290e+03 1.098686543241599403e-15
5.630691357548787892e+03 1.072801156459277489e-15
5.632534715515972493e+03 1.059489419463076311e-15
5.634378073483156186e+03 1.052688509823601654e-15
5.636221431450340788e+03 1.058302767560992313e-15
5.638064789417525390e+03 1.055895680814787261e-15
5.639908147384709082e+03 1.030226539138934667e-15
5.641751505351893684e+03 1.030851865881041113e-15
5.643594863319078286e+03 1.015970675038789569e-15
5.645438221286261978e+03 1.010677125204112249e-15
5.647281579253446580e+03 1.008819903005725424e-15
5.649124937220631182e+03 9.912658259249177130e-16
5.650968295187814874e+03 1.008807796689392487e-15
5.652811653154999476e+03 1.000010806654592466e-15
5.654655011122184078e+03 9.872569356230267161e-16
5.656498369089367770e+03 9.853432733533386049e-16
5.658341727056552372e+03 9.789232135219390823e-16
5.660185085023736974e+03 9.698667865183015602e-16
5.662028442990920666e+03 9.497683324083589689e-16
5.663871800958105268e+03 9.524977297891526760e-16
5.665715158925289870e+03 9.472555147172394671e-16
5.667558516892473563e+03 9.338162502048032211e-16
5.669401874859658164e+03 9.363019670798807751e-16
5.671245232826842766e+03 9.362464362507419522e-16
5.673088590794026459e+03 9.346825001229325119e-16
5.674931948761211061e+03 9.173084425851733066e-16
5.676775306728395663e+03 9.036352957716271402e-16
5.678618664695579355e+03 9.035751734746517131e-16
5.680462022662763957e+03 9.180816880360203480e-16
5.682305380629948559e+03 9.280833787738238643e-16
5.684148738597132251e+03 9.189864099545815556e-16
5.685992096564316853e+03 9.046234866402294316e-16
5.687835454531501455e+03 9.206262072127996324e-16
5.689678812498685147e+03 9.277853117442311104e-16
5.691522170465869749e+03 9.413755204229656645e-16
5.693365528433054351e+03 9.407210433069765433e-16
5.695208886400238043e+03 9.408890790458308848e-16
5.697052244367422645e+03 9.412492158558639934e-16
5.698895602334607247e+03 9.430824467873750918e-16
5.700738960301790939e+03 9.519843531346803534e-16
5.702582318268975541e+03 9.537864449564088405e-16
5.704425676236160143e+03 9.489533683058479921e-16
5.706269034203343836e+03 9.462411545642339834e-16
5.708112392170528437e+03 9.407836300513294161e-16
5.709955750137713039e+03 9.469524457309856202e-16
5.711799108104896732e+03 9.506375156219835488e-16
5.713642466072081334e+03 9.497474058733133704e-16
5.715485824039265935e+03 9.265799038815825694e-16
5.717329182006449628e+03 9.300868766631931770e-16
5.719172539973634230e+03 9.415399916523649271e-16
5.721015897940818832e+03 9.466064993405537497e-16
5.722859255908002524e+03 9.500423592674066899e-16
5.724702613875187126e+03 9.553282296734784490e-16
5.726545971842371728e+03 9.527266943635156697e-16
5.728389329809555420e+03 9.447624715978436223e-16
5.730232687776740022e+03 9.418947956926312459e-16
5.732076045743924624e+03 9.540502654734036563e-16
5.733919403711108316e+03 9.489980110592759171e-16
5.735762761678292918e+03 9.350785872226750208e-16
5.737606119645477520e+03 9.380533263148531628e-16
5.739449477612661212e+03 9.380556106369149586e-16
5.741292835579845814e+03 9.329083158218882580e-16
5.743136193547030416e+03 9.325729523548980557e-16
5.744979551514214108e+03 9.337366454350420725e-16
5.746822909481398710e+03 9.248262795359123024e-16
5.748666267448583312e+03 9.225840889288313637e-16
5.750509625415767005e+03 9.059530914738510108e-16
5.752352983382951606e+03 9.011602824552289709e-16
5.754196341350136208e+03 8.855228059382788798e-16
5.756039699317319901e+03 8.846782481097220621e-16
5.757883057284504503e+03 8.782720429337372201e-16
5.759726415251689104e+03 8.646149480960284505e-16
5.761569773218872797e+03 8.613323496278184883e-16
5.763413131186057399e+03 8.559730646347907537e-16
5.765256489153242001e+03 8.335788180547512897e-16
5.767099847120425693e+03 8.226258761641309826e-16
5.768943205087610295e+03 8.269525224214569620e-16
5.770786563054794897e+03 8.246288638310686304e-16
5.772629921021978589e+03 8.120627351034644586e-16
5.774473278989163191e+03 8.120170875731445251e-16
5.776316636956347793e+03 7.998416490209619821e-16
5.778159994923531485e+03 7.833563044053674447e-16
5.780003352890716087e+03 7.783434175033785119e-16
5.781846710857900689e+03 7.798142829326269620e-16
5.783690068825084381e+03 7.704111607210699635e-16
5.785533426792268983e+03 7.602002059685599383e-16
5.787376784759453585e+03 7.559161492960277932e-16
5.789220142726637278e+03 7.418006765845813709e-16
5.791063500693821879e+03 7.402942441010309448e-16
5.792906858661006481e+03 7.330089034508923963e-16
5.794750216628190174e+03 7.234837054600794548e-16
5.796593574595374776e+03 7.146418011563744217e-16
5.798436932562559377e+03 7.134491590760573540e-16
5.800280290529743070e+03 7.105938818622701189e-16
5.802123648496927672e+03 7.048454515619470929e-16
5.803967006464112274e+03 7.064665974979283931e-16
5.805810364431295966e+03 6.963249580766922657e-16
5.807653722398480568e+03 6.822044491807579998e-16
5.809497080365665170e+03 6.797756981560232956e-16
5.811340438332848862e+03 6.720120891253585240e-16
5.813183796300033464e+03 6.687251419642507455e-16
5.815027154267218066e+03 6.745512217793496910e-16
5.816870512234401758e+03 6.708642541488913055e-16
5.818713870201586360e+03 6.720574656943670849e-16
5.820557228168770962e+03 6.727563596154242689e-16
5.822400586135954654e+03 6.739754522615322676e-16
5.824243944103139256e+03 6.898612906078484841e-16
5.826087302070323858e+03 6.950107357686071901e-16
5.827930660037507550e+03 6.993370984830017140e-16
5.829774018004692152e+03 7.092421276741643902e-16
5.831617375971876754e+03 7.188496383978509159e-16
5.833460733939060447e+03 7.236430175110690100e-16
5.835304091906245048e+03 7.291831837810893699e-16
5.837147449873429650e+03 7.645109818282193581e-16
5.838990807840613343e+03 7.705448603170018874e-16
5.840834165807797945e+03 7.908085770760451316e-16
5.842677523774982546e+03 8.033434192351150721e-16
5.844520881742166239e+03 8.145125377950588601e-16
5.846364239709350841e+03 8.164997386334948118e-16
5.848207597676535443e+03 8.311373767508714656e-16
5.850050955643719135e+03 8.489809278390849308e-16
5.851894313610903737e+03 8.558707498254975630e-16
5.853737671578088339e+03 8.780904287383775719e-16
5.855581029545272031e+03 8.939323713771577514e-16
5.857424387512456633e+03 9.094284980593593204e-16
5.859267745479641235e+03 8.969566230806405777e-16
5.861111103446824927e+03 9.076416210665843144e-16
5.862954461414009529e+03 9.204203691861432559e-16
5.864797819381194131e+03 9.100582276965872578e-16
5.866641177348378733e+03 9.279496126680209557e-16
5.868484535315562425e+03 9.472441217137603146e-16
5.870327893282747027e+03 9.494789983397404430e-16
5.872171251249931629e+03 9.564555534694116198e-16
5.874014609217115321e+03 9.665257480826297144e-16
5.875857967184299923e+03 9.725309155240879081e-16
5.877701325151484525e+03 9.831294582303459267e-16
5.879544683118668218e+03 9.764406444318612212e-16
5.881388041085852819e+03 9.897352361299565270e-16
5.883231399053037421e+03 1.004281972203712187e-15
5.885074757020221114e+03 1.006920286715836316e-15
5.886918114987405716e+03 9.859277403268588378e-16
5.888761472954590317e+03 9.564631506781131075e-16
5.890604830921774010e+03 9.425128474750176483e-16
5.892448188888958612e+03 9.779265277845055758e-16
5.894291546856143214e+03 1.003349404363445587e-15
5.896134904823326906e+03 9.670995754475355376e-16
5.897978262790511508e+03 9.883676697637550428e-16
5.899821620757696110e+03 1.026339521006494333e-15
5.901664978724879802e+03 1.028237575479651257e-15
5.903508336692064404e+03 1.040182643152202971e-15
5.905351694659249006e+03 1.041072525783666762e-15
5.907195052626432698e+03 1.051753288735810149e-15
5.909038410593617300e+03 1.062787430698665043e-15
5.910881768560801902e+03 1.058443446859433574e-15
5.912725126527985594e+03 1.064894473281724492e-15
5.914568484495170196e+03 1.062352822370352959e-15
5.916411842462354798e+03 1.064448083007660708e-15
5.918255200429538490e+03 1.052035833702486901e-15
5.920098558396723092e+03 1.045754791169062090e-15
5.921941916363907694e+03 1.042258459399325394e-15
5.923785274331091387e+03 1.049977284603911806e-15
5.925628632298275988e+03 1.054363094265870140e-15
5.927471990265460590e+03 1.065327015436048626e-15
5.929315348232644283e+03 1.066804565174398081e-15
5.931158706199828885e+03 1.051779026785647482e-15
5.933002064167013486e+03 1.054287974192578568e-15
5.934845422134197179e+03 1.055855649530609970e-15
5.936688780101381781e+03 1.052238573312411338e-15
5.938532138068566383e+03 1.041610076920998543e-15
5.940375496035750075e+03 1.040474270654030519e-15
5.942218854002934677e+03 1.044040483098657876e-15
5.944062211970119279e+03 1.052436785488679004e-15
5.945905569937302971e+03 1.056272710051680259e-15
5.947748927904487573e+03 1.053152034498821672e-15
5.949592285871672175e+03 1.070012853835541400e-15
5.951435643838855867e+03 1.073789853065258348e-15
5.953279001806040469e+03 1.047577360473162357e-15
5.955122359773225071e+03 1.029990214614169078e-15
5.956965717740408763e+03 9.192033915616016433e-16
5.958809075707593365e+03 8.178661772801785972e-16
5.960652433674777967e+03 9.069199262521718982e-16
5.962495791641961659e+03 9.504046219342819874e-16
5.964339149609146261e+03 8.681919998929083333e-16
5.966182507576330863e+03 9.078839059114287482e-16
5.968025865543514556e+03 1.000404397120090546e-15
5.969869223510699157e+03 1.057728752151649832e-15
5.971712581477883759e+03 1.078346691606929252e-15
5.973555939445067452e+03 1.083605277334250791e-15
5.975399297412252054e+03 1.062163866761362694e-15
5.977242655379436655e+03 1.073177999999600030e-15
5.979086013346621257e+03 1.082284296285375405e-15
5.980929371313804950e+03 1.086957789816828686e-15
5.982772729280989552e+03 1.078847161515519819e-15
5.984616087248174154e+03 1.076405659080091613e-15
5.986459445215357846e+03 1.088228900219705784e-15
5.988302803182542448e+03 1.069416175969481879e-15
5.990146161149727050e+03 1.068127623982932380e-15
5.991989519116910742e+03 1.059776807249229420e-15
5.993832877084095344e+03 1.053154533548825813e-15
5.995676235051279946e+03 1.063923279689134708e-15
5.997519593018463638e+03 1.073953239388604040e-15
5.999362950985648240e+03 1.059791657977495837e-15
6.001206308952832842e+03 1.060467132826900781e-15
6.003049666920016534e+03 1.074487507089577845e-15
6.004893024887201136e+03 1.058342456597004241e-15
6.006736382854385738e+03 1.048653747438728095e-15
6.008579740821569430e+03 1.053533103158214709e-15
6.010423098788754032e+03 1.052004378877461913e-15
6.012266456755938634e+03 1.054846156313716566e-15
6.014109814723122327e+03 1.053135592039060680e-15
6.015953172690306928e+03 1.043771781579891053e-15
6.017796530657491530e+03 1.046873812696740818e-15
6.019639888624675223e+03 1.042393019544124789e-15
6.021483246591859825e+03 1.043113920558932394e-15
6.023326604559044426e+03 1.042787054573935306e-15
6.025169962526228119e+03 1.048861694044376205e-15
6.027013320493412721e+03 1.044301551179990710e-15
6.028856678460597323e+03 1.022463382628042809e-15
6.030700036427781015e+03 1.022753627326820420e-15
6.032543394394965617e+03 1.017049894556620974e-15
6.034386752362150219e+03 1.006859534355735761e-15
6.036230110329333911e+03 1.004748348557124010e-15
6.038073468296518513e+03 1.003333994315460769e-15
6.039916826263703115e+03 9.907999251237072550e-16
6.041760184230886807e+03 9.963692301323182010e-16
6.043603542198071409e+03 9.901076040181070668e-16
6.045446900165256011e+03 9.811681179271193400e-16
6.047290258132439703e+03 9.773111495902377290e-16
6.049133616099624305e+03 9.715444625233751231e-16
6.050976974066808907e+03 9.648004858531425478e-16
6.052820332033992599e+03 9.611124749734379687e-16
6.054663690001177201e+03 9.594606766764243744e-16
6.056507047968361803e+03 9.457224061266411591e-16
6.058350405935545496e+03 9.343436174082210156e-16
6.060193763902730097e+03 9.288385090180730739e-16
6.062037121869914699e+03 9.214630827976518389e-16
6.063880479837098392e+03 8.979492732663111782e-16
6.065723837804282994e+03 8.915501039117323049e-16
6.067567195771467595e+03 9.027381086298638771e-16
6.069410553738651288e+03 8.976849407343564569e-16
6.071253911705835890e+03 8.902860375903001588e-16
6.073097269673020492e+03 8.968221714575444232e-16
6.074940627640204184e+03 8.865701303338104402e-16
6.076783985607388786e+03 8.752095109860418810e-16
6.078627343574573388e+03 8.756976447947856654e-16
6.080470701541757080e+03 8.629206658252128054e-16
6.082314059508941682e+03 8.632732879426173538e-16
6.084157417476126284e+03 8.522387807020754009e-16
6.086000775443309976e+03 8.491274371909759899e-16
6.087844133410494578e+03 8.441432368273851007e-16
6.089687491377679180e+03 8.450776469549390695e-16
6.091530849344862872e+03 8.442615982652007428e-16
6.093374207312047474e+03 8.252556392990882301e-16
6.095217565279232076e+03 8.276785029294007005e-16
6.097060923246415769e+03 8.270043037134374233e-16
6.098904281213600370e+03 8.166828137520847387e-16
6.100747639180784972e+03 8.148252766102391817e-16
6.102590997147968665e+03 8.062762591201797261e-16
6.104434355115153267e+03 8.108169222274822724e-16
6.106277713082337868e+03 8.200415362812491754e-16
6.108121071049521561e+03 8.177891104085854618e-16
6.109964429016706163e+03 8.194560070372330285e-16
6.111807786983890765e+03 8.138331776870413590e-16
6.113651144951074457e+03 8.168968788993614362e-16
6.115494502918259059e+03 8.239229623105968083e-16
6.117337860885443661e+03 8.207010923243382332e-16
6.119181218852627353e+03 8.173361919708339586e-16
6.121024576819811955e+03 8.128550827637163552e-16
6.122867934786996557e+03 8.170266660198083115e-16
6.124711292754180249e+03 8.224589596048765795e-16
6.126554650721364851e+03 8.197371297709330438e-16
6.128398008688549453e+03 8.180538037742339608e-16
6.130241366655733145e+03 8.049805875186806304e-16
6.132084724622917747e+03 8.154456613024645354e-16
6.133928082590102349e+03 8.318017682768670683e-16
6.135771440557286041e+03 8.185218671421457688e-16
6.137614798524470643e+03 8.084174208729678753e-16
6.139458156491655245e+03 8.045703134986735690e-16
6.141301514458838938e+03 8.147035167807968568e-16
6.143144872426023539e+03 8.232843836537173949e-16
6.144988230393208141e+03 8.154819857231068123e-16
6.146831588360391834e+03 8.137937054577945016e-16
6.148674946327576436e+03 8.126731137706157766e-16
6.150518304294761037e+03 8.138214108215685785e-16
6.152361662261944730e+03 8.103723919259185607e-16
6.154205020229129332e+03 8.096823214376389980e-16
6.156048378196313934e+03 8.043773765530962812e-16
6.157891736163497626e+03 8.081154223587546922e-16
6.159735094130682228e+03 8.020282883426707357e-16
6.161578452097866830e+03 7.979756181063408776e-16
6.163421810065050522e+03 8.035534897150078996e-16
6.165265168032235124e+03 8.013003000010180937e-16
6.167108525999419726e+03 7.942189793652840954e-16
6.168951883966603418e+03 7.895853488305145230e-16
6.170795241933788020e+03 7.883160671484716260e-16
6.172638599900972622e+03 7.847256554246103251e-16
6.174481957868156314e+03 7.877863098883962994e-16
6.176325315835340916e+03 7.812561668334909261e-16
6.178168673802525518e+03 7.822635882907822348e-16
6.180012031769709210e+03 7.705016967772296514e-16
6.181855389736893812e+03 7.697507112396226380e-16
6.183698747704078414e+03 7.717055780773650072e-16
6.185542105671262107e+03 7.704971710742105449e-16
6.187385463638446709e+03 7.740268527867404391e-16
6.189228821605631310e+03 7.694370419138430924e-16
6.191072179572815003e+03 7.707335567813548675e-16
6.192915537539999605e+03 7.552326400715059667e-16
6.194758895507184207e+03 7.459384728664908010e-16
6.196602253474367899e+03 7.525601669682798584e-16
6.198445611441552501e+03 7.596450009130794212e-16
6.200288969408737103e+03 7.638175318355479868e-16
6.202132327375920795e+03 7.613707124068544148e-16
6.203975685343105397e+03 7.592805428523630495e-16
6.205819043310289999e+03 7.657054967236579171e-16
6.207662401277473691e+03 7.672532315531385416e-16
6.209505759244658293e+03 7.676661598977851324e-16
6.211349117211842895e+03 7.714693503223292656e-16
6.213192475179026587e+03 7.792128193371954974e-16
6.215035833146211189e+03 7.977839458413047708e-16
6.216879191113395791e+03 7.851856102394257401e-16
6.218722549080579483e+03 7.898307182856523382e-16
6.220565907047764085e+03 7.990002234102849651e-16
6.222409265014948687e+03 8.051345825039469599e-16
6.224252622982132380e+03 8.236216040898423306e-16
6.226095980949316981e+03 8.182111622543119580e-16
6.227939338916501583e+03 8.146219815248173966e-16
6.229782696883685276e+03 8.132581544369234734e-16
6.231626054850869878e+03 8.167786716974837882e-16
6.233469412818054479e+03 8.155598550470582252e-16
6.235312770785238172e+03 8.304027627242813788e-16
6.237156128752422774e+03 8.246858962187642095e-16
6.238999486719607376e+03 8.265161452373507651e-16
6.240842844686791068e+03 8.413524998792161243e-16
6.242686202653975670e+03 8.370920638505979915e-16
6.244529560621160272e+03 8.335415746588137577e-16
6.246372918588343964e+03 8.378836925930796162e-16
6.248216276555528566e+03 8.481197569678775330e-16
6.250059634522713168e+03 8.479671610147913292e-16
6.251902992489896860e+03 8.457698217285770304e-16
6.253746350457081462e+03 8.430588177744176436e-16
6.255589708424266064e+03 8.498202487765671852e-16
6.257433066391449756e+03 8.371518843993548589e-16
6.259276424358634358e+03 8.240230026928569460e-16
6.261119782325818960e+03 8.194192847084653508e-16
6.262963140293002652e+03 8.242272854122979352e-16
6.264806498260187254e+03 8.232415144659226934e-16
6.266649856227371856e+03 8.165086273149927706e-16
6.268493214194555549e+03 8.126754615423584115e-16
6.270336572161740150e+03 8.035575502460421004e-16
6.272179930128924752e+03 7.848015714005380955e-16
6.274023288096108445e+03 7.659137492756289378e-16
6.275866646063293047e+03 7.335573355003136498e-16
6.277710004030477648e+03 7.226021366343620804e-16
6.279553361997661341e+03 7.220838721645479283e-16
6.281396719964845943e+03 7.299210703681698064e-16
6.283240077932030545e+03 7.219433551586502228e-16
6.285083435899214237e+03 7.185084437104061821e-16
6.286926793866398839e+03 7.070880590683466647e-16
6.288770151833583441e+03 7.016374983837044243e-16
6.290613509800767133e+03 6.990905764027625997e-16
6.292456867767951735e+03 6.833685888499730888e-16
6.294300225735136337e+03 6.733743253138023054e-16
6.296143583702320029e+03 6.627070773730392550e-16
6.297986941669504631e+03 6.464044801301439982e-16
6.299830299636689233e+03 6.347128364541136132e-16
6.301673657603872925e+03 6.254534264594934628e-16
6.303517015571057527e+03 6.219787451379123421e-16
6.305360373538242129e+03 6.178993557186895189e-16
6.307203731505425822e+03 6.055182116145616670e-16
6.309047089472610423e+03 5.931696922057609851e-16
6.310890447439795025e+03 5.810648117952694739e-16
6.312733805406978718e+03 5.731721260407364172e-16
6.314577163374163320e+03 5.638087926928856671e-16
6.316420521341347921e+03 5.590293047313661993e-16
6.318263879308531614e+03 5.502317396205628857e-16
6.320107237275716216e+03 5.381923656816031787e-16
6.321950595242900818e+03 5.276968140602253270e-16
6.323793953210084510e+03 5.211335923065445771e-16
6.325637311177269112e+03 5.064451342853811256e-16
6.327480669144453714e+03 5.003206756683739286e-16
6.329324027111637406e+03 4.918034880409610576e-16
6.331167385078822008e+03 4.816375427477156575e-16
6.333010743046006610e+03 4.772735372733945941e-16
6.334854101013190302e+03 4.763425780728007729e-16
6.336697458980374904e+03 4.733560982333557417e-16
6.338540816947559506e+03 4.720430233259493218e-16
6.340384174914743198e+03 4.703841936416737167e-16
6.342227532881927800e+03 4.620777140121837633e-16
6.344070890849112402e+03 4.700376377284894917e-16
6.345914248816296094e+03 4.745484570558871582e-16
6.347757606783480696e+03 4.697888403247638775e-16
6.349600964750665298e+03 4.752399805402690526e-16
6.351444322717848991e+03 4.645492562376677976e-16
6.353287680685033592e+03 4.564287733367413381e-16
6.355131038652218194e+03 4.516648251145318018e-16
6.356974396619401887e+03 4.435728967956259483e-16
6.358817754586586489e+03 4.441469247203261200e-16
6.360661112553771090e+03 4.499189313565323296e-16
6.362504470520954783e+03 4.479062472081374397e-16
6.364347828488139385e+03 4.442217833863721228e-16
6.366191186455323987e+03 4.439362794673437627e-16
6.368034544422507679e+03 4.418627802312520478e-16
6.369877902389692281e+03 4.429504116664678778e-16
6.371721260356876883e+03 4.345976687971282538e-16
6.373564618324060575e+03 4.269063912325350415e-16
6.375407976291245177e+03 4.233393142657988401e-16
6.377251334258429779e+03 4.214003225073423675e-16
6.379094692225613471e+03 4.057023244105566146e-16
6.380938050192798073e+03 4.022412258505228399e-16
6.382781408159982675e+03 3.971230637705005451e-16
6.384624766127166367e+03 3.940549979245619327e-16
6.386468124094350969e+03 3.844499853963646587e-16
6.388311482061535571e+03 3.864344012678835717e-16
6.390154840028719264e+03 3.852510919973100722e-16
6.391998197995903865e+03 3.794846186365062483e-16
6.393841555963088467e+03 3.753285918273100885e-16
6.395684913930272160e+03 3.675588096605050006e-16
6.397528271897456762e+03 3.630464672841849596e-16
6.399371629864641363e+03 3.623947972327795627e-16
6.401214987831825056e+03 3.523621601926821614e-16
6.403058345799009658e+03 3.503719350207011975e-16
6.404901703766194260e+03 3.502705028401486165e-16
6.406745061733377952e+03 3.473900138134634240e-16
6.408588419700562554e+03 3.435562418963674234e-16
6.410431777667747156e+03 3.423363329597644817e-16
6.412275135634930848e+03 3.392335968009781593e-16
6.414118493602115450e+03 3.438559788117802972e-16
6.415961851569300052e+03 3.608263410581054493e-16
6.417805209536483744e+03 3.727536315407980218e-16
6.419648567503668346e+03 3.868826731067503925e-16
6.421491925470852948e+03 3.993301739855110615e-16
