6.552000000000000000e+03 1.140821072856325780e-15
6.553987938723975276e+03 1.143344180964849850e-15
6.555975877447950552e+03 1.136298389011254401e-15
6.557963816171925828e+03 1.124481517757528775e-15
6.559951754895901104e+03 1.131064565691377862e-15
6.561939693619876380e+03 1.138335780989237142e-15
6.563927632343851656e+03 1.129340871707262205e-15
6.565915571067826022e+03 1.128910685914480212e-15
6.567903509791801298e+03 1.131491281212204626e-15
6.569891448515776574e+03 1.120277685142687145e-15
6.571879387239751850e+03 1.125137803799151337e-15
6.573867325963727126e+03 1.115499555732283765e-15
6.575855264687702402e+03 1.132456487170847104e-15
6.577843203411677678e+03 1.117231291485118589e-15
6.579831142135652954e+03 1.119917449319962189e-15
6.581819080859628230e+03 1.110103594064955849e-15
6.583807019583603505e+03 1.097073330510465668e-15
6.585794958307578781e+03 1.109588871018902169e-15
6.587782897031553148e+03 1.096185828844201363e-15
6.589770835755528424e+03 1.096989716359498780e-15
6.591758774479503700e+03 1.094267536772227872e-15
6.593746713203478976e+03 1.084524083104888261e-15
6.595734651927454252e+03 1.070522178381336201e-15
6.597722590651429527e+03 1.057024293101176088e-15
6.599710529375404803e+03 1.056308891154412347e-15
6.601698468099380079e+03 1.055494760962525133e-15
6.603686406823355355e+03 1.039804112824528998e-15
6.605674345547330631e+03 1.035412803942631239e-15
6.607662284271305907e+03 1.033635435712885320e-15
6.609650222995281183e+03 1.021677811951548269e-15
6.611638161719255550e+03 1.022093729853283436e-15
6.613626100443230825e+03 1.003576862630617816e-15
6.615614039167206101e+03 9.966911108868431761e-16
6.617601977891181377e+03 1.005606803433447443e-15
6.619589916615156653e+03 1.007438068953516854e-15
6.621577855339131929e+03 1.001249565845983436e-15
6.623565794063107205e+03 9.989080915946657968e-16
6.625553732787082481e+03 1.009871563352606876e-15
6.627541671511057757e+03 1.018390490632050817e-15
6.629529610235033033e+03 1.007242478014706026e-15
6.631517548959008309e+03 1.009778767188721440e-15
6.633505487682983585e+03 1.015105022491323467e-15
6.635493426406957951e+03 1.014704690114776150e-15
6.637481365130933227e+03 1.018879956181174558e-15
6.639469303854908503e+03 1.022376764666974530e-15
6.641457242578883779e+03 1.027858045325617188e-15
6.643445181302859055e+03 1.035180482145310489e-15
6.645433120026834331e+03 1.045322768702552864e-15
6.647421058750809607e+03 1.050356498230356823e-15
6.649408997474784883e+03 1.066527786448175271e-15
6.651396936198760159e+03 1.061825363903156345e-15
6.653384874922735435e+03 1.065133118941630332e-15
6.655372813646710711e+03 1.069299111060870207e-15
6.657360752370685987e+03 1.062516590038279455e-15
6.659348691094660353e+03 1.075230396678214060e-15
6.661336629818635629e+03 1.082536606254196202e-15
6.663324568542610905e+03 1.093570806092853377e-15
6.665312507266586181e+03 1.090439480440790349e-15
6.667300445990561457e+03 1.074176775861632951e-15
6.669288384714536733e+03 1.086572349850563904e-15
6.671276323438512009e+03 1.089293782564115563e-15
6.673264262162487285e+03 1.090320390505040253e-15
6.675252200886462560e+03 1.089767504481723722e-15
6.677240139610437836e+03 1.077191621422811776e-15
6.679228078334413112e+03 1.097620339253202946e-15
6.681216017058388388e+03 1.097268641501607410e-15
6.683203955782362755e+03 1.095574238073346668e-15
6.685191894506338031e+03 1.093615731298998901e-15
6.687179833230313307e+03 1.096432512933598078e-15
6.689167771954288582e+03 1.097744821225617182e-15
6.691155710678263858e+03 1.086385585961746768e-15
6.693143649402239134e+03 1.091012039633125425e-15
6.695131588126214410e+03 1.103806248972658918e-15
6.697119526850189686e+03 1.100456329609051588e-15
6.699107465574164962e+03 1.099991385906747786e-15
6.701095404298140238e+03 1.101725241668540138e-15
6.703083343022115514e+03 1.102765596318041989e-15
6.705071281746090790e+03 1.096260913583037809e-15
6.707059220470066066e+03 1.092852657053823540e-15
6.709047159194040432e+03 1.099947118150572388e-15
6.711035097918015708e+03 1.107141731608808023e-15
6.713023036641990984e+03 1.092920973507813234e-15
6.715010975365966260e+03 1.093238401802177275e-15
6.716998914089941536e+03 1.094584736480062275e-15
6.718986852813916812e+03 1.098909625669465043e-15
6.720974791537892088e+03 1.090956177598652558e-15
6.722962730261867364e+03 1.098554750533811530e-15
6.724950668985842640e+03 1.095259026812317162e-15
6.726938607709817916e+03 1.083641623038553069e-15
6.728926546433793192e+03 1.082099249331605165e-15
6.730914485157767558e+03 1.077516363875045565e-15
6.732902423881742834e+03 1.071487782128623404e-15
6.734890362605718110e+03 1.084366287411729211e-15
6.736878301329693386e+03 1.070180226825153088e-15
6.738866240053668662e+03 1.059383191829602422e-15
6.740854178777643938e+03 1.062883477272108332e-15
6.742842117501619214e+03 1.056389283196259605e-15
6.744830056225594490e+03 1.045312502539847891e-15
6.746817994949569766e+03 1.044585847434514130e-15
6.748805933673545042e+03 1.040493382393665548e-15
6.750793872397520317e+03 1.035594908283632173e-15
6.752781811121495593e+03 1.041238778274711854e-15
6.754769749845469960e+03 1.030583165167478027e-15
6.756757688569445236e+03 1.036098797228123066e-15
6.758745627293420512e+03 1.031973575913114614e-15
6.760733566017395788e+03 1.027556813462630849e-15
6.762721504741371064e+03 1.021272618102906323e-15
6.764709443465346340e+03 1.015606505348974698e-15
6.766697382189321615e+03 1.010849007596452079e-15
6.768685320913296891e+03 1.015836741155623394e-15
6.770673259637272167e+03 1.024429836383696534e-15
6.772661198361247443e+03 1.014912450292189259e-15
6.774649137085222719e+03 1.016995015817291915e-15
6.776637075809197995e+03 1.008681994616002124e-15
6.778625014533172362e+03 1.001242784783306582e-15
6.780612953257147637e+03 1.001251441286156834e-15
6.782600891981122913e+03 1.003778198050091289e-15
6.784588830705098189e+03 1.000521844918676328e-15
6.786576769429073465e+03 9.961590456039077071e-16
6.788564708153048741e+03 9.957997865524557482e-16
6.790552646877024017e+03 9.908200786524334674e-16
6.792540585600999293e+03 9.848252330679188544e-16
6.794528524324974569e+03 9.874191755910500200e-16
6.796516463048949845e+03 9.802004101155672920e-16
6.798504401772925121e+03 9.827632250201871772e-16
6.800492340496900397e+03 9.748703393632296438e-16
6.802480279220874763e+03 9.782607868556419459e-16
6.804468217944850039e+03 9.715981261719713943e-16
6.806456156668825315e+03 9.693040125223508555e-16
6.808444095392800591e+03 9.587521221459245765e-16
6.810432034116775867e+03 9.568746715020206013e-16
6.812419972840751143e+03 9.574324026049768965e-16
6.814407911564726419e+03 9.466505650806042360e-16
6.816395850288701695e+03 9.496078803878796033e-16
6.818383789012676971e+03 9.407806767888688643e-16
6.820371727736652247e+03 9.464465091062813994e-16
6.822359666460627523e+03 9.385833164143833809e-16
6.824347605184602799e+03 9.303870368895098724e-16
6.826335543908577165e+03 9.373963009733185574e-16
6.828323482632552441e+03 9.352171910274774770e-16
6.830311421356527717e+03 9.293597026172450763e-16
6.832299360080502993e+03 9.141148848504486228e-16
6.834287298804478269e+03 9.080929630400833530e-16
6.836275237528453545e+03 9.126002986469672953e-16
6.838263176252428821e+03 9.020137213937390936e-16
6.840251114976404097e+03 9.014414700689973663e-16
6.842239053700379372e+03 9.038238864983906570e-16
6.844226992424354648e+03 9.025847091253521531e-16
6.846214931148329924e+03 8.956366211454839291e-16
6.848202869872305200e+03 8.833359134119108989e-16
6.850190808596280476e+03 8.833338109434854352e-16
6.852178747320254843e+03 8.869357488811254930e-16
6.854166686044230119e+03 8.766691617646757883e-16
6.856154624768205395e+03 8.675574106799929858e-16
6.858142563492180670e+03 8.536903036916380175e-16
6.860130502216155946e+03 8.484770317100777571e-16
6.862118440940131222e+03 8.278088893537747488e-16
6.864106379664106498e+03 7.860819099541338490e-16
6.866094318388081774e+03 7.543503893482070786e-16
6.868082257112057050e+03 7.778320793993143498e-16
6.870070195836032326e+03 8.331627884538759185e-16
6.872058134560007602e+03 8.445953161956262960e-16
6.874046073283981968e+03 8.438865738749393148e-16
6.876034012007957244e+03 8.371582901640485474e-16
6.878021950731932520e+03 8.345201324321242144e-16
6.880009889455907796e+03 8.268997060502201277e-16
6.881997828179883072e+03 8.021563813970572445e-16
6.883985766903858348e+03 7.736165289761087066e-16
6.885973705627833624e+03 7.803399385681016779e-16
6.887961644351808900e+03 7.828010492837995225e-16
6.889949583075784176e+03 7.834134880353561214e-16
6.891937521799759452e+03 7.849703282464919291e-16
6.893925460523734728e+03 7.842211795780711732e-16
6.895913399247710004e+03 7.749947822409306079e-16
6.897901337971685280e+03 7.830145217912086259e-16
6.899889276695659646e+03 7.778691109363356104e-16
6.901877215419634922e+03 7.724008088577875289e-16
6.903865154143610198e+03 7.659043083916579561e-16
6.905853092867585474e+03 7.710156134121405914e-16
6.907841031591560750e+03 7.678858468744761946e-16
6.909828970315536026e+03 7.634703767346508871e-16
6.911816909039511302e+03 7.662702608061899880e-16
6.913804847763486578e+03 7.548134027150751468e-16
6.915792786487461854e+03 7.519483965901262678e-16
6.917780725211437129e+03 7.423198153707197928e-16
6.919768663935412405e+03 7.378133008244715160e-16
6.921756602659386772e+03 7.507093532230038811e-16
6.923744541383362048e+03 7.533791440563661460e-16
6.925732480107337324e+03 7.464408242387947889e-16
6.927720418831312600e+03 7.396975348203982819e-16
6.929708357555287876e+03 7.448073754967490123e-16
6.931696296279263152e+03 7.462184444168159476e-16
6.933684235003238427e+03 7.366466630004475981e-16
6.935672173727213703e+03 7.346410321216648278e-16
6.937660112451188979e+03 7.308000660905015454e-16
6.939648051175164255e+03 7.264814652130927836e-16
6.941635989899139531e+03 7.262241920824074373e-16
6.943623928623114807e+03 7.314291081164594940e-16
6.945611867347089174e+03 7.238174287845154899e-16
6.947599806071064449e+03 7.173782689726057496e-16
6.949587744795039725e+03 7.249343196051964549e-16
6.951575683519015001e+03 7.210542967866646057e-16
6.953563622242990277e+03 7.041781690457079324e-16
6.955551560966965553e+03 7.022813142460830737e-16
6.957539499690940829e+03 7.083732592386614813e-16
6.959527438414916105e+03 7.041610801922648190e-16
6.961515377138891381e+03 6.991130614918853384e-16
6.963503315862866657e+03 6.944856075996945376e-16
6.965491254586841933e+03 6.872745245148444269e-16
6.967479193310817209e+03 6.868921192062920554e-16
6.969467132034791575e+03 6.860185559644117595e-16
6.971455070758766851e+03 6.845846128885965609e-16
6.973443009482742127e+03 6.734907610680185508e-16
6.975430948206717403e+03 6.705707382185895047e-16
6.977418886930692679e+03 6.717134377567925611e-16
6.979406825654667955e+03 6.623679015631697293e-16
6.981394764378643231e+03 6.680056408625492682e-16
6.983382703102618507e+03 6.609571035770537093e-16
6.985370641826593783e+03 6.619541490487659618e-16
6.987358580550569059e+03 6.548501411087568761e-16
6.989346519274544335e+03 6.531592340501219216e-16
6.991334457998519611e+03 6.468321217331450732e-16
6.993322396722493977e+03 6.472095962100996057e-16
6.995310335446469253e+03 6.436989069598733348e-16
6.997298274170444529e+03 6.348911956726605402e-16
6.999286212894419805e+03 6.281884539116842805e-16
7.001274151618395081e+03 6.356276850064352897e-16
7.003262090342370357e+03 6.354206682447190663e-16
7.005250029066345633e+03 6.281033945845189622e-16
7.007237967790320909e+03 6.264967820366221295e-16
7.009225906514296184e+03 6.269736050744572790e-16
7.011213845238271460e+03 6.280370165638101403e-16
7.013201783962246736e+03 6.366651301973968997e-16
7.015189722686222012e+03 6.386669019879265708e-16
7.017177661410196379e+03 6.321062750927125646e-16
7.019165600134171655e+03 6.362589236012579150e-16
7.021153538858146931e+03 6.367366285362511211e-16
7.023141477582122207e+03 6.391154930867694762e-16
7.025129416306097482e+03 6.534230374190762038e-16
7.027117355030072758e+03 6.628606859017548506e-16
7.029105293754048034e+03 6.771407296683160971e-16
7.031093232478023310e+03 6.807045627150823974e-16
7.033081171201998586e+03 6.791221138612109413e-16
7.035069109925973862e+03 6.855431253776253707e-16
7.037057048649949138e+03 6.853291832995250077e-16
7.039044987373924414e+03 6.990646144396422417e-16
7.041032926097898780e+03 6.932705528693799984e-16
7.043020864821874056e+03 7.007986402241012987e-16
7.045008803545849332e+03 7.088500983676626401e-16
7.046996742269824608e+03 7.122788974267755749e-16
7.048984680993799884e+03 7.117957253354245741e-16
7.050972619717775160e+03 7.144182412561116031e-16
7.052960558441750436e+03 7.220447317808686108e-16
7.054948497165725712e+03 7.130458030189345811e-16
7.056936435889700988e+03 7.190515313861450066e-16
7.058924374613676264e+03 7.199538552593673979e-16
7.060912313337651540e+03 7.132955640756174101e-16
7.062900252061626816e+03 7.235875685919395236e-16
7.064888190785601182e+03 7.286066176869544516e-16
7.066876129509576458e+03 7.338961253096169217e-16
7.068864068233551734e+03 7.442843471337138790e-16
7.070852006957527010e+03 7.282629605553418902e-16
7.072839945681502286e+03 7.275870447914526836e-16
7.074827884405477562e+03 7.272702437231034305e-16
7.076815823129452838e+03 7.293673376560135569e-16
7.078803761853428114e+03 7.289417120973050021e-16
7.080791700577403390e+03 7.262416095840405961e-16
7.082779639301378666e+03 7.276551293706059109e-16
7.084767578025353941e+03 7.355751791655719187e-16
7.086755516749328308e+03 7.339273705767955267e-16
7.088743455473304493e+03 7.263937708875537821e-16
7.090731394197278860e+03 7.234296305514182799e-16
7.092719332921254136e+03 7.214932003498851842e-16
7.094707271645229412e+03 7.231917939301799681e-16
7.096695210369204688e+03 7.307578234998803726e-16
7.098683149093179964e+03 7.229969276356391847e-16
7.100671087817155239e+03 7.228519275885978062e-16
7.102659026541130515e+03 7.277623713615975724e-16
7.104646965265105791e+03 7.277664983922268586e-16
7.106634903989081067e+03 7.175820385968482213e-16
7.108622842713056343e+03 7.184427632225650255e-16
7.110610781437031619e+03 7.195385791564625660e-16
7.112598720161005986e+03 7.239442127633027552e-16
7.114586658884981262e+03 7.238899147163771216e-16
7.116574597608956537e+03 7.114956674815187794e-16
7.118562536332931813e+03 7.166984883262447933e-16
7.120550475056907089e+03 7.167521568095219489e-16
7.122538413780882365e+03 7.067606323092728145e-16
7.124526352504857641e+03 6.963299132465278016e-16
7.126514291228832917e+03 7.053482433241869192e-16
7.128502229952808193e+03 6.985786397041988070e-16
7.130490168676783469e+03 6.970392276633229253e-16
7.132478107400758745e+03 6.954396885935206366e-16
7.134466046124733111e+03 6.916899872110891662e-16
7.136453984848709297e+03 6.928949162121502628e-16
7.138441923572683663e+03 6.884284302421972714e-16
7.140429862296658939e+03 6.882183104615732418e-16
7.142417801020634215e+03 6.921494939731505158e-16
7.144405739744609491e+03 6.835446356633527542e-16
7.146393678468584767e+03 6.831641986559072104e-16
7.148381617192560043e+03 6.881402719838587877e-16
7.150369555916535319e+03 6.873099056157537981e-16
7.152357494640510595e+03 6.847371974313950068e-16
7.154345433364485871e+03 6.814125172236861869e-16
7.156333372088461147e+03 6.680449709714977819e-16
7.158321310812436423e+03 6.709620358458125103e-16
7.160309249536410789e+03 6.723226724298315710e-16
7.162297188260386065e+03 6.684170531518374038e-16
7.164285126984361341e+03 6.620045485360026241e-16
7.166273065708336617e+03 6.602942430068066982e-16
7.168261004432311893e+03 6.599237586857146366e-16
7.170248943156287169e+03 6.533558149496394104e-16
7.172236881880262445e+03 6.496528460064076369e-16
7.174224820604237721e+03 6.532722958609170815e-16
7.176212759328212996e+03 6.545404803592169782e-16
7.178200698052188272e+03 6.499780179813636391e-16
7.180188636776163548e+03 6.449456947479851152e-16
7.182176575500137915e+03 6.321659868138256198e-16
7.184164514224114100e+03 6.263464675764084327e-16
7.186152452948088467e+03 6.382622759667256954e-16
7.188140391672063743e+03 6.502795843407580761e-16
7.190128330396039019e+03 6.368512942575565067e-16
7.192116269120014294e+03 6.368980455547271979e-16
7.194104207843989570e+03 6.469651341499627615e-16
7.196092146567964846e+03 6.370890921521247951e-16
7.198080085291940122e+03 6.196514886531290141e-16
7.200068024015915398e+03 6.219372653179664650e-16
7.202055962739890674e+03 6.368260435405369770e-16
7.204043901463865950e+03 6.356079537710706342e-16
7.206031840187841226e+03 6.362819908822523667e-16
7.208019778911815592e+03 6.366274818477786906e-16
7.210007717635790868e+03 6.292210536277594004e-16
7.211995656359766144e+03 6.219966864210773604e-16
7.213983595083741420e+03 6.161077852292253985e-16
7.215971533807716696e+03 6.157657467022172964e-16
7.217959472531691972e+03 6.168465755766433000e-16
7.219947411255667248e+03 6.147815641258020125e-16
7.221935349979642524e+03 6.105565044161995856e-16
7.223923288703617800e+03 6.038003914021614063e-16
7.225911227427593076e+03 6.039514213778888706e-16
7.227899166151568352e+03 6.050485868909570769e-16
7.229887104875542718e+03 5.932557169098430812e-16
7.231875043599518904e+03 5.809838554948930939e-16
7.233862982323493270e+03 5.921698331606908744e-16
7.235850921047468546e+03 6.010494402942077225e-16
7.237838859771443822e+03 5.971890502992306401e-16
7.239826798495419098e+03 5.800077964784283167e-16
7.241814737219394374e+03 5.892650064265314119e-16
7.243802675943369650e+03 6.037857873162144057e-16
7.245790614667344926e+03 6.055917749017308292e-16
7.247778553391320202e+03 5.948098663649016537e-16
7.249766492115295478e+03 5.831485855413920621e-16
7.251754430839270753e+03 5.938129002933855056e-16
7.253742369563246029e+03 6.023225224525157336e-16
7.255730308287220396e+03 6.060398190480257492e-16
7.257718247011195672e+03 6.075879679853859665e-16
7.259706185735170948e+03 6.068614385244860667e-16
7.261694124459146224e+03 5.907879208748750061e-16
7.263682063183121500e+03 5.905356568477828397e-16
7.265670001907096776e+03 6.115410948500404740e-16
7.267657940631072051e+03 6.134326499578481116e-16
7.269645879355047327e+03 5.969926043802322069e-16
7.271633818079022603e+03 5.902649816925692509e-16
7.273621756802997879e+03 5.921267178585043651e-16
7.275609695526973155e+03 6.067078558028264485e-16
7.277597634250947522e+03 6.142221768520760493e-16
7.279585572974923707e+03 6.317128098212781886e-16
7.281573511698898074e+03 6.183755418542219127e-16
7.283561450422873349e+03 6.102119442713751866e-16
7.285549389146848625e+03 6.009035704946724971e-16
7.287537327870823901e+03 6.064873618458104721e-16
7.289525266594799177e+03 6.230047816271046940e-16
7.291513205318774453e+03 6.249256620625546110e-16
7.293501144042749729e+03 6.303675652058155559e-16
7.295489082766725005e+03 6.363007315846595188e-16
7.297477021490700281e+03 6.315716844729803879e-16
7.299464960214675557e+03 6.229237796904231565e-16
7.301452898938650833e+03 6.248218177538273681e-16
7.303440837662625199e+03 6.394166447708432606e-16
7.305428776386600475e+03 6.421716305625178208e-16
7.307416715110575751e+03 6.365935417343177110e-16
7.309404653834551027e+03 6.385119862152878850e-16
7.311392592558526303e+03 6.500321445743473617e-16
7.313380531282501579e+03 6.522318198798652776e-16
7.315368470006476855e+03 6.383901201484493085e-16
7.317356408730452131e+03 6.450509603338428037e-16
7.319344347454427407e+03 6.498921512463742993e-16
7.321332286178402683e+03 6.551284680361628605e-16
7.323320224902377959e+03 6.491593313664094462e-16
7.325308163626352325e+03 6.558061298358180357e-16
7.327296102350327601e+03 6.539916604753708354e-16
7.329284041074302877e+03 6.612336123963890747e-16
7.331271979798278153e+03 6.526150567078543222e-16
7.333259918522253429e+03 6.597741529143650782e-16
7.335247857246228705e+03 6.645587102513110973e-16
7.337235795970203981e+03 6.618461034823740153e-16
7.339223734694179257e+03 6.617721964601388408e-16
7.341211673418154533e+03 6.592321159956966641e-16
7.343199612142129808e+03 6.620087695345257279e-16
7.345187550866105084e+03 6.611234007615828462e-16
7.347175489590080360e+03 6.561906961160144327e-16
7.349163428314055636e+03 6.563583350264878627e-16
7.351151367038030003e+03 6.547823929772295152e-16
7.353139305762005279e+03 6.569243055055693650e-16
7.355127244485980555e+03 6.619936388104573831e-16
7.357115183209955831e+03 6.546549479823427828e-16
7.359103121933931106e+03 6.555129954840807762e-16
7.361091060657906382e+03 6.437473149435840685e-16
7.363078999381881658e+03 6.498312190539920147e-16
7.365066938105856934e+03 6.478576086754744136e-16
7.367054876829832210e+03 6.424933611000751112e-16
7.369042815553807486e+03 6.435889384848986241e-16
7.371030754277782762e+03 6.482249070674040760e-16
7.373018693001757129e+03 6.496898465775902091e-16
7.375006631725732404e+03 6.384760935198846262e-16
7.376994570449707680e+03 6.342389358580387035e-16
7.378982509173682956e+03 6.324603563705247932e-16
7.380970447897658232e+03 6.324648564315527278e-16
7.382958386621633508e+03 6.303034654118369386e-16
7.384946325345608784e+03 6.276154153017533652e-16
7.386934264069584060e+03 6.356194603649044350e-16
7.388922202793559336e+03 6.231572374567386287e-16
7.390910141517534612e+03 6.168087294612857934e-16
7.392898080241509888e+03 6.219577712985993144e-16
7.394886018965485164e+03 6.220820958185492521e-16
7.396873957689460440e+03 6.211383622220727370e-16
7.398861896413434806e+03 6.144407005894246937e-16
7.400849835137410082e+03 6.145092094004972119e-16
7.402837773861385358e+03 6.128637069584172941e-16
7.404825712585360634e+03 6.143155052441309655e-16
7.406813651309335910e+03 6.075753201649093593e-16
7.408801590033311186e+03 6.148334891241903887e-16
7.410789528757286462e+03 6.094945623574930038e-16
7.412777467481261738e+03 6.114443235956124684e-16
7.414765406205237014e+03 6.115522014531045125e-16
7.416753344929212290e+03 6.110564205530759689e-16
7.418741283653187566e+03 6.090547684903361145e-16
7.420729222377161932e+03 6.055400219993626108e-16
7.422717161101137208e+03 6.144620981231256137e-16
7.424705099825112484e+03 6.206160111080487630e-16
7.426693038549087760e+03 6.105413381393639863e-16
7.428680977273063036e+03 6.183878981767656049e-16
7.430668915997038312e+03 6.098793627283162435e-16
7.432656854721013588e+03 6.121440939789432867e-16
7.434644793444988863e+03 6.165191412298875616e-16
7.436632732168964139e+03 6.173529915120624691e-16
7.438620670892939415e+03 6.191432577546202833e-16
7.440608609616914691e+03 6.215203243907949977e-16
7.442596548340889967e+03 6.198742806403836467e-16
7.444584487064865243e+03 6.166920115268059679e-16
7.446572425788839610e+03 6.144014586868975551e-16
7.448560364512814886e+03 6.212324710635827885e-16
7.450548303236790161e+03 6.192000943178764780e-16
7.452536241960765437e+03 6.211455952496492823e-16
7.454524180684740713e+03 6.239567629078742963e-16
7.456512119408715989e+03 6.260464390195195907e-16
7.458500058132691265e+03 6.199596644547588482e-16
7.460487996856666541e+03 6.151735644077477308e-16
7.462475935580641817e+03 6.225680229548183843e-16
7.464463874304617093e+03 6.290250505277038596e-16
7.466451813028592369e+03 6.220031542050094225e-16
7.468439751752566735e+03 6.172842593881969195e-16
7.470427690476542011e+03 6.224329294806934616e-16
7.472415629200517287e+03 6.250483188562483000e-16
7.474403567924492563e+03 6.254637890861898569e-16
7.476391506648467839e+03 6.246213405166960401e-16
7.478379445372443115e+03 6.268772507615819416e-16
7.480367384096418391e+03 6.308331653963006046e-16
7.482355322820393667e+03 6.381590351732856004e-16
7.484343261544368943e+03 6.401147400563944797e-16
7.486331200268344219e+03 6.371469436758024722e-16
7.488319138992319495e+03 6.474118821417525844e-16
7.490307077716294771e+03 6.469798007326176371e-16
7.492295016440270047e+03 6.426234336381622533e-16
7.494282955164244413e+03 6.449861136189028194e-16
7.496270893888219689e+03 6.541501745126412966e-16
7.498258832612194965e+03 6.465865714506033317e-16
7.500246771336170241e+03 6.447744403275580356e-16
7.502234710060145517e+03 6.476696657283020178e-16
7.504222648784120793e+03 6.501039538406877760e-16
7.506210587508096069e+03 6.541578503876541930e-16
7.508198526232071345e+03 6.531485518068448214e-16
7.510186464956046621e+03 6.548358269831957924e-16
7.512174403680021896e+03 6.567166926656848049e-16
7.514162342403997172e+03 6.518162868294436645e-16
7.516150281127971539e+03 6.472384012615847514e-16
7.518138219851946815e+03 6.531497190248649987e-16
7.520126158575922091e+03 6.551118582717626116e-16
7.522114097299897367e+03 6.573302227312640736e-16
7.524102036023872643e+03 6.610710124714051005e-16
7.526089974747847918e+03 6.538158966662527034e-16
7.528077913471823194e+03 6.531324188259996319e-16
7.530065852195798470e+03 6.475696438136349975e-16
7.532053790919773746e+03 6.546791743176229624e-16
7.534041729643749022e+03 6.539046191371483713e-16
7.536029668367724298e+03 6.505545364330924093e-16
7.538017607091699574e+03 6.568152555010015752e-16
7.540005545815674850e+03 6.491862542891047697e-16
7.541993484539649216e+03 6.472711958440485749e-16
7.543981423263624492e+03 6.532917883858744130e-16
7.545969361987599768e+03 6.487944182966247073e-16
7.547957300711575044e+03 6.500219425766850748e-16
7.549945239435550320e+03 6.503277863182069480e-16
7.551933178159525596e+03 6.513932176214522683e-16
7.553921116883500872e+03 6.481100538892507962e-16
7.555909055607476148e+03 6.384754273635835737e-16
7.557896994331451424e+03 6.481872623141967188e-16
7.559884933055426700e+03 6.515662791654135951e-16
7.561872871779401976e+03 6.479348641153206678e-16
7.563860810503376342e+03 6.431141026787959776e-16
7.565848749227351618e+03 6.462089893071549914e-16
7.567836687951326894e+03 6.459910115999101866e-16
7.569824626675302170e+03 6.396657992264189024e-16
7.571812565399277446e+03 6.346048455232009640e-16
7.573800504123252722e+03 6.291890607222573257e-16
7.575788442847227998e+03 6.267793907812942618e-16
7.577776381571203274e+03 6.294895274023430486e-16
7.579764320295178550e+03 6.265209268702918839e-16
7.581752259019153826e+03 6.241798089292992610e-16
7.583740197743129102e+03 6.191206669586343120e-16
7.585728136467103468e+03 6.183268342921983090e-16
7.587716075191079653e+03 6.149640823704057258e-16
7.589704013915054020e+03 5.965558809995359000e-16
7.591691952639029296e+03 5.477355863501475761e-16
7.593679891363004572e+03 4.825426096339538190e-16
7.595667830086979848e+03 4.441621161000029472e-16
7.597655768810955124e+03 4.411998798155354997e-16
7.599643707534930400e+03 4.309368410272500208e-16
7.601631646258905675e+03 4.167961689674845516e-16
7.603619584982880951e+03 4.456418110975463674e-16
7.605607523706856227e+03 4.870562386777782625e-16
7.607595462430831503e+03 5.378605790960989384e-16
7.609583401154806779e+03 5.564503602956692422e-16
7.611571339878781146e+03 5.830285166579116916e-16
7.613559278602757331e+03 6.179861011763328373e-16
7.615547217326731698e+03 6.417129800262575158e-16
7.617535156050706973e+03 6.065575681180780250e-16
7.619523094774682249e+03 5.219368413530110679e-16
7.621511033498657525e+03 4.738421557379547553e-16
7.623498972222632801e+03 4.770317623991385729e-16
7.625486910946608077e+03 4.856723580843139374e-16
7.627474849670583353e+03 4.906174980470699395e-16
7.629462788394558629e+03 5.025407915010350967e-16
7.631450727118533905e+03 4.996197215179296763e-16
7.633438665842508271e+03 5.101474602408826024e-16
7.635426604566484457e+03 5.031342010585804223e-16
7.637414543290458823e+03 5.099200236886629156e-16
7.639402482014434099e+03 5.149749264826143385e-16
7.641390420738409375e+03 5.168653137893171342e-16
7.643378359462384651e+03 5.290762529770914347e-16
7.645366298186359927e+03 5.213066486798827852e-16
7.647354236910335203e+03 5.226684690987830662e-16
7.649342175634310479e+03 5.276370735071192579e-16
7.651330114358285755e+03 5.341455881919566575e-16
7.653318053082261031e+03 5.270307231932473889e-16
7.655305991806236307e+03 5.261222964343047668e-16
7.657293930530211583e+03 5.356902433870970529e-16
7.659281869254185949e+03 5.243067043525326850e-16
7.661269807978162135e+03 5.538967922067155899e-16
7.663257746702136501e+03 5.422847781191995410e-16
7.665245685426111777e+03 5.325698245204148980e-16
7.667233624150087053e+03 5.424784182315013303e-16
7.669221562874062329e+03 5.431516620189522817e-16
7.671209501598037605e+03 5.410435623189694002e-16
7.673197440322012881e+03 5.527958203683489289e-16
7.675185379045988157e+03 5.499331638424464779e-16
7.677173317769963433e+03 5.545786474822181658e-16
7.679161256493938708e+03 5.607933178983534396e-16
7.681149195217913075e+03 5.607658122119740679e-16
7.683137133941889260e+03 5.555428477151767319e-16
7.685125072665863627e+03 5.556977752950900306e-16
7.687113011389838903e+03 5.478939310425616262e-16
7.689100950113814179e+03 5.443296701433146012e-16
7.691088888837789455e+03 5.403618801176300327e-16
7.693076827561764730e+03 5.246320428004212422e-16
7.695064766285740006e+03 5.198039119098126994e-16
7.697052705009715282e+03 5.237259325547953386e-16
7.699040643733690558e+03 5.159732284618887601e-16
7.701028582457665834e+03 5.102833177033009678e-16
7.703016521181641110e+03 5.125318296005630749e-16
7.705004459905616386e+03 5.070981392055102133e-16
7.706992398629590753e+03 5.053925561568438570e-16
7.708980337353566938e+03 5.134984986595149286e-16
7.710968276077541304e+03 5.137891804935372790e-16
7.712956214801516580e+03 5.111195132393386824e-16
7.714944153525491856e+03 5.056856715442118174e-16
7.716932092249467132e+03 5.098573587964484734e-16
7.718920030973442408e+03 5.114351479061271594e-16
7.720907969697417684e+03 5.078553829972445443e-16
7.722895908421392960e+03 5.072766692139532963e-16
7.724883847145368236e+03 5.138194681292045618e-16
7.726871785869343512e+03 5.177288628894866034e-16
7.728859724593317878e+03 5.192933360398654943e-16
7.730847663317294064e+03 5.256355144307491127e-16
7.732835602041268430e+03 5.303727630189226367e-16
7.734823540765243706e+03 5.325786198266743615e-16
7.736811479489218982e+03 5.335755439363095185e-16
7.738799418213194258e+03 5.368041175658451489e-16
7.740787356937169534e+03 5.329813653967508728e-16
7.742775295661144810e+03 5.387291560423608975e-16
7.744763234385120086e+03 5.436270584744731291e-16
7.746751173109095362e+03 5.482505876460468259e-16
7.748739111833070638e+03 5.457655508291426123e-16
7.750727050557045914e+03 5.410229199965354513e-16
7.752714989281021190e+03 5.378551030679089741e-16
7.754702928004995556e+03 5.464204236880607470e-16
7.756690866728971741e+03 5.518946643730982820e-16
7.758678805452946108e+03 5.492027304877362615e-16
7.760666744176921384e+03 5.549583586122800210e-16
7.762654682900896660e+03 5.607617187975101842e-16
7.764642621624871936e+03 5.575631616777244797e-16
7.766630560348847212e+03 5.600593335632648843e-16
7.768618499072822488e+03 5.629526707640097349e-16
7.770606437796797763e+03 5.604652605773432159e-16
7.772594376520773039e+03 5.606418376325045118e-16
7.774582315244748315e+03 5.580382705055893434e-16
7.776570253968722682e+03 5.602622719146689963e-16
7.778558192692698867e+03 5.677987210464702480e-16
7.780546131416673234e+03 5.626395217051488744e-16
7.782534070140648510e+03 5.718712013910581338e-16
7.784522008864623785e+03 5.745925914414092706e-16
7.786509947588599061e+03 5.704781063884505109e-16
7.788497886312574337e+03 5.673517830325091292e-16
7.790485825036549613e+03 5.681281193262416587e-16
7.792473763760524889e+03 5.695762614668346512e-16
7.794461702484500165e+03 5.647414332856728429e-16
7.796449641208475441e+03 5.746078603991467301e-16
7.798437579932450717e+03 5.806680197569630862e-16
7.800425518656425993e+03 5.839048028779135838e-16
7.802413457380400359e+03 5.822383997422142217e-16
7.804401396104376545e+03 5.750871195143271032e-16
7.806389334828350911e+03 5.768972189291020672e-16
7.808377273552326187e+03 5.857855573877503295e-16
7.810365212276301463e+03 5.808090070550029187e-16
7.812353151000276739e+03 5.815428833376903626e-16
7.814341089724252015e+03 5.803616465627965890e-16
7.816329028448227291e+03 5.893434137176636097e-16
7.818316967172202567e+03 5.970209491181262929e-16
7.820304905896177843e+03 5.939289350420818478e-16
7.822292844620153119e+03 5.864848160284230106e-16
7.824280783344127485e+03 5.902108814631192726e-16
7.826268722068103671e+03 5.956451195342803024e-16
7.828256660792078037e+03 5.912175730975239882e-16
7.830244599516053313e+03 5.895738957502418471e-16
7.832232538240028589e+03 5.834881344848970823e-16
7.834220476964003865e+03 5.819780255098259162e-16
7.836208415687979141e+03 5.894103950113557263e-16
7.838196354411954417e+03 5.891872814562867437e-16
7.840184293135929693e+03 5.944126885679020488e-16
7.842172231859904969e+03 5.887013929444232570e-16
7.844160170583880245e+03 5.878370961923722644e-16
7.846148109307855520e+03 5.919921883497782056e-16
7.848136048031830796e+03 5.907365809618899866e-16
7.850123986755805163e+03 5.929385381640697108e-16
7.852111925479781348e+03 5.989721638577056971e-16
7.854099864203755715e+03 5.965369127215852006e-16
7.856087802927730991e+03 5.945449485705997080e-16
7.858075741651706267e+03 6.009367082334687293e-16
7.860063680375681543e+03 6.061123109933168690e-16
7.862051619099656818e+03 6.019443075924467956e-16
7.864039557823632094e+03 5.967776799477408540e-16
7.866027496547607370e+03 5.940037762146263913e-16
7.868015435271582646e+03 5.989718077109824449e-16
7.870003373995557922e+03 6.038536547975416820e-16
7.871991312719532289e+03 6.060427845924583580e-16
7.873979251443508474e+03 6.000314514849813947e-16
7.875967190167482840e+03 6.036017984074638333e-16
7.877955128891458116e+03 6.083729594632573862e-16
7.879943067615433392e+03 6.108210074104451077e-16
7.881931006339408668e+03 6.136207615709920982e-16
7.883918945063383944e+03 6.081390970038877652e-16
7.885906883787359220e+03 6.140352707896058643e-16
7.887894822511334496e+03 6.109282175359598051e-16
7.889882761235309772e+03 6.012519563382651543e-16
7.891870699959285048e+03 5.998213657954377402e-16
7.893858638683260324e+03 6.033007928040117254e-16
7.895846577407235600e+03 6.082865652990451361e-16
7.897834516131209966e+03 6.021112155034046981e-16
7.899822454855186152e+03 6.015600996808460458e-16
7.901810393579160518e+03 6.079744294274123996e-16
7.903798332303135794e+03 6.101062340107515189e-16
7.905786271027111070e+03 6.121460259823968086e-16
7.907774209751086346e+03 6.029192888053088852e-16
7.909762148475061622e+03 6.022080255990016474e-16
7.911750087199036898e+03 5.999203755642868246e-16
7.913738025923012174e+03 6.048301240241616915e-16
7.915725964646987450e+03 6.061111626179039296e-16
7.917713903370962726e+03 6.112172453962055900e-16
7.919701842094937092e+03 6.096051987006164556e-16
7.921689780818913277e+03 6.133233637591936420e-16
7.923677719542887644e+03 6.121111502814747325e-16
7.925665658266862920e+03 6.110859381359176157e-16
7.927653596990838196e+03 6.150198839232624550e-16
7.929641535714813472e+03 6.126390850125490007e-16
7.931629474438788748e+03 6.127786269056462804e-16
7.933617413162764024e+03 6.109278760980682859e-16
7.935605351886739300e+03 6.050732113237044601e-16
7.937593290610714575e+03 6.098016025341111109e-16
7.939581229334689851e+03 6.098322010775105236e-16
7.941569168058665127e+03 6.075979236333376599e-16
7.943557106782640403e+03 6.054453812997632691e-16
7.945545045506614770e+03 6.077929825315896560e-16
7.947532984230590955e+03 6.092466427523786944e-16
7.949520922954565322e+03 6.111830504981872041e-16
7.951508861678540597e+03 6.121756329036259255e-16
7.953496800402515873e+03 6.110471600168857234e-16
7.955484739126491149e+03 5.997390320194330714e-16
7.957472677850466425e+03 5.973621596377464081e-16
7.959460616574441701e+03 5.929340259487922162e-16
7.961448555298416977e+03 5.904591744690476863e-16
7.963436494022392253e+03 5.901856128807121937e-16
7.965424432746367529e+03 5.855230936072019094e-16
7.967412371470341895e+03 5.867771148934303824e-16
7.969400310194318081e+03 5.929213794296727217e-16
7.971388248918292447e+03 5.882605752526253220e-16
7.973376187642267723e+03 5.882095363040273397e-16
7.975364126366242999e+03 5.854679883248728920e-16
7.977352065090218275e+03 5.806717988470733756e-16
7.979340003814193551e+03 5.800865554537158683e-16
7.981327942538168827e+03 5.775494728650718932e-16
7.983315881262144103e+03 5.716972046448082888e-16
7.985303819986119379e+03 5.731023739294258711e-16
7.987291758710094655e+03 5.713506056388837494e-16
7.989279697434069931e+03 5.701144279153046000e-16
7.991267636158045207e+03 5.787808601710868245e-16
7.993255574882019573e+03 5.775372778729782779e-16
7.995243513605995759e+03 5.668730628290949416e-16
7.997231452329970125e+03 5.549428118405486569e-16
7.999219391053945401e+03 5.560419400879515860e-16
8.001207329777920677e+03 5.524877806509313722e-16
8.003195268501895953e+03 5.578010707719694374e-16
8.005183207225871229e+03 5.530684312837761824e-16
8.007171145949846505e+03 5.520022269153538736e-16
8.009159084673821781e+03 5.586294605940152851e-16
8.011147023397797057e+03 5.581753183178759835e-16
8.013134962121772332e+03 5.530394403523944331e-16
8.015122900845746699e+03 5.528292860758306373e-16
8.017110839569722884e+03 5.472523995849047737e-16
8.019098778293697251e+03 5.432673884111395002e-16
8.021086717017672527e+03 5.402409469785563404e-16
8.023074655741647803e+03 5.399217840991863999e-16
8.025062594465623079e+03 5.478436161333192714e-16
8.027050533189598355e+03 5.411601250189949609e-16
8.029038471913573630e+03 5.372114979673067376e-16
8.031026410637548906e+03 5.382477901037687585e-16
8.033014349361524182e+03 5.393519929475412172e-16
8.035002288085499458e+03 5.399090962183229907e-16
8.036990226809474734e+03 5.361851200996830601e-16
8.038978165533450010e+03 5.300878424171229588e-16
8.040966104257424377e+03 5.346875403448651053e-16
8.042954042981400562e+03 5.268753409489298994e-16
8.044941981705374928e+03 5.240549637517743448e-16
8.046929920429350204e+03 5.168307312711525412e-16
8.048917859153325480e+03 5.167431104320541119e-16
8.050905797877300756e+03 5.207035267372574081e-16
8.052893736601276032e+03 5.168147237278403528e-16
8.054881675325251308e+03 5.142586510838990695e-16
8.056869614049226584e+03 5.091481136624939717e-16
8.058857552773201860e+03 5.058999292212724168e-16
8.060845491497177136e+03 5.112971295654217236e-16
8.062833430221151502e+03 5.190648102608310595e-16
8.064821368945127688e+03 5.102264937812291792e-16
8.066809307669102054e+03 5.053562690667140190e-16
8.068797246393077330e+03 5.031580873412600096e-16
8.070785185117052606e+03 5.065977785948102475e-16
8.072773123841027882e+03 5.013309522878999835e-16
8.074761062565003158e+03 4.988576741444667494e-16
8.076749001288978434e+03 4.982806092257556734e-16
8.078736940012953710e+03 4.910159354633563672e-16
8.080724878736928986e+03 4.931749362888542430e-16
8.082712817460904262e+03 4.929153661507512172e-16
8.084700756184878628e+03 4.888024606193376802e-16
8.086688694908854814e+03 4.900550004928700705e-16
8.088676633632829180e+03 4.909549695471331108e-16
8.090664572356804456e+03 4.865354540548821612e-16
8.092652511080779732e+03 4.800798809275377467e-16
8.094640449804755008e+03 4.815201122821613487e-16
8.096628388528730284e+03 4.829174322258981840e-16
8.098616327252705560e+03 4.735917958024086471e-16
8.100604265976680836e+03 4.740066526646934458e-16
8.102592204700656112e+03 4.757971800995871570e-16
8.104580143424631387e+03 4.658085856808329403e-16
8.106568082148606663e+03 4.616950761196230721e-16
8.108556020872581939e+03 4.649054817688379788e-16
8.110543959596556306e+03 4.646561082276378558e-16
8.112531898320532491e+03 4.555389895214161213e-16
8.114519837044506858e+03 4.642961311169000132e-16
8.116507775768482134e+03 4.609170443434569461e-16
8.118495714492457410e+03 4.568691859368147415e-16
8.120483653216432685e+03 4.558695135415766764e-16
8.122471591940407961e+03 4.533756647782847011e-16
8.124459530664383237e+03 4.532457458953409517e-16
8.126447469388358513e+03 4.499498494383905669e-16
8.128435408112333789e+03 4.432718918361426910e-16
8.130423346836309065e+03 4.432734819400492403e-16
8.132411285560283432e+03 4.399817366256177326e-16
8.134399224284259617e+03 4.430430329126822219e-16
8.136387163008233983e+03 4.533278665018294492e-16
8.138375101732209259e+03 4.413399975242472070e-16
8.140363040456184535e+03 4.355420790816058104e-16
8.142350979180159811e+03 4.347542075674839896e-16
8.144338917904135087e+03 4.304571087881212845e-16
8.146326856628110363e+03 4.227078560336172890e-16
8.148314795352085639e+03 4.307282487783510394e-16
8.150302734076060915e+03 4.309538256301506533e-16
8.152290672800036191e+03 4.226615279097319580e-16
8.154278611524011467e+03 4.279909000156484015e-16
8.156266550247986743e+03 4.331241181085397993e-16
8.158254488971961109e+03 4.284161749123271490e-16
8.160242427695937295e+03 4.137162884746851511e-16
8.162230366419911661e+03 4.155296405857684533e-16
8.164218305143886937e+03 4.237198384200479709e-16
8.166206243867862213e+03 4.232266859948049579e-16
8.168194182591837489e+03 4.121731699284603456e-16
8.170182121315812765e+03 4.245401194279708956e-16
8.172170060039788041e+03 4.306118572968922004e-16
8.174157998763763317e+03 4.091413207274374707e-16
8.176145937487738593e+03 3.993466135211953210e-16
8.178133876211713869e+03 4.146508352397313191e-16
8.180121814935688235e+03 4.237096003499244086e-16
8.182109753659664420e+03 4.278208769138425326e-16
8.184097692383638787e+03 4.155836993397543996e-16
8.186085631107614063e+03 4.045801809137909097e-16
8.188073569831589339e+03 4.129525412979623692e-16
8.190061508555564615e+03 4.174707276463990497e-16
8.192049447279539891e+03 4.156762142335198902e-16
8.194037386003514257e+03 4.099836525110035655e-16
8.196025324727490442e+03 4.118376873683017178e-16
8.198013263451464809e+03 4.177021774089807018e-16
8.200001202175440994e+03 4.230330378826122695e-16
8.201989140899415361e+03 4.274384451568362307e-16
8.203977079623391546e+03 4.211008710407258220e-16
8.205965018347365913e+03 4.175558871850099367e-16
8.207952957071342098e+03 4.140531116224472411e-16
8.209940895795316465e+03 4.126513674296388929e-16
8.211928834519292650e+03 4.151301101988492854e-16
8.213916773243267016e+03 4.116316531550592424e-16
8.215904711967243202e+03 4.097997526487444255e-16
8.217892650691217568e+03 4.052634318529200550e-16
8.219880589415191935e+03 4.107445026149147214e-16
8.221868528139168120e+03 4.076822701607149632e-16
8.223856466863142487e+03 3.900606100131662466e-16
8.225844405587118672e+03 3.734412753444031886e-16
8.227832344311093038e+03 3.816501666768998381e-16
8.229820283035069224e+03 4.017790116426031780e-16
8.231808221759043590e+03 4.083500631300143525e-16
8.233796160483019776e+03 4.089329689024520820e-16
8.235784099206994142e+03 4.013775147456228081e-16
8.237772037930970328e+03 4.021455126019058961e-16
8.239759976654944694e+03 3.980830504667114551e-16
8.241747915378920879e+03 3.917839281169383453e-16
8.243735854102895246e+03 3.959163342393427964e-16
8.245723792826869612e+03 3.986044312680271474e-16
8.247711731550845798e+03 3.967932307303469453e-16
8.249699670274820164e+03 3.846961365408109348e-16
8.251687608998796350e+03 3.846767241691082101e-16
8.253675547722770716e+03 3.903745020314589237e-16
8.255663486446746901e+03 3.833220450600944488e-16
8.257651425170721268e+03 3.908231255782427228e-16
8.259639363894697453e+03 3.929942379698200930e-16
8.261627302618671820e+03 3.894541121285605009e-16
8.263615241342646186e+03 3.845367704033896174e-16
8.265603180066622372e+03 3.850967504057505370e-16
8.267591118790598557e+03 3.800782658638354014e-16
8.269579057514572924e+03 3.745291937822799329e-16
8.271566996238547290e+03 3.661944825242045915e-16
8.273554934962523475e+03 3.625456024740868041e-16
8.275542873686497842e+03 3.660962999175285844e-16
8.277530812410474027e+03 3.626494721378391672e-16
8.279518751134448394e+03 3.519380451783451434e-16
8.281506689858424579e+03 3.489854422768829292e-16
8.283494628582398946e+03 3.443275001307509070e-16
8.285482567306375131e+03 3.338411669472971833e-16
8.287470506030349497e+03 3.287094099159723394e-16
8.289458444754323864e+03 3.353394101193552463e-16
8.291446383478300049e+03 3.228221127016790963e-16
8.293434322202274416e+03 3.150999485808301513e-16
8.295422260926250601e+03 3.086977240723055732e-16
8.297410199650224968e+03 3.031214540044859045e-16
8.299398138374201153e+03 2.922567109330397219e-16
8.301386077098175519e+03 2.819061506661447981e-16
8.303374015822151705e+03 2.774026807655506984e-16
8.305361954546126071e+03 2.740763410535241597e-16
8.307349893270102257e+03 2.654537374711830313e-16
8.309337831994076623e+03 2.562992759343879691e-16
8.311325770718052809e+03 2.490757962982748993e-16
8.313313709442027175e+03 2.410980623550835566e-16
8.315301648166001542e+03 2.375587796458019283e-16
8.317289586889977727e+03 2.286057312980329128e-16
8.319277525613952093e+03 2.217345806823109366e-16
8.321265464337928279e+03 2.215551227049346351e-16
8.323253403061902645e+03 2.199035649993572339e-16
8.325241341785878831e+03 2.111612638305880657e-16
8.327229280509853197e+03 2.057910459910896841e-16
8.329217219233829383e+03 2.027611454617516018e-16
8.331205157957803749e+03 1.966881656175165767e-16
8.333193096681779934e+03 1.957263264871362209e-16
8.335181035405754301e+03 1.916634003500681659e-16
8.337168974129730486e+03 1.854974811012508758e-16
8.339156912853704853e+03 1.827295829319249024e-16
8.341144851577679219e+03 1.761458857296368415e-16
8.343132790301655405e+03 1.708096798398943114e-16
8.345120729025629771e+03 1.680656450776563133e-16
8.347108667749605956e+03 1.687767747047363319e-16
8.349096606473580323e+03 1.643504478839800588e-16
8.351084545197556508e+03 1.596561416051852828e-16
8.353072483921530875e+03 1.613498344112788789e-16
8.355060422645507060e+03 1.624674490243291863e-16
8.357048361369481427e+03 1.615702743513779599e-16
8.359036300093455793e+03 1.595385625625240430e-16
8.361024238817431979e+03 1.569351917027156084e-16
8.363012177541408164e+03 1.552897762120492536e-16
8.365000116265382530e+03 1.561729005474961436e-16
8.366988054989356897e+03 1.569845027434598468e-16
8.368975993713333082e+03 1.521052995774177185e-16
8.370963932437307449e+03 1.510967234380758716e-16
8.372951871161283634e+03 1.534700953795565193e-16
8.374939809885258001e+03 1.546084379810427179e-16
8.376927748609234186e+03 1.539846359059883032e-16
8.378915687333208552e+03 1.535857604035398694e-16
8.380903626057184738e+03 1.536187767421694490e-16
8.382891564781159104e+03 1.525220170165849950e-16
8.384879503505133471e+03 1.533804709871324199e-16
8.386867442229109656e+03 1.506657605081038447e-16
8.388855380953084023e+03 1.551077555150052337e-16
8.390843319677060208e+03 1.508793909410738451e-16
8.392831258401034574e+03 1.516070758876202226e-16
8.394819197125010760e+03 1.588182727467285746e-16
8.396807135848985126e+03 1.562660643971026172e-16
8.398795074572961312e+03 1.576927928768935764e-16
8.400783013296935678e+03 1.579818436830687451e-16
8.402770952020911864e+03 1.563002238319806980e-16
8.404758890744886230e+03 1.589576153072304672e-16
8.406746829468862416e+03 1.620273783724404676e-16
8.408734768192836782e+03 1.566187275054282271e-16
8.410722706916811148e+03 1.601890648903003285e-16
8.412710645640787334e+03 1.592022449848904230e-16
8.414698584364761700e+03 1.602231405174123097e-16
8.416686523088737886e+03 1.629164062500078629e-16
8.418674461812712252e+03 1.678855649220719193e-16
8.420662400536688438e+03 1.634601366930093431e-16
8.422650339260662804e+03 1.643029819396753116e-16
8.424638277984638989e+03 1.650297609613721489e-16
8.426626216708613356e+03 1.663976579993975959e-16
8.428614155432589541e+03 1.665432194882547659e-16
8.430602094156563908e+03 1.657511151350612481e-16
8.432590032880540093e+03 1.676168466915938340e-16
8.434577971604514460e+03 1.704103942986303463e-16
8.436565910328488826e+03 1.707586204412270767e-16
8.438553849052465011e+03 1.685490029658315643e-16
8.440541787776439378e+03 1.691077672469729468e-16
8.442529726500415563e+03 1.705379330910294640e-16
8.444517665224389930e+03 1.710483845238756382e-16
8.446505603948366115e+03 1.729475832367206718e-16
8.448493542672340482e+03 1.741810814704445470e-16
8.450481481396316667e+03 1.744407788325260558e-16
8.452469420120291034e+03 1.725432696959694989e-16
8.454457358844265400e+03 1.699210609823820089e-16
8.456445297568241585e+03 1.724230496973903855e-16
8.458433236292217771e+03 1.750282128661242327e-16
8.460421175016192137e+03 1.716556453534897874e-16
8.462409113740166504e+03 1.750748091909964188e-16
8.464397052464142689e+03 1.736540616581585109e-16
8.466384991188117056e+03 1.737695321431130372e-16
8.468372929912093241e+03 1.741313766190634027e-16
8.470360868636067607e+03 1.750790475901335224e-16
8.472348807360043793e+03 1.739521797699084763e-16
8.474336746084018159e+03 1.736103020544545109e-16
8.476324684807994345e+03 1.768095048766884168e-16
8.478312623531968711e+03 1.795831578559002424e-16
8.480300562255943078e+03 1.757008102616732751e-16
8.482288500979919263e+03 1.755287542633912609e-16
8.484276439703893629e+03 1.761857812558605262e-16
8.486264378427869815e+03 1.794471836613922848e-16
8.488252317151844181e+03 1.839904909573200497e-16
8.490240255875820367e+03 1.828304431150123050e-16
8.492228194599794733e+03 1.884611687570938772e-16
8.494216133323770919e+03 1.828870715474248035e-16
8.496204072047745285e+03 1.832226286731816789e-16
8.498192010771721471e+03 1.865931433018316195e-16
8.500179949495695837e+03 1.869669416008228060e-16
8.502167888219672022e+03 1.911369408366661911e-16
8.504155826943646389e+03 1.890437765640984014e-16
8.506143765667620755e+03 1.885915770475618053e-16
8.508131704391596941e+03 1.875522980621667763e-16
8.510119643115571307e+03 1.875413727367423452e-16
8.512107581839547493e+03 1.944376649828148984e-16
8.514095520563521859e+03 1.990358375536594636e-16
8.516083459287498044e+03 1.980967589268118776e-16
8.518071398011472411e+03 2.010363742648706255e-16
8.520059336735448596e+03 2.009773375664780481e-16
8.522047275459422963e+03 2.079062619594302963e-16
8.524035214183399148e+03 2.003194890136050574e-16
8.526023152907373515e+03 2.019018828105415969e-16
8.528011091631349700e+03 2.034326710626371746e-16
8.529999030355324066e+03 2.074887567169022631e-16
8.531986969079298433e+03 2.076277272511876236e-16
8.533974907803274618e+03 2.111824109796714901e-16
8.535962846527248985e+03 2.157575758622889630e-16
8.537950785251225170e+03 2.168659022958577465e-16
8.539938723975199537e+03 2.178833575149065271e-16
8.541926662699175722e+03 2.252532907561439456e-16
8.543914601423150089e+03 2.234938836754373107e-16
8.545902540147126274e+03 2.215171280311973364e-16
8.547890478871100640e+03 2.245960437855834087e-16
8.549878417595075007e+03 2.267874895410349484e-16
8.551866356319051192e+03 2.347320535864502955e-16
8.553854295043027378e+03 2.363779634298649398e-16
8.555842233767001744e+03 2.395081998522417667e-16
8.557830172490976111e+03 2.406684486123478713e-16
8.559818111214952296e+03 2.417630451219255053e-16
8.561806049938926662e+03 2.437255734142050130e-16
8.563793988662902848e+03 2.501683829419050148e-16
8.565781927386877214e+03 2.504875361996784678e-16
8.567769866110853400e+03 2.510240732089731989e-16
8.569757804834827766e+03 2.548285740473027442e-16
8.571745743558803952e+03 2.581855389365254956e-16
8.573733682282778318e+03 2.566975968598312884e-16
8.575721621006752684e+03 2.601077498489167294e-16
8.577709559730728870e+03 2.642701015379521123e-16
8.579697498454703236e+03 2.681865179091649556e-16
8.581685437178679422e+03 2.739401431260656466e-16
8.583673375902653788e+03 2.756771478216887954e-16
8.585661314626629974e+03 2.777082007729868140e-16
8.587649253350604340e+03 2.868649295399290142e-16
8.589637192074580526e+03 2.849597849590981922e-16
8.591625130798554892e+03 2.956994431980362476e-16
8.593613069522531077e+03 2.907492474054665365e-16
8.595601008246505444e+03 2.936268986176048993e-16
8.597588946970481629e+03 2.984427442588609125e-16
8.599576885694455996e+03 3.064738576491477363e-16
8.601564824418430362e+03 3.071312142856851697e-16
8.603552763142406548e+03 3.050295656984723628e-16
8.605540701866380914e+03 3.095700940055897029e-16
8.607528640590357099e+03 3.196820458971553127e-16
8.609516579314331466e+03 3.312506062724844073e-16
8.611504518038307651e+03 3.322846608884391592e-16
8.613492456762282018e+03 3.338069433971342861e-16
8.615480395486258203e+03 3.372745603906269334e-16
8.617468334210232570e+03 3.445352105581599615e-16
8.619456272934206936e+03 3.436941188733865897e-16
8.621444211658183121e+03 3.487411455938725482e-16
8.623432150382159307e+03 3.555794553912281221e-16
8.625420089106133673e+03 3.572279094380103836e-16
8.627408027830108040e+03 3.689132470784104176e-16
8.629395966554084225e+03 3.661331098432128376e-16
8.631383905278058592e+03 3.725763601908780072e-16
8.633371844002034777e+03 3.757011086421263957e-16
8.635359782726009144e+03 3.795164936290304405e-16
8.637347721449985329e+03 3.873165905726113756e-16
8.639335660173959695e+03 3.882769830678973382e-16
8.641323598897935881e+03 3.924836954638620895e-16
8.643311537621910247e+03 3.962459546900266409e-16
8.645299476345884614e+03 3.998411837866708783e-16
8.647287415069860799e+03 3.978241086690921807e-16
8.649275353793836985e+03 4.028055517726338038e-16
8.651263292517811351e+03 4.102183296116638360e-16
8.653251231241785717e+03 4.137234402914047426e-16
8.655239169965761903e+03 4.179948282057836288e-16
8.657227108689736269e+03 4.231625932340864309e-16
8.659215047413712455e+03 4.287412633419796043e-16
8.661202986137686821e+03 4.260292278505227342e-16
8.663190924861663007e+03 4.339345884485550424e-16
8.665178863585637373e+03 4.353474104066014295e-16
8.667166802309613558e+03 4.327050371115193736e-16
8.669154741033587925e+03 4.321942113381883473e-16
8.671142679757562291e+03 4.390037839720989495e-16
8.673130618481538477e+03 4.377371173078622431e-16
8.675118557205514662e+03 4.313329134463009443e-16
8.677106495929489029e+03 4.418081199213321456e-16
8.679094434653463395e+03 4.524470732621873687e-16
8.681082373377439581e+03 4.502853979267515695e-16
8.683070312101413947e+03 4.441205086777137305e-16
8.685058250825390132e+03 4.513231027787012434e-16
8.687046189549364499e+03 4.555466536298313273e-16
8.689034128273338865e+03 4.630944225933261792e-16
8.691022066997315051e+03 4.638030190758188925e-16
8.693010005721291236e+03 4.566222579974483902e-16
8.694997944445265603e+03 4.634591039579932405e-16
8.696985883169239969e+03 4.583591413139773827e-16
8.698973821893216154e+03 4.585394783087252586e-16
8.700961760617190521e+03 4.548935925979730989e-16
8.702949699341166706e+03 4.613033732559816816e-16
8.704937638065141073e+03 4.668829087016378710e-16
8.706925576789117258e+03 4.692589350379727577e-16
8.708913515513091625e+03 4.749001305380279491e-16
8.710901454237067810e+03 4.760112935449092616e-16
8.712889392961042176e+03 4.761448258323799960e-16
8.714877331685016543e+03 4.659372704628360651e-16
8.716865270408992728e+03 4.709458095739884435e-16
8.718853209132968914e+03 4.766277670722806268e-16
8.720841147856943280e+03 4.778769173106944352e-16
8.722829086580917647e+03 4.787540320334890614e-16
8.724817025304893832e+03 4.730036617436895919e-16
8.726804964028868199e+03 4.804440294972137210e-16
8.728792902752844384e+03 4.863943566014403986e-16
8.730780841476818750e+03 4.849375885226287783e-16
8.732768780200794936e+03 4.777943540311883105e-16
8.734756718924769302e+03 4.805475469651948423e-16
8.736744657648745488e+03 4.805278922267118848e-16
8.738732596372719854e+03 4.757216470132545460e-16
8.740720535096694221e+03 4.739082022388336657e-16
8.742708473820670406e+03 4.782241171789716314e-16
8.744696412544646591e+03 4.787737012414744960e-16
8.746684351268620958e+03 4.683146783263387571e-16
8.748672289992595324e+03 4.684685257547704460e-16
8.750660228716571510e+03 4.692847619636684940e-16
8.752648167440545876e+03 4.789166485157456952e-16
8.754636106164522062e+03 4.855804521554018032e-16
8.756624044888496428e+03 4.757389087750939759e-16
8.758611983612472613e+03 4.789683359435010865e-16
8.760599922336446980e+03 4.886109636580381354e-16
8.762587861060423165e+03 4.889949938527895346e-16
8.764575799784397532e+03 4.833149618241626995e-16
8.766563738508371898e+03 4.844141456207411959e-16
8.768551677232348084e+03 4.877757063320690397e-16
8.770539615956324269e+03 4.775878311540213961e-16
8.772527554680298636e+03 4.754336630338819779e-16
8.774515493404273002e+03 4.685782665773666558e-16
8.776503432128249187e+03 4.614846654869850422e-16
8.778491370852223554e+03 4.624803708480430308e-16
8.780479309576199739e+03 4.648777139509035357e-16
8.782467248300174106e+03 4.739734891620400481e-16
8.784455187024148472e+03 4.740271242488714541e-16
8.786443125748124658e+03 4.744075635726043089e-16
8.788431064472100843e+03 4.798653790445599614e-16
8.790419003196075209e+03 4.771394519790520341e-16
8.792406941920049576e+03 4.810351722616334545e-16
8.794394880644025761e+03 4.760054635263388492e-16
8.796382819368000128e+03 4.693485312346960910e-16
8.798370758091976313e+03 4.607762794440793114e-16
8.800358696815950680e+03 4.654237301349467832e-16
8.802346635539926865e+03 4.700197870879315367e-16
8.804334574263901231e+03 4.787570714097852043e-16
8.806322512987877417e+03 4.774820119639175938e-16
8.808310451711851783e+03 4.729033674914521379e-16
8.810298390435826150e+03 4.658260014016410046e-16
8.812286329159802335e+03 4.668450137784023389e-16
8.814274267883778521e+03 4.705423653195315788e-16
8.816262206607752887e+03 4.673884894445678326e-16
8.818250145331727254e+03 4.662523478199355609e-16
8.820238084055703439e+03 4.692028767135834656e-16
8.822226022779677805e+03 4.740393487245855902e-16
8.824213961503653991e+03 4.689009001735475479e-16
8.826201900227628357e+03 4.663390513344422094e-16
8.828189838951604543e+03 4.615463190513029062e-16
8.830177777675578909e+03 4.588911296012993858e-16
8.832165716399555095e+03 4.611525022199641924e-16
8.834153655123529461e+03 4.572179113631455740e-16
8.836141593847503827e+03 4.583724734561305179e-16
8.838129532571480013e+03 4.596971833420710225e-16
8.840117471295456198e+03 4.680138648965591155e-16
8.842105410019430565e+03 4.641247562031934980e-16
8.844093348743404931e+03 4.533973229954843435e-16
8.846081287467381117e+03 4.463439148301746715e-16
8.848069226191355483e+03 4.465248346418491848e-16
8.850057164915331668e+03 4.485030882418927452e-16
8.852045103639306035e+03 4.551852681845696193e-16
8.854033042363282220e+03 4.600835434584967918e-16
8.856020981087256587e+03 4.538558472841565149e-16
8.858008919811232772e+03 4.618883236829806489e-16
8.859996858535207139e+03 4.574240389468777007e-16
8.861984797259181505e+03 4.500433128368094955e-16
8.863972735983157690e+03 4.494539284838519572e-16
8.865960674707133876e+03 4.477085101924664846e-16
8.867948613431108242e+03 4.411610639186416584e-16
8.869936552155082609e+03 4.431642365907820077e-16
8.871924490879058794e+03 4.412952584343028531e-16
8.873912429603033161e+03 4.430412914136097133e-16
8.875900368327009346e+03 4.415208770446623005e-16
8.877888307050983713e+03 4.473616296670839725e-16
8.879876245774958079e+03 4.449931586728801515e-16
8.881864184498934264e+03 4.340036072721355979e-16
8.883852123222910450e+03 4.290148965570769753e-16
8.885840061946884816e+03 4.362766345012240812e-16
8.887828000670859183e+03 4.350681516456353637e-16
8.889815939394835368e+03 4.290046661004869140e-16
8.891803878118809735e+03 4.258487371874708990e-16
8.893791816842785920e+03 4.261339070288909566e-16
8.895779755566760286e+03 4.220818182146259539e-16
8.897767694290736472e+03 4.215557371712006241e-16
8.899755633014710838e+03 4.212311775045060015e-16
8.901743571738687024e+03 4.233237191400401112e-16
8.903731510462661390e+03 4.309071762332037713e-16
8.905719449186635757e+03 4.290738375713299744e-16
8.907707387910611942e+03 4.247713882038969810e-16
8.909695326634588127e+03 4.241914375072457699e-16
8.911683265358562494e+03 4.235044262974074053e-16
8.913671204082536860e+03 4.168409157631405569e-16
8.915659142806513046e+03 4.106490880430139262e-16
8.917647081530487412e+03 4.114026516548269050e-16
8.919635020254463598e+03 4.089124625390140260e-16
8.921622958978437964e+03 4.087192695327826301e-16
8.923610897702414150e+03 4.107382325074794537e-16
8.925598836426388516e+03 4.039370915961458973e-16
8.927586775150364701e+03 3.967073754809145265e-16
8.929574713874339068e+03 4.056618320279912741e-16
8.931562652598313434e+03 4.085102066244730291e-16
8.933550591322289620e+03 4.071061452434359934e-16
8.935538530046265805e+03 4.073667755305604219e-16
8.937526468770240172e+03 4.023151124701148330e-16
8.939514407494214538e+03 3.950021093000563148e-16
8.941502346218190723e+03 3.893947387815824777e-16
8.943490284942165090e+03 3.912255878782370164e-16
8.945478223666141275e+03 3.926846394656901178e-16
8.947466162390115642e+03 3.851904000138741705e-16
8.949454101114091827e+03 3.825088701972088993e-16
8.951442039838066194e+03 3.774305085975266555e-16
8.953429978562042379e+03 3.818808487842232512e-16
8.955417917286016745e+03 3.875016127183236563e-16
8.957405856009991112e+03 3.896837177747853240e-16
8.959393794733967297e+03 3.780497604227239781e-16
8.961381733457943483e+03 3.604415582192811658e-16
8.963369672181917849e+03 3.709572733208476520e-16
8.965357610905892216e+03 3.767481928825964429e-16
8.967345549629868401e+03 3.744345201451593571e-16
8.969333488353842768e+03 3.539722895208275874e-16
8.971321427077818953e+03 3.542582859715984877e-16
8.973309365801793319e+03 3.658562299779089673e-16
8.975297304525767686e+03 3.723315307675201452e-16
8.977285243249743871e+03 3.684313109921507195e-16
8.979273181973720057e+03 3.623059388953435354e-16
8.981261120697694423e+03 3.862380594204687051e-16
8.983249059421668790e+03 3.790192052856842403e-16
8.985236998145644975e+03 3.449226221624611241e-16
8.987224936869619341e+03 3.466319089048458281e-16
8.989212875593595527e+03 3.483586862954467150e-16
8.991200814317569893e+03 3.626704049496905540e-16
8.993188753041546079e+03 3.835327177706207017e-16
8.995176691765520445e+03 3.668576666921842318e-16
8.997164630489496631e+03 3.449161092244112872e-16
8.999152569213470997e+03 3.348902462577002780e-16
9.001140507937445363e+03 3.447106131760375971e-16
9.003128446661421549e+03 3.529947166368597858e-16
9.005116385385397734e+03 3.514671641422834076e-16
9.007104324109372101e+03 3.556153880014321772e-16
9.009092262833346467e+03 3.532310769047428430e-16
9.011080201557322653e+03 3.507065122699741949e-16
9.013068140281297019e+03 3.473915886741745128e-16
9.015056079005273205e+03 3.311604227713762510e-16
9.017044017729247571e+03 3.523561721442513609e-16
9.019031956453223756e+03 3.492446293860077511e-16
9.021019895177198123e+03 3.282440426929105079e-16
9.023007833901174308e+03 3.320760646815994514e-16
9.024995772625148675e+03 3.541699669568204069e-16
9.026983711349123041e+03 3.585330078202678946e-16
9.028971650073099227e+03 3.444226658523562673e-16
9.030959588797075412e+03 3.428125937602352923e-16
9.032947527521049778e+03 3.418071275678494838e-16
9.034935466245024145e+03 3.391684268101298816e-16
9.036923404969000330e+03 3.333986447838639463e-16
9.038911343692974697e+03 3.325175530610113251e-16
9.040899282416950882e+03 3.344596438638409911e-16
9.042887221140925249e+03 3.403213413517249757e-16
9.044875159864901434e+03 3.450929833790682424e-16
9.046863098588875800e+03 3.432036564666248215e-16
9.048851037312851986e+03 3.474715720350511182e-16
9.050838976036826352e+03 3.430493987887934014e-16
9.052826914760800719e+03 3.416718560677439424e-16
9.054814853484776904e+03 3.479211196139075969e-16
9.056802792208753090e+03 3.443879554372817068e-16
9.058790730932727456e+03 3.345429270346683309e-16
9.060778669656701823e+03 3.311942759313876916e-16
9.062766608380678008e+03 3.402583401582087506e-16
9.064754547104652374e+03 3.403555887899067260e-16
9.066742485828628560e+03 3.266246142570259776e-16
9.068730424552602926e+03 3.214828755922207828e-16
9.070718363276577293e+03 3.274872363340426546e-16
9.072706302000553478e+03 3.400703929833535165e-16
9.074694240724529664e+03 3.448351682395803019e-16
9.076682179448504030e+03 3.342068648972202334e-16
9.078670118172478396e+03 3.234988394156181944e-16
9.080658056896454582e+03 3.420218679031162974e-16
9.082645995620428948e+03 3.498639209842603350e-16
9.084633934344405134e+03 3.260174455674927666e-16
9.086621873068379500e+03 3.264515138210482970e-16
9.088609811792355686e+03 3.367835959239683880e-16
9.090597750516330052e+03 3.317458905186616162e-16
9.092585689240306237e+03 3.266024677475423052e-16
9.094573627964280604e+03 3.326929329419379765e-16
9.096561566688254970e+03 3.260018898179196391e-16
9.098549505412231156e+03 3.171873523883737821e-16
9.100537444136207341e+03 3.314722042528615414e-16
9.102525382860181708e+03 3.367895665378744496e-16
9.104513321584156074e+03 3.132010369008853877e-16
9.106501260308132260e+03 3.185965359120561027e-16
9.108489199032106626e+03 3.370635455619565054e-16
9.110477137756082811e+03 3.296615410734317140e-16
9.112465076480057178e+03 3.315243987210268231e-16
9.114453015204033363e+03 3.328177006873408397e-16
9.116440953928007730e+03 3.207575103237657367e-16
9.118428892651983915e+03 3.286749907853285468e-16
9.120416831375958282e+03 3.378691626165506574e-16
9.122404770099932648e+03 3.239507356017914992e-16
9.124392708823908833e+03 3.194820548978582322e-16
9.126380647547885019e+03 3.114977026343107701e-16
9.128368586271859385e+03 3.018623165116227269e-16
9.130356524995833752e+03 3.117707827471826549e-16
9.132344463719809937e+03 3.059279692904890789e-16
9.134332402443784304e+03 2.917119884288329311e-16
9.136320341167760489e+03 3.063894745511938393e-16
9.138308279891734855e+03 3.277853883583565826e-16
9.140296218615711041e+03 3.204164264652357584e-16
9.142284157339685407e+03 3.099937749538497093e-16
9.144272096063661593e+03 3.059786737416558596e-16
9.146260034787635959e+03 3.024355756719853914e-16
9.148247973511610326e+03 2.996936285390852988e-16
9.150235912235586511e+03 2.883160489689377840e-16
9.152223850959562697e+03 2.802538748141859444e-16
9.154211789683537063e+03 2.904555696182894357e-16
9.156199728407511429e+03 3.004576177486845943e-16
9.158187667131487615e+03 2.998194977601526205e-16
9.160175605855461981e+03 2.855151701639485526e-16
9.162163544579438167e+03 2.896580123255039383e-16
9.164151483303412533e+03 2.880267020320394482e-16
9.166139422027386900e+03 2.839756294997071054e-16
9.168127360751363085e+03 2.825902846279543835e-16
9.170115299475339270e+03 2.831133205224770957e-16
9.172103238199313637e+03 2.699988564108467251e-16
9.174091176923288003e+03 2.731845919264674995e-16
9.176079115647264189e+03 2.894487501912368223e-16
9.178067054371238555e+03 2.889852098606890010e-16
9.180054993095214741e+03 2.771512363572145800e-16
9.182042931819189107e+03 2.644896789898127716e-16
9.184030870543165292e+03 2.686937805358139434e-16
9.186018809267139659e+03 2.837680322070846390e-16
9.188006747991115844e+03 2.880063928508688422e-16
9.189994686715090211e+03 2.860893392218588772e-16
9.191982625439064577e+03 2.800863836190097372e-16
9.193970564163040763e+03 2.767923071171170273e-16
9.195958502887016948e+03 2.892579079577083116e-16
9.197946441610991315e+03 2.925368889432910227e-16
9.199934380334965681e+03 2.848314796163861768e-16
9.201922319058941866e+03 2.919767314028326400e-16
9.203910257782916233e+03 2.864294721241489950e-16
9.205898196506892418e+03 2.843567485094693025e-16
9.207886135230866785e+03 2.927327980348564354e-16
9.209874073954842970e+03 2.919224338445760154e-16
9.211862012678817337e+03 2.900715428572019533e-16
9.213849951402793522e+03 2.992078182313270441e-16
9.215837890126767888e+03 2.964774061356256322e-16
9.217825828850742255e+03 3.047386231886032408e-16
9.219813767574718440e+03 3.086929366497090234e-16
9.221801706298694626e+03 3.051477466079390783e-16
9.223789645022668992e+03 3.022559258588842410e-16
9.225777583746643359e+03 3.051615368240868502e-16
9.227765522470619544e+03 3.042006961321797443e-16
9.229753461194593910e+03 3.017288908678126456e-16
9.231741399918570096e+03 3.004654939339733107e-16
9.233729338642544462e+03 3.041600421950715249e-16
9.235717277366520648e+03 3.079606883499659756e-16
9.237705216090495014e+03 3.156623420426348239e-16
9.239693154814471200e+03 3.189112635497476183e-16
9.241681093538445566e+03 3.138215444062800678e-16
9.243669032262419933e+03 3.101481359246620394e-16
9.245656970986396118e+03 3.051216616354086574e-16
9.247644909710372303e+03 3.047381089920598419e-16
9.249632848434346670e+03 3.006850295762665384e-16
9.251620787158321036e+03 3.071552882654768060e-16
9.253608725882297222e+03 3.080937472272567247e-16
9.255596664606271588e+03 3.121788848386076672e-16
9.257584603330247774e+03 3.091103547418892901e-16
9.259572542054222140e+03 3.090119752321723209e-16
9.261560480778196506e+03 3.116809251360389637e-16
9.263548419502172692e+03 3.200833806855242183e-16
9.265536358226148877e+03 3.197107914822943699e-16
9.267524296950123244e+03 3.168496449770070477e-16
9.269512235674097610e+03 3.104985604518184363e-16
9.271500174398073796e+03 3.127840081483609269e-16
9.273488113122048162e+03 3.156659532754242856e-16
9.275476051846024347e+03 3.102424720304440425e-16
9.277463990569998714e+03 2.940162366901208131e-16
9.279451929293974899e+03 3.057745548897562991e-16
9.281439868017949266e+03 3.123107924037117324e-16
9.283427806741925451e+03 2.874473713546544260e-16
9.285415745465899818e+03 2.920183161952395613e-16
9.287403684189874184e+03 3.115635944436472892e-16
9.289391622913850370e+03 3.062080154902928913e-16
9.291379561637826555e+03 2.997976467632455170e-16
9.293367500361800921e+03 2.973378618578258139e-16
9.295355439085775288e+03 2.986298149924906524e-16
9.297343377809751473e+03 2.957317104372307548e-16
9.299331316533725840e+03 2.972934528418934154e-16
9.301319255257702025e+03 2.964890739662544640e-16
9.303307193981676392e+03 3.093857322847756349e-16
9.305295132705652577e+03 2.880970412876345104e-16
9.307283071429626943e+03 2.660544631299833224e-16
9.309271010153603129e+03 2.914551202531522664e-16
9.311258948877577495e+03 3.151597438234755640e-16
9.313246887601551862e+03 2.665994105732219222e-16
9.315234826325528047e+03 2.480562370958854108e-16
9.317222765049504233e+03 2.858232799116797534e-16
9.319210703773478599e+03 3.031893769471169402e-16
9.321198642497452965e+03 2.704738311946739164e-16
9.323186581221429151e+03 2.410256202993200015e-16
9.325174519945403517e+03 2.627824705249422152e-16
9.327162458669379703e+03 3.006509438189678824e-16
9.329150397393354069e+03 2.953684393985993067e-16
9.331138336117330255e+03 2.659344759005583804e-16
9.333126274841304621e+03 2.441593185767853065e-16
9.335114213565280807e+03 2.670970801996237908e-16
9.337102152289255173e+03 2.734625447388758441e-16
9.339090091013229539e+03 2.740280762946830922e-16
9.341078029737205725e+03 2.679041608459097631e-16
9.343065968461181910e+03 2.617805169420046043e-16
9.345053907185156277e+03 2.556601212996689258e-16
9.347041845909130643e+03 2.495370197072157563e-16
9.349029784633106829e+03 2.434171938544524627e-16
9.351017723357081195e+03 2.372946336235623703e-16
9.353005662081057380e+03 2.300265271112046240e-16
9.354993600805031747e+03 2.505388065566867287e-16
9.356981539529006113e+03 2.482763181109593957e-16
9.358969478252982299e+03 2.904510725667535286e-16
9.360957416976958484e+03 2.983292049254870124e-16
9.362945355700932851e+03 2.566262111327200815e-16
9.364933294424907217e+03 2.405862033352941199e-16
9.366921233148883402e+03 2.499397837462244764e-16
9.368909171872857769e+03 2.294711216271366047e-16
9.370897110596833954e+03 2.502695411728703634e-16
9.372885049320808321e+03 2.908726742854033900e-16
9.374872988044784506e+03 2.505784498478579727e-16
9.376860926768758873e+03 2.116306565663383305e-16
9.378848865492735058e+03 2.163930320240482406e-16
9.380836804216709425e+03 2.544083832780403681e-16
9.382824742940683791e+03 2.943207140662269612e-16
9.384812681664659976e+03 2.548066310345101285e-16
9.386800620388636162e+03 2.588967714806935127e-16
9.388788559112610528e+03 2.918805963153089197e-16
9.390776497836584895e+03 2.712336216439198233e-16
9.392764436560561080e+03 2.657674240490471585e-16
9.394752375284535447e+03 2.660537472352786131e-16
9.396740314008511632e+03 2.555639302345298635e-16
9.398728252732485998e+03 2.468090594748113980e-16
9.400716191456462184e+03 2.585210403843348752e-16
9.402704130180436550e+03 2.637216954575921435e-16
9.404692068904412736e+03 2.669961991571984069e-16
9.406680007628387102e+03 2.531364363710975525e-16
9.408667946352361469e+03 2.312484265053008771e-16
9.410655885076337654e+03 2.581953008957951355e-16
9.412643823800313839e+03 2.753226672352871899e-16
9.414631762524288206e+03 2.629603702026816574e-16
9.416619701248262572e+03 2.523340528134734150e-16
9.418607639972238758e+03 2.673434278699890230e-16
9.420595578696213124e+03 2.577125346019770136e-16
9.422583517420189310e+03 2.583768538076937311e-16
9.424571456144163676e+03 2.252069328907411230e-16
9.426559394868139862e+03 1.873786649120786354e-16
9.428547333592114228e+03 2.337629470092065274e-16
9.430535272316090413e+03 2.681253779213163355e-16
9.432523211040064780e+03 2.742074311324802766e-16
9.434511149764039146e+03 2.558069846167358833e-16
9.436499088488015332e+03 2.172227509245441728e-16
9.438487027211991517e+03 2.011463917932027746e-16
9.440474965935965884e+03 2.179881417945276408e-16
9.442462904659940250e+03 2.494606444638364833e-16
9.444450843383916435e+03 2.647769885529327197e-16
9.446438782107890802e+03 2.552044362862082969e-16
9.448426720831866987e+03 2.446751259700870590e-16
9.450414659555841354e+03 2.451518668840561320e-16
9.452402598279815720e+03 2.254791633902224521e-16
9.454390537003791906e+03 2.086389409113487113e-16
9.456378475727768091e+03 2.366240460408219430e-16
9.458366414451742457e+03 2.054009734517031616e-16
9.460354353175716824e+03 2.097781230521156585e-16
9.462342291899693009e+03 2.589150310492544061e-16
9.464330230623667376e+03 2.458696740746761658e-16
9.466318169347643561e+03 2.229748068575079705e-16
9.468306108071617928e+03 2.212546229205578482e-16
9.470294046795594113e+03 2.453919018437427992e-16
9.472281985519568480e+03 2.285793945062173671e-16
9.474269924243544665e+03 2.140434734553072668e-16
9.476257862967519031e+03 2.423764803347737330e-16
9.478245801691493398e+03 2.166183716825616764e-16
9.480233740415469583e+03 1.891737357081953598e-16
9.482221679139445769e+03 2.348140414426875350e-16
9.484209617863420135e+03 2.471364593824364981e-16
9.486197556587394502e+03 2.333536592024330948e-16
9.488185495311370687e+03 2.403624303335402329e-16
9.490173434035345053e+03 2.287359045018834381e-16
9.492161372759321239e+03 1.914560831727903022e-16
9.494149311483295605e+03 2.078593303655108726e-16
9.496137250207271791e+03 2.196507595688613506e-16
9.498125188931246157e+03 1.931776502839531398e-16
9.500113127655222343e+03 1.839124724801418942e-16
9.502101066379196709e+03 2.292104450048498674e-16
9.504089005103171075e+03 2.366998281247932809e-16
9.506076943827147261e+03 2.252008805243616422e-16
9.508064882551123446e+03 2.245708317614268245e-16
9.510052821275097813e+03 2.210009837574886193e-16
9.512040759999072179e+03 2.166755303951127619e-16
9.514028698723048365e+03 2.037273925553019699e-16
9.516016637447022731e+03 1.904205134452127938e-16
9.518004576170998916e+03 2.036432081429763710e-16
9.519992514894973283e+03 2.006768918267782704e-16
9.521980453618949468e+03 2.019489577083158534e-16
9.523968392342923835e+03 2.133627743336484521e-16
9.525956331066900020e+03 2.005867045995975973e-16
9.527944269790874387e+03 2.016118025999756530e-16
9.529932208514848753e+03 2.202480640835029857e-16
9.531920147238824939e+03 2.246962686963354335e-16
9.533908085962801124e+03 2.126084414993560007e-16
9.535896024686775490e+03 2.138322483544576776e-16
9.537883963410749857e+03 2.297282906281231987e-16
9.539871902134726042e+03 2.184616055726182167e-16
9.541859840858700409e+03 2.019343172990221500e-16
9.543847779582676594e+03 2.049292223189706227e-16
9.545835718306650961e+03 2.266830328250009443e-16
9.547823657030625327e+03 2.305260578499719684e-16
9.549811595754601512e+03 2.186982662879037316e-16
9.551799534478577698e+03 1.999276189701293789e-16
9.553787473202552064e+03 1.905598157160644195e-16
9.555775411926526431e+03 2.006630116373994249e-16
9.557763350650502616e+03 2.198376402471780222e-16
9.559751289374476983e+03 2.279660540242837864e-16
9.561739228098453168e+03 2.051144884451270765e-16
9.563727166822427534e+03 1.973931796811781014e-16
9.565715105546403720e+03 2.122577745585755285e-16
9.567703044270378086e+03 2.240428246838199857e-16
9.569690982994354272e+03 2.232317163846397887e-16
9.571678921718328638e+03 2.383170151919442946e-16
9.573666860442303005e+03 2.428985286822530508e-16
9.575654799166279190e+03 2.371064895949904909e-16
9.577642737890255376e+03 2.189208171753403169e-16
9.579630676614229742e+03 2.046740286777921299e-16
9.581618615338204108e+03 2.287390509740607138e-16
9.583606554062180294e+03 2.382047062919920974e-16
9.585594492786154660e+03 2.263967536522148567e-16
9.587582431510130846e+03 2.051796188092709731e-16
9.589570370234105212e+03 2.044345216834477105e-16
9.591558308958081398e+03 2.243585528690593798e-16
9.593546247682055764e+03 2.404912829759420249e-16
9.595534186406031949e+03 2.345976801042806862e-16
9.597522125130006316e+03 2.322667164600313811e-16
9.599510063853980682e+03 2.490970241981614829e-16
9.601498002577956868e+03 2.488296556180140503e-16
9.603485941301933053e+03 2.288946768093431107e-16
9.605473880025907420e+03 2.384105777955635579e-16
9.607461818749881786e+03 2.427972155239434958e-16
9.609449757473857971e+03 2.479943898745418405e-16
9.611437696197832338e+03 2.485771276689874291e-16
9.613425634921808523e+03 2.370743144817849817e-16
9.615413573645782890e+03 2.658813359378831394e-16
9.617401512369757256e+03 2.599067107738794680e-16
9.619389451093733442e+03 2.367962193818727657e-16
9.621377389817709627e+03 2.415077011032494616e-16
9.623365328541683994e+03 2.532193984361322242e-16
9.625353267265658360e+03 2.512284818294225940e-16
9.627341205989634545e+03 2.605557580424837315e-16
9.629329144713608912e+03 2.650005835117807801e-16
9.631317083437585097e+03 2.724811142236017546e-16
9.633305022161559464e+03 2.547991394582617796e-16
9.635292960885535649e+03 2.320582539868919094e-16
9.637280899609510016e+03 2.460609991166779970e-16
9.639268838333486201e+03 2.540158740425224795e-16
9.641256777057460567e+03 2.568485932834184844e-16
9.643244715781434934e+03 2.378218046511098045e-16
9.645232654505411119e+03 2.377346853677216577e-16
9.647220593229387305e+03 2.567716157350252253e-16
9.649208531953361671e+03 2.601484157732288734e-16
9.651196470677336038e+03 2.521031361407870115e-16
9.653184409401312223e+03 2.579676152171307737e-16
9.655172348125286589e+03 2.556976255503961198e-16
9.657160286849262775e+03 2.612259237126981708e-16
9.659148225573237141e+03 2.518730313156153646e-16
9.661136164297213327e+03 2.387917616366826152e-16
9.663124103021187693e+03 2.493274756609729562e-16
9.665112041745163879e+03 2.548085302709504114e-16
9.667099980469138245e+03 2.471228780519202558e-16
9.669087919193112612e+03 2.423416912640960576e-16
9.671075857917088797e+03 2.545067108154415426e-16
9.673063796641064982e+03 2.569684173283627519e-16
9.675051735365039349e+03 2.521830463217989458e-16
9.677039674089013715e+03 2.462263753215163068e-16
9.679027612812989901e+03 2.344119216440036256e-16
9.681015551536964267e+03 2.437128383048437221e-16
9.683003490260940453e+03 2.506573031568242335e-16
9.684991428984914819e+03 2.499736941826364878e-16
9.686979367708891004e+03 2.515948949036193098e-16
9.688967306432865371e+03 2.503093226853848691e-16
9.690955245156841556e+03 2.484357464670637325e-16
9.692943183880815923e+03 2.567941370093002384e-16
9.694931122604790289e+03 2.530932540220760974e-16
9.696919061328766475e+03 2.456386885208629485e-16
9.698907000052742660e+03 2.382144162977421806e-16
9.700894938776717026e+03 2.348820383512288997e-16
9.702882877500691393e+03 2.430471598956676171e-16
9.704870816224667578e+03 2.417840573551272384e-16
9.706858754948641945e+03 2.373122289275029705e-16
9.708846693672618130e+03 2.365074868163272181e-16
9.710834632396592497e+03 2.438625875732664526e-16
9.712822571120566863e+03 2.376807769361739513e-16
9.714810509844543049e+03 2.400329638148467195e-16
9.716798448568519234e+03 2.549531114860531297e-16
9.718786387292493600e+03 2.536883442837514620e-16
9.720774326016467967e+03 2.468803776954644593e-16
9.722762264740444152e+03 2.433192222712460354e-16
9.724750203464418519e+03 2.405917598364748627e-16
9.726738142188394704e+03 2.407858877844943184e-16
9.728726080912369071e+03 2.378838727340645708e-16
9.730714019636345256e+03 2.372519067431245067e-16
9.732701958360319622e+03 2.316400238974092100e-16
9.734689897084295808e+03 2.230210750312909831e-16
9.736677835808270174e+03 2.341586620925290227e-16
9.738665774532244541e+03 2.437613232256204897e-16
9.740653713256220726e+03 2.347716285701641381e-16
9.742641651980196912e+03 2.302426786656270673e-16
9.744629590704171278e+03 2.374680518086792774e-16
9.746617529428145644e+03 2.369337070671845711e-16
9.748605468152121830e+03 2.416687750911735498e-16
9.750593406876096196e+03 2.407776368283022657e-16
9.752581345600072382e+03 2.427095884763932868e-16
9.754569284324046748e+03 2.429937608947028104e-16
9.756557223048022934e+03 2.378525966345458632e-16
9.758545161771997300e+03 2.382150451935142935e-16
9.760533100495973486e+03 2.400019712826191470e-16
9.762521039219947852e+03 2.330153518942263019e-16
9.764508977943922218e+03 2.387652468315060066e-16
9.766496916667898404e+03 2.392613730330390981e-16
9.768484855391874589e+03 2.489689526217521728e-16
9.770472794115848956e+03 2.432505245032689930e-16
9.772460732839823322e+03 2.376228842483831182e-16
9.774448671563799508e+03 2.406336160770411786e-16
9.776436610287773874e+03 2.428840798537359875e-16
9.778424549011750059e+03 2.446261711424827870e-16
9.780412487735724426e+03 2.465991311984652576e-16
9.782400426459700611e+03 2.425244382473367307e-16
9.784388365183674978e+03 2.514387827601186219e-16
9.786376303907651163e+03 2.529998173426167791e-16
9.788364242631625530e+03 2.531274943098827772e-16
9.790352181355599896e+03 2.484913211072154165e-16
9.792340120079576081e+03 2.487499979129850523e-16
9.794328058803552267e+03 2.523796760843819366e-16
9.796315997527526633e+03 2.539668033866178768e-16
9.798303936251501000e+03 2.444471632909848899e-16
9.800291874975477185e+03 2.460686015188767101e-16
9.802279813699451552e+03 2.491102002762808147e-16
9.804267752423427737e+03 2.570191770829170452e-16
9.806255691147402104e+03 2.553662111738150559e-16
9.808243629871376470e+03 2.596072118950105427e-16
9.810231568595352655e+03 2.628388059685988348e-16
9.812219507319328841e+03 2.586940256016967865e-16
9.814207446043303207e+03 2.656395107924659531e-16
9.816195384767277574e+03 2.638063681760399952e-16
9.818183323491253759e+03 2.650150026970651728e-16
9.820171262215228126e+03 2.677327764862514234e-16
9.822159200939204311e+03 2.606015011458241237e-16
9.824147139663178677e+03 2.643868911110648909e-16
9.826135078387154863e+03 2.673719694490745659e-16
9.828123017111129229e+03 2.661858674961122933e-16
9.830110955835105415e+03 2.625761748713220617e-16
9.832098894559079781e+03 2.641481589365139328e-16
9.834086833283054148e+03 2.788513300643305638e-16
9.836074772007030333e+03 2.713209225428209680e-16
9.838062710731006518e+03 2.706760346626414807e-16
9.840050649454980885e+03 2.707307573715837245e-16
9.842038588178955251e+03 2.684352699973988724e-16
9.844026526902931437e+03 2.763052796032486289e-16
9.846014465626905803e+03 2.816496850400496386e-16
9.848002404350881989e+03 2.810480385921269527e-16
9.849990343074856355e+03 2.800656328828169712e-16
9.851978281798832541e+03 2.877071331435004336e-16
9.853966220522806907e+03 2.761178005209948425e-16
9.855954159246783092e+03 2.778971134172620363e-16
9.857942097970757459e+03 2.813651094219082506e-16
9.859930036694731825e+03 2.747940464664864922e-16
9.861917975418708011e+03 2.790524844265191398e-16
9.863905914142684196e+03 2.853773008273701933e-16
9.865893852866658563e+03 2.871209182309652219e-16
9.867881791590632929e+03 2.845309292044547222e-16
9.869869730314609114e+03 2.848663760682253394e-16
9.871857669038583481e+03 2.781370120733145681e-16
9.873845607762559666e+03 2.913595891523620451e-16
9.875833546486534033e+03 2.959297907173738832e-16
9.877821485210510218e+03 2.871026411222683708e-16
9.879809423934484585e+03 2.842730323097050843e-16
9.881797362658460770e+03 2.843392934717645980e-16
9.883785301382435136e+03 2.859534824072368170e-16
9.885773240106409503e+03 2.828658804112351636e-16
9.887761178830385688e+03 2.842352138738740231e-16
9.889749117554361874e+03 2.836654045215112623e-16
9.891737056278336240e+03 2.885945504095361439e-16
9.893724995002310607e+03 2.982514251760484657e-16
9.895712933726286792e+03 2.953680724046523124e-16
9.897700872450261159e+03 2.996991830273397771e-16
9.899688811174237344e+03 2.910861143533421416e-16
9.901676749898211710e+03 2.940275418723695099e-16
9.903664688622186077e+03 2.909599112184227015e-16
9.905652627346162262e+03 2.932798870341845138e-16
9.907640566070138448e+03 2.991062026353289762e-16
9.909628504794112814e+03 3.016300942267091039e-16
9.911616443518087181e+03 2.917551836004169458e-16
9.913604382242063366e+03 2.905945001353739379e-16
9.915592320966037732e+03 2.855511454284438831e-16
9.917580259690013918e+03 2.897497301014350129e-16
9.919568198413988284e+03 2.862871607977057441e-16
9.921556137137964470e+03 2.862533216404585485e-16
9.923544075861938836e+03 2.969773828024265162e-16
9.925532014585915022e+03 3.003841906265285627e-16
9.927519953309889388e+03 2.970975536424780441e-16
9.929507892033863754e+03 3.020654036244083987e-16
9.931495830757839940e+03 2.959574613813679658e-16
9.933483769481816125e+03 2.885580435966347473e-16
9.935471708205790492e+03 2.816483681635174641e-16
9.937459646929764858e+03 2.895271713164025241e-16
9.939447585653741044e+03 2.849964122354818744e-16
9.941435524377715410e+03 2.783988410624630215e-16
9.943423463101691596e+03 2.763174746520905805e-16
9.945411401825665962e+03 2.764634892334285298e-16
9.947399340549642147e+03 2.712188680530741318e-16
9.949387279273616514e+03 2.639046268968971162e-16
9.951375217997592699e+03 2.650996604914285633e-16
9.953363156721567066e+03 2.670073887372142911e-16
9.955351095445541432e+03 2.658809452014187908e-16
9.957339034169517618e+03 2.673566696060870675e-16
9.959326972893493803e+03 2.647895220693818319e-16
9.961314911617468169e+03 2.575691095686364849e-16
9.963302850341442536e+03 2.607691097933099701e-16
9.965290789065418721e+03 2.650379948014665177e-16
9.967278727789393088e+03 2.611034040175272578e-16
9.969266666513369273e+03 2.475737660326087784e-16
9.971254605237343640e+03 2.413930081638652683e-16
9.973242543961319825e+03 2.447811170015495119e-16
9.975230482685294191e+03 2.442520109863259618e-16
9.977218421409270377e+03 2.349629647804403226e-16
9.979206360133244743e+03 2.369151090220052110e-16
9.981194298857219110e+03 2.371782372936749707e-16
9.983182237581195295e+03 2.363496810112325540e-16
9.985170176305171481e+03 2.365084539338086868e-16
9.987158115029145847e+03 2.336576729661794813e-16
9.989146053753120214e+03 2.292335259990163946e-16
9.991133992477096399e+03 2.275494741358868088e-16
9.993121931201070765e+03 2.297296734817815210e-16
9.995109869925046951e+03 2.278907003170933038e-16
9.997097808649021317e+03 2.282006094152652150e-16
9.999085747372995684e+03 2.276490022432029906e-16
1.000107368609697187e+04 2.159942826453466637e-16
1.000306162482094805e+04 2.104085842020713947e-16
1.000504956354492242e+04 2.122206197048380898e-16
1.000703750226889679e+04 2.088509798624151173e-16
1.000902544099287297e+04 2.079897433214805753e-16
1.001101337971684734e+04 2.155245980516035777e-16
1.001300131844082352e+04 2.159423440355779635e-16
1.001498925716479789e+04 2.160818950605679827e-16
1.001697719588877408e+04 2.086988829349354014e-16
1.001896513461274844e+04 2.111904437275640614e-16
1.002095307333672463e+04 2.101338258467727140e-16
1.002294101206069899e+04 2.151871681822178753e-16
1.002492895078467336e+04 2.161022331727714130e-16
1.002691688950864955e+04 2.116300178314119750e-16
1.002890482823262573e+04 2.062510471484238565e-16
1.003089276695660010e+04 2.075060973199899100e-16
1.003288070568057447e+04 2.032592886752557530e-16
1.003486864440455065e+04 2.066920722772327146e-16
1.003685658312852502e+04 2.076859811219353713e-16
1.003884452185250120e+04 1.981448608707258960e-16
1.004083246057647557e+04 1.991598649552636395e-16
1.004282039930045175e+04 1.993628392173096197e-16
1.004480833802442612e+04 1.999431426601452492e-16
1.004679627674840231e+04 1.962400593843662678e-16
1.004878421547237667e+04 1.989202365789446859e-16
1.005077215419635104e+04 2.061702834748772934e-16
1.005276009292032722e+04 1.999917189867515374e-16
1.005474803164430341e+04 2.075586122326436182e-16
1.005673597036827778e+04 2.004913212222802547e-16
1.005872390909225214e+04 2.036384915843214873e-16
1.006071184781622833e+04 2.044082802930600429e-16
1.006269978654020269e+04 2.072509430230625241e-16
1.006468772526417888e+04 2.062622953203787521e-16
1.006667566398815325e+04 2.043812403258105274e-16
1.006866360271212943e+04 2.045226309792196119e-16
1.007065154143610380e+04 1.990382480255439628e-16
1.007263948016007998e+04 1.905651408721331321e-16
1.007462741888405435e+04 1.966679524329616859e-16
1.007661535760802872e+04 1.954217005615946074e-16
1.007860329633200490e+04 1.981428257388964871e-16
1.008059123505598109e+04 2.010679215475533152e-16
1.008257917377995545e+04 1.967769706531980478e-16
1.008456711250392982e+04 2.045396788290756392e-16
1.008655505122790601e+04 2.014057006754157928e-16
1.008854298995188037e+04 2.043352768468309561e-16
1.009053092867585656e+04 2.042115768817051513e-16
1.009251886739983092e+04 2.044847090557489893e-16
1.009450680612380529e+04 2.026560041179467435e-16
1.009649474484778148e+04 1.911032624217463722e-16
1.009848268357175766e+04 1.981411557636310284e-16
1.010047062229573203e+04 2.027844403666122617e-16
1.010245856101970639e+04 2.014402049294634234e-16
1.010444649974368258e+04 1.983057821239281964e-16
1.010643443846765695e+04 2.006736218907932453e-16
1.010842237719163313e+04 2.013932600289107754e-16
1.011041031591560750e+04 2.117754709981653647e-16
1.011239825463958368e+04 2.029374030580669758e-16
1.011438619336355805e+04 2.038690138427732991e-16
1.011637413208753424e+04 2.013692323654539266e-16
1.011836207081150860e+04 2.120175627642474362e-16
1.012035000953548297e+04 2.198394037412953119e-16
1.012233794825945915e+04 2.146513243637801599e-16
