3.200000000000000000e+03 -5.353783033357696752e-16
3.202102102102101981e+03 -5.710221982900252210e-16
3.204204204204204416e+03 -3.448126592621721736e-16
3.206306306306306396e+03 -1.221971551219852479e-16
3.208408408408408377e+03 1.358994285289143641e-16
3.210510510510510358e+03 1.307079676388048134e-16
3.212612612612612793e+03 -2.551038894609498800e-16
3.214714714714714773e+03 -3.484601379547395306e-16
3.216816816816816754e+03 -3.780063138027366962e-17
3.218918918918918735e+03 2.545033141696175870e-16
3.221021021021021170e+03 -1.348137470795836865e-16
3.223123123123123150e+03 -5.528430629342097173e-16
3.225225225225225131e+03 -3.147245794061817641e-17
3.227327327327327112e+03 1.101779060672515138e-16
3.229429429429429547e+03 1.764584639792646159e-16
3.231531531531531527e+03 7.264003895179121213e-17
3.233633633633633508e+03 7.445461046502673928e-17
3.235735735735735489e+03 -6.728774240336146210e-17
3.237837837837837924e+03 -1.510429233637488281e-16
3.239939939939939904e+03 -1.350403584982277509e-16
3.242042042042041885e+03 2.264827755224592026e-16
3.244144144144144320e+03 2.401569249228546819e-16
3.246246246246246301e+03 6.506050391316653894e-18
3.248348348348348281e+03 -1.280792779283382429e-16
3.250450450450450262e+03 -1.374504706597468173e-16
3.252552552552552697e+03 1.351774403138899748e-16
3.254654654654654678e+03 -6.675905134857436745e-17
3.256756756756756658e+03 -1.364881928050990600e-16
3.258858858858858639e+03 1.622082075958320966e-17
3.260960960960961074e+03 -1.597477809599428710e-17
3.263063063063063055e+03 -8.781249581467115013e-17
3.265165165165165035e+03 2.191439414916753555e-16
3.267267267267267016e+03 5.310564247080696078e-17
3.269369369369369451e+03 1.742069685178133897e-17
3.271471471471471432e+03 9.869749895501997022e-17
3.273573573573573412e+03 3.969519303139958837e-17
3.275675675675675393e+03 1.235840215075486585e-16
3.277777777777777828e+03 7.977433138258758385e-17
3.279879879879879809e+03 2.521592627741237709e-17
3.281981981981981789e+03 -3.408956399825859559e-17
3.284084084084083770e+03 1.156000727644640227e-16
3.286186186186186205e+03 1.720674095099553423e-16
3.288288288288288186e+03 -4.655367663924892784e-17
3.290390390390390166e+03 -1.321152104287468040e-16
3.292492492492492602e+03 -2.005627557404567659e-16
3.294594594594594582e+03 6.580862285453262162e-17
3.296696696696696563e+03 -4.305279484130039620e-18
3.298798798798798543e+03 -4.158222851572434870e-17
3.300900900900900979e+03 1.924046723262578007e-16
3.303003003003002959e+03 1.946178250493737610e-16
3.305105105105104940e+03 2.898972335544042482e-17
3.307207207207206920e+03 -5.119269272777732031e-17
3.309309309309309356e+03 -1.862581804869130299e-16
3.311411411411411336e+03 -1.363907883856024578e-16
3.313513513513513317e+03 1.524820367967941716e-16
3.315615615615615297e+03 2.594974770065861769e-16
3.317717717717717733e+03 5.350851421184551668e-16
3.319819819819819713e+03 2.954758904412957635e-16
3.321921921921921694e+03 -1.616606145898477080e-16
3.324024024024023674e+03 -2.631515121056967712e-16
3.326126126126126110e+03 -1.855854663426242039e-16
3.328228228228228090e+03 3.006841264119391499e-17
3.330330330330330071e+03 8.827079292757957892e-17
3.332432432432432506e+03 9.238224330815912989e-17
3.334534534534534487e+03 2.592170706033591635e-17
3.336636636636636467e+03 1.411602041745452033e-17
3.338738738738738448e+03 -4.897859604911646244e-17
3.340840840840840883e+03 5.908856974668143067e-17
3.342942942942942864e+03 8.020744244516962396e-17
3.345045045045044844e+03 4.571824372844386012e-17
3.347147147147146825e+03 -8.373241609513864480e-17
3.349249249249249260e+03 -6.798247726896686863e-17
3.351351351351351241e+03 1.387678544708964723e-16
3.353453453453453221e+03 1.754696008934667382e-16
3.355555555555555202e+03 6.472598064778101123e-17
3.357657657657657637e+03 2.334412802029264995e-16
3.359759759759759618e+03 2.568210664814011106e-16
3.361861861861861598e+03 1.903282129007429962e-16
3.363963963963963579e+03 1.360739234978743633e-17
3.366066066066066014e+03 -9.887382846365213751e-17
3.368168168168167995e+03 4.493509129202124515e-17
3.370270270270269975e+03 7.907701186377380992e-17
3.372372372372372411e+03 1.851882381354832878e-17
3.374474474474474391e+03 8.050774394398382725e-18
3.376576576576576372e+03 -5.621190709975589594e-17
3.378678678678678352e+03 7.172079631085030397e-17
3.380780780780780788e+03 -2.711826616000067345e-18
3.382882882882882768e+03 5.692006224477961890e-17
3.384984984984984749e+03 1.177695422061405833e-16
3.387087087087086729e+03 1.425094638785442636e-16
3.389189189189189165e+03 1.887863458468023375e-17
3.391291291291291145e+03 -4.810996484241604308e-17
3.393393393393393126e+03 -1.449990154022876002e-16
3.395495495495495106e+03 -1.725090633779029764e-16
3.397597597597597542e+03 1.051684355491711662e-16
3.399699699699699522e+03 2.139598768631193441e-17
3.401801801801801503e+03 -7.490041253341481077e-17
3.403903903903903483e+03 -9.241373525028644753e-17
3.406006006006005919e+03 3.151779996915898020e-18
3.408108108108107899e+03 -5.198525951527024015e-17
3.410210210210209880e+03 -3.950531625219732176e-17
3.412312312312312315e+03 4.820466608659889314e-17
3.414414414414414296e+03 9.633339925776955885e-17
3.416516516516516276e+03 1.178594381916946730e-16
3.418618618618618257e+03 1.981309992403688016e-16
3.420720720720720692e+03 1.621769886263249554e-16
3.422822822822822673e+03 3.863535679154479802e-17
3.424924924924924653e+03 -1.977643468425287797e-17
3.427027027027026634e+03 -1.607267186778848441e-17
3.429129129129129069e+03 5.012360579532209458e-17
3.431231231231231050e+03 5.457920045136766555e-17
3.433333333333333030e+03 6.177843531651282523e-17
3.435435435435435011e+03 5.966457449231147506e-18
3.437537537537537446e+03 -1.149154169855950829e-16
3.439639639639639427e+03 9.916758677968549131e-18
3.441741741741741407e+03 -1.781385405050172705e-17
3.443843843843843388e+03 3.228742816918310478e-17
3.445945945945945823e+03 1.416278643478508696e-16
3.448048048048047804e+03 1.366562853168866970e-16
3.450150150150149784e+03 4.216745320601168775e-17
3.452252252252252219e+03 -4.528771853771781723e-19
3.454354354354354200e+03 4.922108582841058572e-17
3.456456456456456181e+03 6.101749196083355053e-17
3.458558558558558161e+03 1.273413545292552619e-17
3.460660660660660596e+03 -6.140340046796423382e-17
3.462762762762762577e+03 1.165761350455138661e-16
3.464864864864864558e+03 1.502936676382791845e-16
3.466966966966966538e+03 9.947821934634341738e-18
3.469069069069068973e+03 -2.807734500393371772e-18
3.471171171171170954e+03 2.131471144690752491e-17
3.473273273273272935e+03 6.939388585898894623e-17
3.475375375375374915e+03 1.046933716662731020e-16
3.477477477477477350e+03 7.764834369423683219e-17
3.479579579579579331e+03 1.138400836427140311e-17
3.481681681681681312e+03 7.420038123336478657e-18
3.483783783783783292e+03 1.353897107553462680e-16
3.485885885885885727e+03 6.906234210712586329e-17
3.487987987987987708e+03 -2.661682011411534691e-17
3.490090090090089689e+03 -5.934307876370199670e-18
3.492192192192192124e+03 3.254211020340225323e-17
3.494294294294294104e+03 3.094424251976702757e-17
3.496396396396396085e+03 -2.906446540995869402e-17
3.498498498498498066e+03 -2.844190635811594628e-17
3.500600600600600501e+03 -7.022021756367990152e-18
3.502702702702702481e+03 3.862987698136870635e-17
3.504804804804804462e+03 6.962532392970181235e-17
3.506906906906906443e+03 3.472911724398882368e-17
3.509009009009008878e+03 3.701567449116197867e-17
3.511111111111110858e+03 9.728931176935346714e-17
3.513213213213212839e+03 -2.916144156909689992e-17
3.515315315315314820e+03 -1.837047485709772461e-17
3.517417417417417255e+03 -2.045504492239998286e-17
3.519519519519519235e+03 5.590243349219348854e-17
3.521621621621621216e+03 4.918601268054090167e-18
3.523723723723723197e+03 -2.388469931998304533e-18
3.525825825825825632e+03 -2.322306947813711710e-17
3.527927927927927612e+03 -6.158990813880050298e-17
3.530030030030029593e+03 3.080620592504692534e-17
3.532132132132132028e+03 1.010478641345401955e-16
3.534234234234234009e+03 1.157615422763170605e-16
3.536336336336335989e+03 9.105097929963897543e-17
3.538438438438437970e+03 5.532077793556313947e-17
3.540540540540539951e+03 -6.722876786575750086e-18
3.542642642642642386e+03 -9.974985917172239989e-18
3.544744744744744366e+03 2.983069906170281876e-17
3.546846846846846347e+03 9.511606494246500814e-17
3.548948948948948782e+03 6.052535244611957302e-17
3.551051051051050763e+03 7.765950386587387214e-17
3.553153153153152743e+03 5.859543640193389684e-17
3.555255255255254724e+03 1.134104446887594347e-17
3.557357357357357159e+03 -5.647005699199716700e-17
3.559459459459459140e+03 -1.083010815082728672e-17
3.561561561561561120e+03 8.693725109974133997e-17
3.563663663663663101e+03 6.581651188766442426e-17
3.565765765765765536e+03 1.246265385194680415e-17
3.567867867867867517e+03 -2.263773366474418528e-17
3.569969969969969497e+03 -2.319014398087924854e-17
3.572072072072071933e+03 1.110959223000304254e-17
3.574174174174173913e+03 6.592470621505668883e-17
3.576276276276275894e+03 1.097014629048682368e-16
3.578378378378377874e+03 1.366711043452214707e-16
3.580480480480479855e+03 9.104344724110236322e-17
3.582582582582582290e+03 4.369883096736525804e-17
3.584684684684684271e+03 -4.507190520109883206e-17
3.586786786786786251e+03 1.067279098849791545e-17
3.588888888888888687e+03 2.472353946903244337e-17
3.590990990990990667e+03 8.380037616819714038e-17
3.593093093093092648e+03 1.445216847758104362e-16
3.595195195195194628e+03 9.591265977512954511e-17
3.597297297297297064e+03 2.631370048267924861e-17
3.599399399399399044e+03 6.726653283869906958e-18
3.601501501501501025e+03 4.529286846419797413e-17
3.603603603603603005e+03 2.500599611274789528e-17
3.605705705705705441e+03 2.777007153883958275e-17
3.607807807807807421e+03 2.840676254003104199e-17
3.609909909909909402e+03 8.800911648801476538e-17
3.612012012012011837e+03 1.343824502843832264e-16
3.614114114114113818e+03 6.512092808589789464e-17
3.616216216216215798e+03 6.883864190338437240e-17
3.618318318318317779e+03 4.312631334763439754e-17
3.620420420420419759e+03 7.490931978146847515e-17
3.622522522522522195e+03 3.325742088718175452e-17
3.624624624624624175e+03 -1.399676860596854022e-18
3.626726726726726156e+03 1.827022638631903318e-17
3.628828828828828591e+03 3.277845292851293630e-17
3.630930930930930572e+03 5.737629448072903934e-17
3.633033033033032552e+03 4.972422188124744703e-17
3.635135135135134533e+03 5.267157259187228924e-17
3.637237237237236968e+03 2.810159850738159330e-17
3.639339339339338949e+03 6.035088109541073574e-17
3.641441441441440929e+03 6.411356582313063227e-17
3.643543543543542910e+03 7.998630005995062558e-17
3.645645645645645345e+03 4.312703242308464628e-17
3.647747747747747326e+03 2.626461544984569255e-17
3.649849849849849306e+03 3.501409953948201245e-17
3.651951951951951742e+03 3.683408224405986364e-17
3.654054054054053722e+03 2.998078358923910521e-17
3.656156156156155703e+03 2.272643630608819746e-17
3.658258258258257683e+03 7.708645858988225980e-17
3.660360360360359664e+03 3.228928649302271721e-17
3.662462462462462099e+03 -1.055065409280802887e-18
3.664564564564564080e+03 3.657533540673083066e-17
3.666666666666666060e+03 8.192944928232420931e-17
3.668768768768768496e+03 1.194049841988403267e-16
3.670870870870870476e+03 1.082661471363620160e-16
3.672972972972972457e+03 7.177397723895060970e-17
3.675075075075074437e+03 9.319956304928397041e-18
3.677177177177176873e+03 -2.981050564280934994e-18
3.679279279279278853e+03 3.711548309959605283e-17
3.681381381381380834e+03 8.743908017874253447e-17
3.683483483483482814e+03 1.280423541768967146e-16
3.685585585585585250e+03 9.342772540609861702e-17
3.687687687687687230e+03 6.727050960497462391e-17
3.689789789789789211e+03 5.690318905400810008e-17
3.691891891891891646e+03 3.160201740937995344e-17
3.693993993993993627e+03 3.646969734235874814e-17
3.696096096096095607e+03 8.783143070020481256e-17
3.698198198198197588e+03 9.657968402416414933e-17
3.700300300300299568e+03 5.836689436734566233e-17
3.702402402402402004e+03 1.356313797783966440e-17
3.704504504504503984e+03 6.040719887193865083e-18
3.706606606606605965e+03 3.845365288879353901e-17
3.708708708708708400e+03 5.162925405823289014e-17
3.710810810810810381e+03 3.057319231380706008e-17
3.712912912912912361e+03 3.009338486061983368e-17
3.715015015015014342e+03 6.800105851833963287e-17
3.717117117117116322e+03 8.629580773652615719e-17
3.719219219219218758e+03 4.664413062306578740e-17
3.721321321321320738e+03 -8.114854189353071033e-18
3.723423423423422719e+03 5.824887748014013320e-18
3.725525525525525154e+03 9.308545062924951299e-17
3.727627627627627135e+03 1.040601550196045671e-16
3.729729729729729115e+03 5.181539682954150812e-17
3.731831831831831551e+03 2.203904004418677413e-17
3.733933933933933531e+03 8.242946559289912703e-18
3.736036036036035512e+03 1.016531450791215238e-17
3.738138138138137492e+03 5.457342974606183081e-18
3.740240240240239473e+03 3.006311643895295147e-17
3.742342342342341908e+03 9.141825438216514542e-17
3.744444444444443889e+03 1.267031533433873331e-16
3.746546546546545869e+03 1.062625811285951978e-16
3.748648648648648305e+03 1.059178139351306810e-16
3.750750750750750285e+03 9.405161278703523753e-17
3.752852852852852266e+03 6.686343421581440328e-17
3.754954954954954246e+03 6.530339208323637910e-17
3.757057057057056227e+03 8.552948722308684670e-17
3.759159159159158662e+03 7.103081217935204720e-17
3.761261261261260643e+03 2.332565565599882019e-17
3.763363363363362623e+03 4.270454275404528164e-17
3.765465465465465059e+03 3.791550134108272866e-17
3.767567567567567039e+03 5.050918375985815352e-17
3.769669669669669020e+03 1.046773561433666507e-17
3.771771771771771455e+03 -5.926087473719908156e-18
3.773873873873873436e+03 1.767157763881930035e-17
3.775975975975975416e+03 2.603386314593823147e-17
3.778078078078077397e+03 1.344134105521527395e-17
3.780180180180179377e+03 -1.479154826699876938e-17
3.782282282282281813e+03 -1.172921269119372932e-17
3.784384384384383793e+03 -4.288854279949668131e-18
3.786486486486485774e+03 7.122243156356802353e-18
3.788588588588588209e+03 1.917205886024159007e-17
3.790690690690690190e+03 4.942680976949649294e-17
3.792792792792792170e+03 7.805139231541613966e-17
3.794894894894894151e+03 5.759884001039282431e-17
3.796996996996996131e+03 5.081611100107018647e-17
3.799099099099098567e+03 6.190708147375810276e-17
3.801201201201200547e+03 7.010262142879932179e-17
3.803303303303302528e+03 4.574723710234550570e-17
3.805405405405404963e+03 1.836108405075750947e-17
3.807507507507506944e+03 1.664750521055547057e-17
3.809609609609608924e+03 4.566372722137828450e-17
3.811711711711711359e+03 6.341948328763565393e-17
3.813813813813813340e+03 3.876165020197629666e-17
3.815915915915915321e+03 4.057552344228271261e-17
3.818018018018017301e+03 1.972553920000824973e-17
3.820120120120119282e+03 8.571842926117671444e-19
3.822222222222221717e+03 1.270318796898182899e-17
3.824324324324323698e+03 3.424192502373151340e-17
3.826426426426425678e+03 2.415046654553289704e-17
3.828528528528528113e+03 3.612430800154359164e-17
3.830630630630630094e+03 5.427222774850745353e-17
3.832732732732732075e+03 9.917391986451256166e-17
3.834834834834834055e+03 1.074168206925537794e-16
3.836936936936936036e+03 5.509665359745726068e-17
3.839039039039038471e+03 3.140184732362102099e-17
3.841141141141140452e+03 4.244598269861676767e-17
3.843243243243242432e+03 4.751731905423770686e-17
3.845345345345344867e+03 8.326909770773793803e-17
3.847447447447446848e+03 6.604272964509809611e-17
3.849549549549548829e+03 3.814212231553504816e-17
3.851651651651651264e+03 2.917703381604159047e-17
3.853753753753753244e+03 5.154788476813581429e-17
3.855855855855855225e+03 8.515889079061424966e-17
3.857957957957957206e+03 7.772844920854785030e-17
3.860060060060059186e+03 6.181415331900916420e-17
3.862162162162161621e+03 7.260961889027534984e-17
3.864264264264263602e+03 6.971117049707383044e-17
3.866366366366365583e+03 8.808380065502487142e-17
3.868468468468468018e+03 1.077208586983359426e-16
3.870570570570569998e+03 9.695544470799598289e-17
3.872672672672671979e+03 5.621126981754825465e-17
3.874774774774773960e+03 6.129437053877752326e-17
3.876876876876875940e+03 6.773754343911290333e-17
3.878978978978978375e+03 1.248133479914410558e-16
3.881081081081080356e+03 1.210925249640720947e-16
3.883183183183182337e+03 9.151314641236683485e-17
3.885285285285284772e+03 7.913035481429770670e-17
3.887387387387386752e+03 1.126372452469254641e-16
3.889489489489488733e+03 1.088016533626570050e-16
3.891591591591591168e+03 9.583332209215612834e-17
3.893693693693693149e+03 7.956291703051150042e-17
3.895795795795795129e+03 8.600270986620667339e-17
3.897897897897897110e+03 6.464252423544443191e-17
3.899999999999999091e+03 3.112993354274998802e-17
3.902102102102101526e+03 6.001686144102812627e-17
3.904204204204203506e+03 9.800176070393512904e-17
3.906306306306305487e+03 1.128995758129800543e-16
3.908408408408407922e+03 1.251064995355990048e-16
3.910510510510509903e+03 1.077398762727480605e-16
3.912612612612611883e+03 1.117423957621868359e-16
3.914714714714713864e+03 1.014153095894661827e-16
3.916816816816815845e+03 1.096650959266719824e-16
3.918918918918918280e+03 1.042157169638931140e-16
3.921021021021020260e+03 9.779386088343736784e-17
3.923123123123122241e+03 1.335605613858593679e-16
3.925225225225224676e+03 1.553491022001161922e-16
3.927327327327326657e+03 1.525028730835036124e-16
3.929429429429428637e+03 1.438227806130713683e-16
3.931531531531531073e+03 1.382489103931894040e-16
3.933633633633633053e+03 1.173137202957167603e-16
3.935735735735735034e+03 9.036228592503676008e-17
3.937837837837837014e+03 1.094794502969661026e-16
3.939939939939938995e+03 1.454182260845265182e-16
3.942042042042041430e+03 1.384172799820891208e-16
3.944144144144143411e+03 1.400554571561418733e-16
3.946246246246245391e+03 1.124825394238378036e-16
3.948348348348347827e+03 1.055581060834325418e-16
3.950450450450449807e+03 1.214064726398976320e-16
3.952552552552551788e+03 1.803719942446870032e-16
3.954654654654653768e+03 1.799016975999027646e-16
3.956756756756755749e+03 1.228986399400459633e-16
3.958858858858858184e+03 1.172012167464384154e-16
3.960960960960960165e+03 1.105941964677306238e-16
3.963063063063062145e+03 1.345566915706209931e-16
3.965165165165164581e+03 1.390845739938908430e-16
3.967267267267266561e+03 1.262426218054714787e-16
3.969369369369368542e+03 1.247730862262247584e-16
3.971471471471470977e+03 1.385428066347510717e-16
3.973573573573572958e+03 1.539792308477244043e-16
3.975675675675674938e+03 1.725708188827700109e-16
3.977777777777776919e+03 1.594030373231343845e-16
3.979879879879878899e+03 1.393069376612358463e-16
3.981981981981981335e+03 1.522221079869315690e-16
3.984084084084083315e+03 1.443705726228466341e-16
3.986186186186185296e+03 1.708162372434790440e-16
3.988288288288287731e+03 1.874712087815928652e-16
3.990390390390389712e+03 1.545206373979986608e-16
3.992492492492491692e+03 1.207706390285570867e-16
3.994594594594593673e+03 1.319206637390806965e-16
3.996696696696695653e+03 1.441464065493945222e-16
3.998798798798798089e+03 1.707200115338440746e-16
4.000900900900900069e+03 1.692539787864400368e-16
4.003003003003002050e+03 1.772370142311741075e-16
4.005105105105104485e+03 1.571954365098538920e-16
4.007207207207206466e+03 1.648111746082459013e-16
4.009309309309308446e+03 1.906160662625123421e-16
4.011411411411410882e+03 1.775138771850527230e-16
4.013513513513512862e+03 1.624801592740439976e-16
4.015615615615614843e+03 1.644286771450911416e-16
4.017717717717716823e+03 1.674576682972678348e-16
4.019819819819818804e+03 1.590638902785009625e-16
4.021921921921921239e+03 1.406811993317198922e-16
4.024024024024023220e+03 1.497663096939922413e-16
4.026126126126125200e+03 1.633520242494251395e-16
4.028228228228227636e+03 1.737760918167679636e-16
4.030330330330329616e+03 2.004689381399646178e-16
4.032432432432431597e+03 1.950942719044840470e-16
4.034534534534533577e+03 1.785159318986312233e-16
4.036636636636635558e+03 1.615211186831573063e-16
4.038738738738737993e+03 1.617969084313848989e-16
4.040840840840839974e+03 1.962290648142274046e-16
4.042942942942941954e+03 1.701147757473789458e-16
4.045045045045044390e+03 1.662836356007909418e-16
4.047147147147146370e+03 1.580724897438982479e-16
4.049249249249248351e+03 1.676253842598964593e-16
4.051351351351350786e+03 1.445303394986314808e-16
4.053453453453452767e+03 1.646325663455286213e-16
4.055555555555554747e+03 1.691407240436062794e-16
4.057657657657656728e+03 1.637066803330229145e-16
4.059759759759758708e+03 1.721069044738803523e-16
4.061861861861861144e+03 1.656493679912276105e-16
4.063963963963963124e+03 1.539141289988257030e-16
4.066066066066065105e+03 1.644144204535720807e-16
4.068168168168167540e+03 1.764199535853967506e-16
4.070270270270269521e+03 1.836868776626046721e-16
4.072372372372371501e+03 1.792537042610115984e-16
4.074474474474473482e+03 1.773658995101644970e-16
4.076576576576575462e+03 1.681632114110061841e-16
4.078678678678677898e+03 1.558886080884015221e-16
4.080780780780779878e+03 1.600229472047467642e-16
4.082882882882881859e+03 1.577683999376441101e-16
4.084984984984984294e+03 1.475720570899566333e-16
4.087087087087086275e+03 1.415768977738736146e-16
4.089189189189188255e+03 1.473854601309064567e-16
4.091291291291290690e+03 1.450471391524891920e-16
4.093393393393392671e+03 1.417180125870508514e-16
4.095495495495494652e+03 1.714183634518429769e-16
4.097597597597597087e+03 1.935271341092523192e-16
4.099699699699698613e+03 1.531232747246597991e-16
4.101801801801801048e+03 1.432437353740842305e-16
4.103903903903903483e+03 1.688348853267794988e-16
4.106006006006005009e+03 1.519852786294349540e-16
4.108108108108107444e+03 1.492354572243072290e-16
4.110210210210208970e+03 1.234334350511136643e-16
4.112312312312311406e+03 1.360385372029783679e-16
4.114414414414413841e+03 1.470706796111475260e-16
4.116516516516515367e+03 1.424320486450865335e-16
4.118618618618617802e+03 1.364523814365080111e-16
4.120720720720719328e+03 1.353954465740116476e-16
4.122822822822821763e+03 1.513167181990248691e-16
4.124924924924924198e+03 1.622485157080058128e-16
4.127027027027025724e+03 1.460112096697534490e-16
4.129129129129128160e+03 1.507009952726648728e-16
4.131231231231230595e+03 1.882616587815728989e-16
4.133333333333332121e+03 1.629013538215668144e-16
4.135435435435434556e+03 1.302726536736629510e-16
4.137537537537536991e+03 1.520150347095886819e-16
4.139639639639638517e+03 1.695912984140504672e-16
4.141741741741740952e+03 1.078621384960957385e-16
4.143843843843842478e+03 7.297355275966518474e-17
4.145945945945944914e+03 4.755877324727469311e-17
4.148048048048047349e+03 1.313868041810247828e-16
4.150150150150148875e+03 1.732332611661286894e-16
4.152252252252251310e+03 1.346150842902301696e-16
4.154354354354353745e+03 1.134077817623123614e-16
4.156456456456455271e+03 1.188668405874080402e-16
4.158558558558557706e+03 1.235425512965390621e-16
4.160660660660660142e+03 1.262602955208607962e-16
4.162762762762761668e+03 1.242352459766588003e-16
4.164864864864864103e+03 1.351454294974167878e-16
4.166966966966965629e+03 1.432437135071796237e-16
4.169069069069068064e+03 1.419195387079707047e-16
4.171171171171170499e+03 1.435754079596091940e-16
4.173273273273272025e+03 1.489840992912765735e-16
4.175375375375374460e+03 1.632844009953467847e-16
4.177477477477476896e+03 1.686053695941642337e-16
4.179579579579578422e+03 1.335484246790374289e-16
4.181681681681680857e+03 1.005422079162980711e-16
4.183783783783783292e+03 1.198712758728796507e-16
4.185885885885884818e+03 1.248799866998631882e-16
4.187987987987987253e+03 1.355089957898360019e-16
4.190090090090088779e+03 1.162647980669258733e-16
4.192192192192191214e+03 1.111028508063578898e-16
4.194294294294293650e+03 1.473484263881703488e-16
4.196396396396395176e+03 1.508208696486847347e-16
4.198498498498497611e+03 1.290033474058376324e-16
4.200600600600599137e+03 1.035999157272131760e-16
4.202702702702701572e+03 1.124666533989986006e-16
4.204804804804804007e+03 1.398802592573345622e-16
4.206906906906905533e+03 1.643353133119365461e-16
4.209009009009007968e+03 1.622564840023115053e-16
4.211111111111110404e+03 1.440893694776351480e-16
4.213213213213211930e+03 1.334304928772779451e-16
4.215315315315314365e+03 1.263002031532813184e-16
4.217417417417416800e+03 1.402007048202483413e-16
4.219519519519518326e+03 1.482045380498741812e-16
4.221621621621620761e+03 1.541504439482355875e-16
4.223723723723722287e+03 1.247787679435415338e-16
4.225825825825824722e+03 1.497888701873289707e-16
4.227927927927927158e+03 1.631566178242802228e-16
4.230030030030028684e+03 1.415275227188525288e-16
4.232132132132131119e+03 1.441992673006158894e-16
4.234234234234232645e+03 1.363701385307981946e-16
4.236336336336335080e+03 1.174564204296756912e-16
4.238438438438437515e+03 1.098946450614155689e-16
4.240540540540539951e+03 1.218724156573346987e-16
4.242642642642641476e+03 1.372061413731329236e-16
4.244744744744743912e+03 1.336854882626810109e-16
4.246846846846845438e+03 1.355413665808538153e-16
4.248948948948947873e+03 1.307666053742141641e-16
4.251051051051050308e+03 1.247328885539476089e-16
4.253153153153151834e+03 1.346539191434038126e-16
4.255255255255254269e+03 1.425782587826569526e-16
4.257357357357355795e+03 1.362262752971164501e-16
4.259459459459458230e+03 1.368793473843529043e-16
4.261561561561560666e+03 1.345073017016296557e-16
4.263663663663663101e+03 1.201032288943054424e-16
4.265765765765764627e+03 1.129819045945902463e-16
4.267867867867867062e+03 1.274629880149825579e-16
4.269969969969968588e+03 1.319722758121839352e-16
4.272072072072071023e+03 1.244955880950949804e-16
4.274174174174173459e+03 1.278506904211165036e-16
4.276276276276274984e+03 1.364220089555948414e-16
4.278378378378377420e+03 1.552003186163778384e-16
4.280480480480478946e+03 1.454430126143244120e-16
4.282582582582581381e+03 1.270905032374391733e-16
4.284684684684683816e+03 1.418338110368110881e-16
4.286786786786786251e+03 1.492774709573089814e-16
4.288888888888887777e+03 1.486834786777666909e-16
4.290990990990990213e+03 1.571794717062920557e-16
4.293093093093091738e+03 1.551295765605794399e-16
4.295195195195194174e+03 1.605738448675205356e-16
4.297297297297296609e+03 1.506713009859989745e-16
4.299399399399398135e+03 1.460055962180397039e-16
4.301501501501500570e+03 1.426370011711108862e-16
4.303603603603602096e+03 1.508992670348367341e-16
4.305705705705704531e+03 1.501602230177248691e-16
4.307807807807806967e+03 1.429112392379933129e-16
4.309909909909908492e+03 1.404332544659269941e-16
4.312012012012010928e+03 1.444619968854387448e-16
4.314114114114112454e+03 1.457189063836187925e-16
4.316216216216214889e+03 1.414633258044335155e-16
4.318318318318317324e+03 1.478684298662654327e-16
4.320420420420419759e+03 1.343438651032890333e-16
4.322522522522521285e+03 1.038235178676994562e-16
4.324624624624623721e+03 7.735785114382351902e-17
4.326726726726725246e+03 1.106634689145755632e-16
4.328828828828827682e+03 1.121088425484727641e-16
4.330930930930930117e+03 1.318835822002088264e-16
4.333033033033031643e+03 1.330154857892157342e-16
4.335135135135134078e+03 1.324874838282443953e-16
4.337237237237235604e+03 1.123403396148711593e-16
4.339339339339338039e+03 1.159243236854934423e-16
4.341441441441440475e+03 1.283896806687984302e-16
4.343543543543542910e+03 1.267676490110891620e-16
4.345645645645644436e+03 1.137707341664055673e-16
4.347747747747746871e+03 1.003546128923635769e-16
4.349849849849848397e+03 1.110886404168073993e-16
4.351951951951950832e+03 1.033671361378710415e-16
4.354054054054053267e+03 1.253530290422799198e-16
4.356156156156154793e+03 1.494651168763592889e-16
4.358258258258257229e+03 1.357675571254716268e-16
4.360360360360358754e+03 1.403908137309533241e-16
4.362462462462461190e+03 1.615152475066736423e-16
4.364564564564563625e+03 1.478697833080658614e-16
4.366666666666666060e+03 1.266564952111818717e-16
4.368768768768767586e+03 9.932172960069578111e-17
4.370870870870870021e+03 7.752137475868963018e-17
4.372972972972971547e+03 8.768048829999478978e-17
4.375075075075073983e+03 1.014474228337771044e-16
4.377177177177176418e+03 1.132126330832562062e-16
4.379279279279277944e+03 1.036160647041901536e-16
4.381381381381380379e+03 1.106903844182006706e-16
4.383483483483481905e+03 1.469889174758489454e-16
4.385585585585584340e+03 1.425888573994398075e-16
4.387687687687686775e+03 1.157599026903922691e-16
4.389789789789788301e+03 1.068540726009069033e-16
4.391891891891890737e+03 1.267378131657693066e-16
4.393993993993992262e+03 1.352264542339162974e-16
4.396096096096094698e+03 1.231448922587625850e-16
4.398198198198197133e+03 1.006167838410052456e-16
4.400300300300299568e+03 1.086029910991815376e-16
4.402402402402401094e+03 1.276993066460254416e-16
4.404504504504503529e+03 1.412018427261456354e-16
4.406606606606605055e+03 1.293776104528885023e-16
4.408708708708707491e+03 1.030590778169185684e-16
4.410810810810809926e+03 8.929790395375728608e-17
4.412912912912911452e+03 1.041194448490383437e-16
4.415015015015013887e+03 1.238269504823019789e-16
4.417117117117115413e+03 1.452062185067352523e-16
4.419219219219217848e+03 1.433883003357567872e-16
4.421321321321320283e+03 1.361061341854191602e-16
4.423423423423422719e+03 1.257982795928402483e-16
4.425525525525524245e+03 1.356464339283074349e-16
4.427627627627626680e+03 1.347973860733653595e-16
4.429729729729728206e+03 1.279712867523895700e-16
4.431831831831830641e+03 1.409041240407323239e-16
4.433933933933933076e+03 1.614973211472644507e-16
4.436036036036034602e+03 1.611843993701795518e-16
4.438138138138137037e+03 1.530002835196093461e-16
4.440240240240238563e+03 1.359218608344435890e-16
4.442342342342340999e+03 1.332825604911418915e-16
4.444444444444443434e+03 1.446759495753531727e-16
4.446546546546545869e+03 1.315298847424590129e-16
4.448648648648647395e+03 1.534327854116971405e-16
4.450750750750749830e+03 1.545943974982177764e-16
4.452852852852851356e+03 1.500875129202534135e-16
4.454954954954953791e+03 1.447979185105161629e-16
4.457057057057056227e+03 1.575033098461190391e-16
4.459159159159157753e+03 1.598704157939946608e-16
4.461261261261260188e+03 1.550222050906777614e-16
4.463363363363361714e+03 1.648335447943991438e-16
4.465465465465464149e+03 1.663868241216926787e-16
4.467567567567566584e+03 1.733690467499469284e-16
4.469669669669668110e+03 1.714546377111526074e-16
4.471771771771770545e+03 1.743233365552886343e-16
4.473873873873872071e+03 1.561913898191358891e-16
4.475975975975974507e+03 1.455731619661588330e-16
4.478078078078076942e+03 1.593521212153576699e-16
4.480180180180179377e+03 1.640721390124956910e-16
4.482282282282280903e+03 1.804910410460030205e-16
4.484384384384383338e+03 1.640793049684318058e-16
4.486486486486484864e+03 1.686438824065391679e-16
4.488588588588587299e+03 1.674934936246409777e-16
4.490690690690689735e+03 1.857458590431470154e-16
4.492792792792791261e+03 1.733482399960975475e-16
4.494894894894893696e+03 1.800249718310442826e-16
4.496996996996995222e+03 1.857122818915259680e-16
4.499099099099097657e+03 1.801544921577875623e-16
4.501201201201200092e+03 1.749128200699346654e-16
4.503303303303302528e+03 1.615268053083757288e-16
4.505405405405404053e+03 1.635908477823756769e-16
4.507507507507506489e+03 1.872692994169830166e-16
4.509609609609608015e+03 1.674921469344575745e-16
4.511711711711710450e+03 1.813806169672525875e-16
4.513813813813812885e+03 1.921754017673997802e-16
4.515915915915914411e+03 2.079461298612584605e-16
4.518018018018016846e+03 2.148625507145937324e-16
4.520120120120118372e+03 1.998539128713478588e-16
4.522222222222220807e+03 2.028147343253227384e-16
4.524324324324323243e+03 1.915204944881293727e-16
4.526426426426425678e+03 1.966077019815091876e-16
4.528528528528527204e+03 2.099397263145063055e-16
4.530630630630629639e+03 2.152526617401753252e-16
4.532732732732731165e+03 1.738252443799248091e-16
4.534834834834833600e+03 1.875329298768925141e-16
4.536936936936936036e+03 2.761146687033952924e-16
4.539039039039037561e+03 2.588899782099608679e-16
4.541141141141139997e+03 2.354269836700252936e-16
4.543243243243241523e+03 2.214413086800089484e-16
4.545345345345343958e+03 2.332916871257036268e-16
4.547447447447446393e+03 2.532020902336131904e-16
4.549549549549547919e+03 2.696375201876610678e-16
4.551651651651650354e+03 3.100074259964252498e-16
4.553753753753751880e+03 2.993544373983064741e-16
4.555855855855854315e+03 3.089418806268475651e-16
4.557957957957956751e+03 2.828583390347786177e-16
4.560060060060059186e+03 2.461396620284310340e-16
4.562162162162160712e+03 2.435758303506734399e-16
4.564264264264263147e+03 2.516727923072723030e-16
4.566366366366364673e+03 2.807288128506817995e-16
4.568468468468467108e+03 2.882389637544157624e-16
4.570570570570569544e+03 2.902428879878649936e-16
4.572672672672671069e+03 2.804511630317712735e-16
4.574774774774773505e+03 2.747813235138063264e-16
4.576876876876875031e+03 2.704255213524042588e-16
4.578978978978977466e+03 2.767750131193052067e-16
4.581081081081079901e+03 2.836058413049226625e-16
4.583183183183182337e+03 2.949141987802636400e-16
4.585285285285283862e+03 2.821224746071941917e-16
4.587387387387386298e+03 2.874987856450513250e-16
4.589489489489487823e+03 2.925733802863147207e-16
4.591591591591590259e+03 3.050507180164700113e-16
4.593693693693692694e+03 2.947228638885748681e-16
4.595795795795794220e+03 2.975633383808651985e-16
4.597897897897896655e+03 3.120083926153487296e-16
4.599999999999998181e+03 2.895644212135080916e-16
4.602102102102100616e+03 2.643561813770350714e-16
4.604204204204203052e+03 2.754999541172672090e-16
4.606306306306304577e+03 2.764366808328704864e-16
4.608408408408407013e+03 2.614052918630631060e-16
4.610510510510509448e+03 2.772637250488861173e-16
4.612612612612610974e+03 2.932784606861658449e-16
4.614714714714713409e+03 3.003344477629433428e-16
4.616816816816815845e+03 2.885725025277883811e-16
4.618918918918917370e+03 2.666461923172172297e-16
4.621021021021019806e+03 2.593429680455570207e-16
4.623123123123121331e+03 2.369142142805981184e-16
4.625225225225223767e+03 2.484025686083554731e-16
4.627327327327326202e+03 2.460885594584849862e-16
4.629429429429427728e+03 2.797354363659953589e-16
4.631531531531530163e+03 2.726545695746549943e-16
4.633633633633631689e+03 2.536605036479974471e-16
4.635735735735734124e+03 2.484389383961054054e-16
4.637837837837836560e+03 2.307604222975378621e-16
4.639939939939938995e+03 2.499643505073926509e-16
4.642042042042040521e+03 2.557923248323845966e-16
4.644144144144142956e+03 2.697696035457846349e-16
4.646246246246244482e+03 2.675926100039177288e-16
4.648348348348346917e+03 2.509007574791156039e-16
4.650450450450449353e+03 2.420532922095340266e-16
4.652552552552550878e+03 2.870118211867292346e-16
4.654654654654653314e+03 3.298457947810167421e-16
4.656756756756754839e+03 2.908983901467443963e-16
4.658858858858857275e+03 2.758124731577208533e-16
4.660960960960959710e+03 2.791624423361833579e-16
4.663063063063062145e+03 2.894823400721837262e-16
4.665165165165163671e+03 3.049470094922875941e-16
4.667267267267266107e+03 3.121198768014984313e-16
4.669369369369367632e+03 3.174297896103543351e-16
4.671471471471470068e+03 2.988731468479464969e-16
4.673573573573572503e+03 2.783366857958960732e-16
4.675675675675674029e+03 2.692587991519004037e-16
4.677777777777776464e+03 2.924787058324151071e-16
4.679879879879877990e+03 3.193815691312433001e-16
4.681981981981980425e+03 2.887629255132130832e-16
4.684084084084082860e+03 2.798468033243633787e-16
4.686186186186184386e+03 2.874022216106380086e-16
4.688288288288286822e+03 2.804276924513026544e-16
4.690390390390389257e+03 2.967365655148894567e-16
4.692492492492490783e+03 2.986948176081971527e-16
4.694594594594593218e+03 2.941320748163927032e-16
4.696696696696695653e+03 2.605760799953230920e-16
4.698798798798797179e+03 2.738396184958276340e-16
4.700900900900899614e+03 2.830115321305207325e-16
4.703003003003001140e+03 3.193220858022425000e-16
4.705105105105103576e+03 3.148259975917022806e-16
4.707207207207206011e+03 3.038155261737657063e-16
4.709309309309307537e+03 3.131033971774280007e-16
4.711411411411409972e+03 2.971557180934894566e-16
4.713513513513511498e+03 2.963096035950498201e-16
4.715615615615613933e+03 2.851267203881805142e-16
4.717717717717716368e+03 2.748941635392921023e-16
4.719819819819818804e+03 2.460266506569246465e-16
4.721921921921920330e+03 2.388913690827774947e-16
4.724024024024022765e+03 2.511280151835842648e-16
4.726126126126124291e+03 2.410230086464869247e-16
4.728228228228226726e+03 2.332511018882132649e-16
4.730330330330329161e+03 2.446830435587113952e-16
4.732432432432430687e+03 2.516912394272945038e-16
4.734534534534533122e+03 2.759631257635741473e-16
4.736636636636634648e+03 2.581383573977661311e-16
4.738738738738737084e+03 2.494955902742013618e-16
4.740840840840839519e+03 2.694258425444234012e-16
4.742942942942941954e+03 2.623539830742737155e-16
4.745045045045043480e+03 2.490862291911381764e-16
4.747147147147145915e+03 2.466345905869873449e-16
4.749249249249247441e+03 2.340942939985588197e-16
4.751351351351349876e+03 2.402591289563934674e-16
4.753453453453452312e+03 2.456122659184513241e-16
4.755555555555553838e+03 2.464058846869051949e-16
4.757657657657656273e+03 2.456217530713995298e-16
4.759759759759757799e+03 2.374601260251085197e-16
4.761861861861860234e+03 2.559830185870994530e-16
4.763963963963962669e+03 2.477257918399715709e-16
4.766066066066064195e+03 2.352631710616838364e-16
4.768168168168166630e+03 2.170120428425955633e-16
4.770270270270268156e+03 2.213058356246690495e-16
4.772372372372370592e+03 2.177191392361975551e-16
4.774474474474473027e+03 2.284717722040518000e-16
4.776576576576575462e+03 2.409419361246382411e-16
4.778678678678676988e+03 2.295885616101493799e-16
4.780780780780779423e+03 2.266553653427933092e-16
4.782882882882880949e+03 2.128011922729433085e-16
4.784984984984983384e+03 2.280779613411220851e-16
4.787087087087085820e+03 2.300751802183045977e-16
4.789189189189187346e+03 2.259245867831954675e-16
4.791291291291289781e+03 2.156715689752066495e-16
4.793393393393391307e+03 2.054462038360597290e-16
4.795495495495493742e+03 2.109196801728686784e-16
4.797597597597596177e+03 2.154208164516596034e-16
4.799699699699698613e+03 2.013518318277660397e-16
4.801801801801800138e+03 1.773274248025073997e-16
4.803903903903902574e+03 1.722575708413084766e-16
4.806006006006004100e+03 1.769933870399971108e-16
4.808108108108106535e+03 2.122643344663143036e-16
4.810210210210208970e+03 2.165323032143911487e-16
4.812312312312310496e+03 2.118481280100671794e-16
4.814414414414412931e+03 2.069539104992167709e-16
4.816516516516514457e+03 2.109614758168703100e-16
4.818618618618616892e+03 2.171397374751972390e-16
4.820720720720719328e+03 2.102409580314914758e-16
4.822822822822821763e+03 2.030514078155938227e-16
4.824924924924923289e+03 1.897952176921701116e-16
4.827027027027025724e+03 2.025431180822392664e-16
4.829129129129127250e+03 2.208147585971355828e-16
4.831231231231229685e+03 2.025477628063111804e-16
4.833333333333332121e+03 1.789238517906591859e-16
4.835435435435433646e+03 1.772258861791216105e-16
4.837537537537536082e+03 1.816876231538803792e-16
4.839639639639637608e+03 2.001491734529975513e-16
4.841741741741740043e+03 1.918957454222367880e-16
4.843843843843842478e+03 1.723946425561387974e-16
4.845945945945944004e+03 1.567426463664916822e-16
4.848048048048046439e+03 1.694122455249842609e-16
4.850150150150147965e+03 1.863647109775010163e-16
4.852252252252250400e+03 1.903601808039203270e-16
4.854354354354352836e+03 1.788185015943846369e-16
4.856456456456455271e+03 1.573163018295512686e-16
4.858558558558556797e+03 1.648270112294078006e-16
4.860660660660659232e+03 1.681858513655701786e-16
4.862762762762760758e+03 1.809617165850104147e-16
4.864864864864863193e+03 1.920379885337524471e-16
4.866966966966965629e+03 1.957092992274693605e-16
4.869069069069067154e+03 1.926073818988904464e-16
4.871171171171169590e+03 1.685930163514552959e-16
4.873273273273271116e+03 1.826379017705490267e-16
4.875375375375373551e+03 1.844381776384522656e-16
4.877477477477475986e+03 1.914091818424182574e-16
4.879579579579578422e+03 1.882299413692159284e-16
4.881681681681679947e+03 1.757426530030300124e-16
4.883783783783782383e+03 2.098175384034950414e-16
4.885885885885883908e+03 2.297851201851126442e-16
4.887987987987986344e+03 2.375355629598024887e-16
4.890090090090088779e+03 2.415687226401980680e-16
4.892192192192190305e+03 2.419594334817163880e-16
4.894294294294292740e+03 2.091842837865692959e-16
4.896396396396394266e+03 1.880649697370438526e-16
4.898498498498496701e+03 1.942133695638365267e-16
4.900600600600599137e+03 2.080691628182579447e-16
4.902702702702701572e+03 2.226699828939272881e-16
4.904804804804803098e+03 2.258138380039903290e-16
4.906906906906905533e+03 2.309441297701777580e-16
4.909009009009007059e+03 2.404586390725727825e-16
4.911111111111109494e+03 2.527855737091246001e-16
4.913213213213211930e+03 2.606437258524666623e-16
4.915315315315313455e+03 2.540724211775296784e-16
4.917417417417415891e+03 2.755604819612928011e-16
4.919519519519517416e+03 2.445833104105728818e-16
4.921621621621619852e+03 2.371769220633228928e-16
4.923723723723722287e+03 2.259825756870546640e-16
4.925825825825823813e+03 2.411881853812702430e-16
4.927927927927926248e+03 2.806939445520540234e-16
4.930030030030027774e+03 2.978229849692663052e-16
4.932132132132130209e+03 2.791827295626782768e-16
4.934234234234232645e+03 2.727568035305555632e-16
4.936336336336335080e+03 2.631547262043474691e-16
4.938438438438436606e+03 2.574816510732549682e-16
4.940540540540539041e+03 2.525284429407503610e-16
4.942642642642640567e+03 2.602153834620630667e-16
4.944744744744743002e+03 2.817220852381458066e-16
4.946846846846845438e+03 2.790029396506245598e-16
4.948948948948946963e+03 2.610509249041853517e-16
4.951051051051049399e+03 2.725537838381562617e-16
4.953153153153150924e+03 2.972432099102543892e-16
4.955255255255253360e+03 2.904402439498162463e-16
4.957357357357355795e+03 2.820902829248169437e-16
4.959459459459458230e+03 2.811865715616654006e-16
4.961561561561559756e+03 2.972563899107106403e-16
4.963663663663662192e+03 2.880303523821460583e-16
4.965765765765763717e+03 2.984790748747201511e-16
4.967867867867866153e+03 3.139794337168880362e-16
4.969969969969968588e+03 3.229980869308854427e-16
4.972072072072070114e+03 3.099031537609182204e-16
4.974174174174172549e+03 3.125038879989123085e-16
4.976276276276274075e+03 3.192535344015766406e-16
4.978378378378376510e+03 3.431524381821172466e-16
4.980480480480478946e+03 3.414654454260892025e-16
4.982582582582581381e+03 3.621023495236186612e-16
4.984684684684682907e+03 3.445481256735517165e-16
4.986786786786785342e+03 3.106693122407945090e-16
4.988888888888886868e+03 3.158983932024227625e-16
4.990990990990989303e+03 3.234856150606928945e-16
4.993093093093091738e+03 3.445913759701630256e-16
4.995195195195193264e+03 3.378278825608114094e-16
4.997297297297295700e+03 3.179865645477044733e-16
4.999399399399397225e+03 3.396617793150159105e-16
5.001501501501499661e+03 3.424485965328904801e-16
5.003603603603602096e+03 3.320596219647208830e-16
5.005705705705703622e+03 3.212558082954801715e-16
5.007807807807806057e+03 3.467697768635375583e-16
5.009909909909907583e+03 3.332562738532769263e-16
5.012012012012010018e+03 3.106445508846667548e-16
5.014114114114112454e+03 3.106132129303451162e-16
5.016216216216214889e+03 3.282800401857381130e-16
5.018318318318316415e+03 3.237494419933411037e-16
5.020420420420418850e+03 3.228481962543917755e-16
5.022522522522520376e+03 2.958328769248470770e-16
5.024624624624622811e+03 2.895662347531704786e-16
5.026726726726725246e+03 3.073619602898613891e-16
5.028828828828826772e+03 3.242334238284902991e-16
5.030930930930929208e+03 3.165713872140216332e-16
5.033033033033030733e+03 3.378645775695138764e-16
5.035135135135133169e+03 3.398911938383437627e-16
5.037237237237235604e+03 3.395011422846960314e-16
5.039339339339338039e+03 3.549412204782499631e-16
5.041441441441439565e+03 3.344776776073078495e-16
5.043543543543542000e+03 3.398256026598255810e-16
5.045645645645643526e+03 3.598599962227428291e-16
5.047747747747745962e+03 3.727108144887314051e-16
5.049849849849848397e+03 3.444221523339566524e-16
5.051951951951949923e+03 3.521288527658408241e-16
5.054054054054052358e+03 3.443590823169065733e-16
5.056156156156153884e+03 3.411212278474138350e-16
5.058258258258256319e+03 3.345134664229184617e-16
5.060360360360358754e+03 3.159121397083898741e-16
5.062462462462460280e+03 3.092662767197362233e-16
5.064564564564562716e+03 3.000457474326752980e-16
5.066666666666665151e+03 2.957861678243035482e-16
5.068768768768766677e+03 3.030366897626874611e-16
5.070870870870869112e+03 3.105400253551310380e-16
5.072972972972971547e+03 3.220419611767046108e-16
5.075075075075073073e+03 3.356140058500551759e-16
5.077177177177175508e+03 3.063049630205420083e-16
5.079279279279277034e+03 3.079211942278150364e-16
5.081381381381379470e+03 2.896589555564801314e-16
5.083483483483481905e+03 2.904817104226639585e-16
5.085585585585583431e+03 2.992618443660508845e-16
5.087687687687685866e+03 2.823023526579260015e-16
5.089789789789787392e+03 2.720066373583954447e-16
5.091891891891889827e+03 2.770886079118479456e-16
5.093993993993992262e+03 2.712071565337666708e-16
5.096096096096094698e+03 2.602484151184364978e-16
5.098198198198196224e+03 2.744982904999125800e-16
5.100300300300298659e+03 2.800935117651057006e-16
5.102402402402400185e+03 2.816013019577333087e-16
5.104504504504502620e+03 2.737904774714362544e-16
5.106606606606605055e+03 2.785890880442187928e-16
5.108708708708706581e+03 2.635335036923650087e-16
5.110810810810809016e+03 2.812077362920777927e-16
5.112912912912910542e+03 3.023291512688442886e-16
5.115015015015012978e+03 3.180845201984287491e-16
5.117117117117115413e+03 3.009739164523342656e-16
5.119219219219217848e+03 3.149448680906306192e-16
5.121321321321319374e+03 3.244342873614591093e-16
5.123423423423421809e+03 3.093366640592259537e-16
5.125525525525523335e+03 3.247298669805334939e-16
5.127627627627625770e+03 3.381400312617523536e-16
5.129729729729728206e+03 3.249422856454744345e-16
5.131831831831829732e+03 3.128764574146514768e-16
5.133933933933932167e+03 2.972894260337750992e-16
5.136036036036033693e+03 3.251920808252268358e-16
5.138138138138136128e+03 3.379569074447456557e-16
5.140240240240238563e+03 3.478076617004523490e-16
5.142342342342340089e+03 3.638073194971000177e-16
5.144444444444442524e+03 3.631296711983859215e-16
5.146546546546544960e+03 3.669387823705795046e-16
5.148648648648646486e+03 3.512015713420627108e-16
5.150750750750748921e+03 3.621633162916162550e-16
5.152852852852851356e+03 3.647830085465402827e-16
5.154954954954952882e+03 3.624526718291828747e-16
5.157057057057055317e+03 3.687233848192638177e-16
5.159159159159156843e+03 3.626184305363765557e-16
5.161261261261259278e+03 3.644696657208795794e-16
5.163363363363361714e+03 3.419855184676994984e-16
5.165465465465463240e+03 3.524383781665477359e-16
5.167567567567565675e+03 3.796060843440604655e-16
5.169669669669667201e+03 4.077430350408123509e-16
5.171771771771769636e+03 3.976406225392299788e-16
5.173873873873872071e+03 3.576608117630294574e-16
5.175975975975974507e+03 3.698673773195198285e-16
5.178078078078076032e+03 3.881177187480526971e-16
5.180180180180178468e+03 4.123179475851834067e-16
5.182282282282279994e+03 4.170885771386065479e-16
5.184384384384382429e+03 3.695607456607976182e-16
5.186486486486484864e+03 3.485468828222534100e-16
5.188588588588586390e+03 3.853892994396307475e-16
5.190690690690688825e+03 4.302554409246483678e-16
5.192792792792790351e+03 4.023730907555945959e-16
5.194894894894892786e+03 3.615730360372394037e-16
5.196996996996995222e+03 3.745089369598381344e-16
5.199099099099097657e+03 3.826868681933666147e-16
5.201201201201199183e+03 4.401039426952581832e-16
5.203303303303301618e+03 4.778732191163774988e-16
5.205405405405403144e+03 4.919172674086602740e-16
5.207507507507505579e+03 4.765276474215757917e-16
5.209609609609608015e+03 4.408640581196702959e-16
5.211711711711709540e+03 4.253913307677167736e-16
5.213813813813811976e+03 4.933527533216663932e-16
5.215915915915913502e+03 4.985358689443637561e-16
5.218018018018015937e+03 3.923959867045714421e-16
5.220120120120118372e+03 3.695348816339930046e-16
5.222222222222219898e+03 3.787217797554363007e-16
5.224324324324322333e+03 3.563858297080444232e-16
5.226426426426423859e+03 3.669415813289430502e-16
5.228528528528526294e+03 3.664453054579167219e-16
5.230630630630628730e+03 3.414673617306402162e-16
5.232732732732731165e+03 3.525359068817968776e-16
5.234834834834832691e+03 3.945210835478197831e-16
5.236936936936935126e+03 4.362741491195681500e-16
5.239039039039036652e+03 3.939663205708728927e-16
5.241141141141139087e+03 3.972034622973568123e-16
5.243243243243241523e+03 4.276845612222744943e-16
5.245345345345343048e+03 4.247198125776163805e-16
5.247447447447445484e+03 3.300753301607804863e-16
5.249549549549547010e+03 4.249644895774488620e-16
5.251651651651649445e+03 4.236126642417014477e-16
5.253753753753751880e+03 4.061079438588024390e-16
5.255855855855854315e+03 3.373670358170557197e-16
5.257957957957955841e+03 3.051597781944249890e-16
5.260060060060057367e+03 2.759144974002672340e-16
5.262162162162159802e+03 3.162168999456315634e-16
5.264264264264262238e+03 2.936962696538566610e-16
5.266366366366364673e+03 3.813197701954055239e-16
5.268468468468466199e+03 4.001412580179514767e-16
5.270570570570568634e+03 5.041037494897407677e-16
5.272672672672670160e+03 4.652579523490860423e-16
5.274774774774772595e+03 5.801165822984692822e-16
5.276876876876875031e+03 4.995223009371962978e-16
5.278978978978977466e+03 3.600251095473295715e-16
5.281081081081078992e+03 3.066711537210963345e-16
5.283183183183180518e+03 3.045862671777748901e-16
5.285285285285282953e+03 4.799401420068279648e-16
5.287387387387385388e+03 4.110305075067386497e-16
5.289489489489487823e+03 4.948282266469578841e-16
5.291591591591589349e+03 3.581291122145820146e-16
5.293693693693691785e+03 3.088870349381908918e-16
5.295795795795793310e+03 3.153905522823740158e-16
5.297897897897895746e+03 3.476350303912537809e-16
5.299999999999998181e+03 3.164768147198260889e-16
