3.800000000000000000e+03 -5.139994586475367985e-17
3.803041410184666802e+03 -7.587852036207430398e-18
3.806082820369334058e+03 -9.720525157125525927e-19
3.809124230554000860e+03 4.664915766494483849e-17
3.812165640738668117e+03 5.600000283944079287e-17
3.815207050923334918e+03 -3.420571032149874068e-17
3.818248461108002175e+03 8.185648424548580744e-17
3.821289871292668977e+03 6.359977086119558486e-17
3.824331281477335779e+03 -2.793337910439800149e-18
3.827372691662003035e+03 -1.819525653014033007e-17
3.830414101846669837e+03 5.387388857927189723e-17
3.833455512031337094e+03 3.040968467123915750e-18
3.836496922216003895e+03 3.443472428223115861e-17
3.839538332400671152e+03 4.817077982886541193e-17
3.842579742585337954e+03 -4.539748581652443153e-17
3.845621152770005210e+03 2.777687631121904531e-17
3.848662562954672012e+03 -4.678690764890039905e-18
3.851703973139338814e+03 4.429712580709760668e-17
3.854745383324006070e+03 3.894990397624497055e-17
3.857786793508672872e+03 8.092470197755515495e-17
3.860828203693340129e+03 -2.894705337547130594e-18
3.863869613878006930e+03 1.463670525190401385e-17
3.866911024062674187e+03 -2.198050637615973264e-17
3.869952434247340989e+03 2.919162347286905629e-17
3.872993844432007791e+03 9.154073255358168412e-17
3.876035254616675047e+03 6.246469451119750202e-17
3.879076664801341849e+03 -1.867995606219954911e-17
3.882118074986009105e+03 8.800233657672108374e-18
3.885159485170675907e+03 3.425078793585963577e-17
3.888200895355343164e+03 4.660134804305523618e-17
3.891242305540009966e+03 4.786942952497983745e-17
3.894283715724676767e+03 6.491254567736980210e-17
3.897325125909344024e+03 5.962323544373232875e-17
3.900366536094010826e+03 9.004041816685476897e-17
3.903407946278678082e+03 9.496474411643503899e-17
3.906449356463344884e+03 -9.268526275454571876e-18
3.909490766648012141e+03 1.034624355691787989e-16
3.912532176832678942e+03 5.790664983920969871e-17
3.915573587017346199e+03 6.731529771464204964e-17
3.918614997202013001e+03 9.843650537411908764e-17
3.921656407386679803e+03 5.078849426798631128e-17
3.924697817571347059e+03 6.725216400372744724e-17
3.927739227756013861e+03 1.117694757661047931e-16
3.930780637940681117e+03 8.363471564090947963e-17
3.933822048125347919e+03 -6.856903362564928801e-18
3.936863458310015176e+03 2.921304872523529325e-17
3.939904868494681978e+03 1.056708441016534053e-16
3.942946278679349234e+03 1.040132106391559997e-16
3.945987688864016036e+03 7.274204212679255754e-17
3.949029099048682838e+03 1.228543156589195412e-16
3.952070509233350094e+03 1.121513269932050044e-16
3.955111919418016896e+03 7.470715427964026741e-17
3.958153329602684153e+03 3.616319058925674055e-17
3.961194739787350954e+03 5.977344833186362712e-17
3.964236149972018211e+03 7.062672636270479037e-17
3.967277560156685013e+03 4.088785777437589413e-17
3.970318970341351815e+03 1.195162687204004924e-17
3.973360380526019071e+03 1.316632213078374017e-17
3.976401790710685873e+03 3.825540339983857243e-17
3.979443200895353129e+03 2.392351167240833690e-17
3.982484611080019931e+03 3.237350111727238481e-17
3.985526021264687188e+03 4.997991823837004484e-17
3.988567431449353990e+03 5.010475612029596789e-17
3.991608841634020791e+03 2.678296333346668817e-18
3.994650251818688048e+03 2.213848184351832070e-17
3.997691662003354850e+03 6.322790550423787061e-17
4.000733072188022106e+03 7.314852474955416272e-17
4.003774482372688908e+03 5.287758696104857061e-17
4.006815892557356165e+03 6.910788537457210108e-17
4.009857302742022966e+03 1.029015754677848341e-16
4.012898712926689768e+03 1.150801605591992966e-16
4.015940123111357025e+03 1.003020461537981653e-16
4.018981533296023827e+03 6.521540308525989148e-17
4.022022943480691083e+03 4.115332250887920286e-17
4.025064353665357885e+03 9.105480656834958140e-17
4.028105763850025141e+03 1.195246784822691514e-16
4.031147174034691943e+03 6.227443801363725918e-17
4.034188584219359200e+03 8.089702398180048983e-17
4.037229994404026002e+03 1.358210462153800159e-16
4.040271404588692803e+03 8.750578259922655944e-17
4.043312814773360060e+03 8.553257662781510534e-17
4.046354224958026862e+03 1.411800558562587142e-16
4.049395635142694118e+03 1.454531143865836909e-16
4.052437045327360920e+03 5.852083837057012868e-17
4.055478455512028177e+03 7.336464888948960145e-17
4.058519865696694978e+03 5.738527056928489427e-17
4.061561275881362235e+03 7.036696525268181322e-17
4.064602686066029037e+03 5.320076955762714571e-17
4.067644096250695839e+03 8.942013092256157043e-17
4.070685506435363095e+03 4.112857535057822335e-17
4.073726916620029897e+03 3.507890689501454838e-17
4.076768326804697153e+03 1.584209311880927339e-17
4.079809736989363955e+03 6.606909655398929692e-17
4.082851147174031212e+03 1.187344083764608063e-16
4.085892557358698014e+03 9.368574483178133019e-17
4.088933967543364815e+03 6.018283718018055968e-17
4.091975377728032072e+03 3.773391071445520922e-17
4.095016787912698874e+03 7.769348470523250846e-17
4.098058198097365675e+03 5.043493324614337223e-17
4.101099608282032932e+03 5.697310425790885814e-17
4.104141018466700189e+03 4.112530039223646198e-17
4.107182428651367445e+03 9.235027370383046040e-17
4.110223838836033792e+03 4.534955783137219608e-17
4.113265249020701049e+03 5.394870716440311913e-17
4.116306659205368305e+03 3.026205956238641671e-17
4.119348069390034652e+03 3.420142383377732013e-17
4.122389479574701909e+03 3.095011188603299713e-17
4.125430889759369165e+03 2.497533661257496999e-17
4.128472299944036422e+03 6.032823225879530993e-17
4.131513710128702769e+03 3.987065827276838924e-17
4.134555120313370026e+03 4.658200748364849663e-17
4.137596530498037282e+03 4.951571314787316665e-17
4.140637940682703629e+03 2.509660064790179926e-17
4.143679350867370886e+03 1.127718376027126933e-16
4.146720761052038142e+03 1.230782923210520874e-16
4.149762171236705399e+03 1.028563728323091441e-16
4.152803581421371746e+03 6.231768213939158211e-17
4.155844991606039002e+03 5.315724570388607244e-17
4.158886401790706259e+03 1.102780911324033588e-16
4.161927811975372606e+03 4.985879346092799144e-17
4.164969222160039863e+03 6.130963460410403706e-17
4.168010632344707119e+03 5.142842717419909435e-17
4.171052042529374376e+03 5.054236206254404192e-17
4.174093452714040723e+03 6.572354895222184351e-17
4.177134862898707979e+03 3.854777287452286921e-17
4.180176273083375236e+03 2.784147145170949620e-17
4.183217683268041583e+03 5.302121393134457758e-17
4.186259093452708839e+03 3.468080153463773568e-17
4.189300503637376096e+03 2.176256025462812194e-17
4.192341913822043352e+03 -2.589635950617888640e-17
4.195383324006709699e+03 2.670671258054424288e-17
4.198424734191376956e+03 3.670445858127667504e-17
4.201466144376044213e+03 8.086710961141541178e-17
4.204507554560710560e+03 6.309752771190018637e-17
4.207548964745377816e+03 5.649135712603239863e-17
4.210590374930045073e+03 5.284004650539127615e-18
4.213631785114712329e+03 1.799484790665716482e-17
4.216673195299378676e+03 4.450584314671014010e-17
4.219714605484045933e+03 3.421240696574293817e-17
4.222756015668713189e+03 6.571478647594089402e-17
4.225797425853379536e+03 7.589188804995793434e-17
4.228838836038046793e+03 4.157988762106029942e-17
4.231880246222714050e+03 9.186051165407930542e-19
4.234921656407381306e+03 8.415168302321947921e-17
4.237963066592047653e+03 5.282016104173009873e-17
4.241004476776714910e+03 4.438144909619192633e-17
4.244045886961382166e+03 2.093813061556915729e-17
4.247087297146048513e+03 1.052939644355714067e-17
4.250128707330715770e+03 2.470122863815291904e-17
4.253170117515383026e+03 3.471898199782358923e-17
4.256211527700050283e+03 8.259148638370331314e-17
4.259252937884716630e+03 8.167126438917009690e-17
4.262294348069383886e+03 3.790580754212340893e-17
4.265335758254051143e+03 4.819537204791048399e-17
4.268377168438718400e+03 8.862511919351962863e-17
4.271418578623384747e+03 4.032300908519402006e-17
4.274459988808052003e+03 1.373089234384509442e-17
4.277501398992719260e+03 9.317192736223103041e-17
4.280542809177385607e+03 8.316063242468698237e-17
4.283584219362052863e+03 7.898958544354842420e-17
4.286625629546720120e+03 6.110246193199100697e-17
4.289667039731387376e+03 6.509120922628663442e-17
4.292708449916053723e+03 4.630454715519956291e-17
4.295749860100720980e+03 4.958143432949543715e-17
4.298791270285388237e+03 7.789878748859699351e-17
4.301832680470054584e+03 9.186686254277097802e-17
4.304874090654721840e+03 7.772786546792184162e-17
4.307915500839389097e+03 5.719866677274657101e-17
4.310956911024056353e+03 1.111390862646643664e-16
4.313998321208722700e+03 8.762959105995940759e-17
4.317039731393389957e+03 8.477787738799837336e-17
4.320081141578057213e+03 6.890271607305282848e-17
4.323122551762724470e+03 6.743262995872645278e-17
4.326163961947390817e+03 1.167522229870649768e-16
4.329205372132058073e+03 8.462161397444244026e-17
4.332246782316725330e+03 6.093715460476071072e-17
4.335288192501391677e+03 3.570959441436320171e-17
4.338329602686058934e+03 2.742247612238454301e-17
4.341371012870726190e+03 7.097210649333913500e-17
4.344412423055393447e+03 5.878205041818198588e-17
4.347453833240059794e+03 3.729563942402882651e-17
4.350495243424727050e+03 4.595165050218367999e-17
4.353536653609394307e+03 5.902189315368787584e-17
4.356578063794060654e+03 5.618285592710920929e-17
4.359619473978727910e+03 6.316830568775229085e-17
4.362660884163395167e+03 8.486191883795589509e-17
4.365702294348062424e+03 6.966500809664087448e-17
4.368743704532728771e+03 4.598532819955498468e-17
4.371785114717396027e+03 7.526630710734548288e-17
4.374826524902063284e+03 5.757022619740335279e-17
4.377867935086729631e+03 4.486566541910096207e-17
4.380909345271396887e+03 2.125790518091973026e-17
4.383950755456064144e+03 3.835356244077159872e-17
4.386992165640731400e+03 6.823040912845632912e-17
4.390033575825397747e+03 5.115250418329248530e-17
4.393074986010065004e+03 2.547487723188378068e-17
4.396116396194732260e+03 8.862851617953867862e-17
4.399157806379398608e+03 6.832329204304855401e-17
4.402199216564065864e+03 2.715571981051630750e-17
4.405240626748733121e+03 1.824000682751832684e-17
4.408282036933400377e+03 2.018123660752292778e-17
4.411323447118066724e+03 1.957861439508177213e-17
4.414364857302733981e+03 4.846717477918686132e-17
4.417406267487401237e+03 4.911886227801238929e-17
4.420447677672067584e+03 4.832430171450947582e-17
4.423489087856734841e+03 1.332295307377409672e-17
4.426530498041402097e+03 6.557157739529840972e-17
4.429571908226069354e+03 9.038000451966308828e-17
4.432613318410735701e+03 6.818868456070853866e-17
4.435654728595402958e+03 5.904469735330431227e-17
4.438696138780070214e+03 6.645328702694843995e-17
4.441737548964736561e+03 7.278720453712377784e-17
4.444778959149403818e+03 5.220101760993253548e-17
4.447820369334071074e+03 5.409056947974706207e-17
4.450861779518738331e+03 8.422489002586154557e-17
4.453903189703404678e+03 7.424499238643770448e-17
4.456944599888071934e+03 5.856011302837631123e-17
4.459986010072739191e+03 6.596235309229205075e-17
4.463027420257405538e+03 7.018860812370294433e-17
4.466068830442072795e+03 3.554248832260140687e-17
4.469110240626740051e+03 6.041819097975328478e-17
4.472151650811407308e+03 1.188876746369263933e-16
4.475193060996073655e+03 6.641737435485455774e-17
4.478234471180740911e+03 6.604089127225790424e-17
4.481275881365408168e+03 8.789116906346954296e-17
4.484317291550074515e+03 4.891505129566223255e-17
4.487358701734741771e+03 7.699704944904069247e-17
4.490400111919409028e+03 1.045012006856048828e-16
4.493441522104076284e+03 1.065219997980108840e-16
4.496482932288742631e+03 8.491425878361907565e-17
4.499524342473409888e+03 1.054529696440866059e-16
4.502565752658077145e+03 1.033077931081871918e-16
4.505607162842743492e+03 9.798000810019073386e-17
4.508648573027410748e+03 9.500633106572771022e-17
4.511689983212078005e+03 5.526169307516233228e-17
4.514731393396745261e+03 8.606621899773437341e-17
4.517772803581411608e+03 1.194535357237993585e-16
4.520814213766078865e+03 9.632317470850700904e-17
4.523855623950746121e+03 7.471248163021751570e-17
4.526897034135412468e+03 1.138065877853292811e-16
4.529938444320079725e+03 8.551957038165518135e-17
4.532979854504746982e+03 6.686789003859357784e-17
4.536021264689414238e+03 1.144515796943499776e-16
4.539062674874080585e+03 1.240911100200220867e-16
4.542104085058747842e+03 1.367867425963907611e-16
4.545145495243415098e+03 1.275859045065647834e-16
4.548186905428082355e+03 9.385681173941605323e-17
4.551228315612748702e+03 1.554005199651127013e-16
4.554269725797415958e+03 1.168865385096084631e-16
4.557311135982083215e+03 1.310705826002864290e-16
4.560352546166750471e+03 1.467842009498664288e-16
4.563393956351416819e+03 1.278107483033538959e-16
4.566435366536084075e+03 1.475889690253568652e-16
4.569476776720751332e+03 1.149414633143789611e-16
4.572518186905417679e+03 1.003302029592020795e-16
4.575559597090084935e+03 1.438960796819529245e-16
4.578601007274752192e+03 1.375997370785071863e-16
4.581642417459419448e+03 1.783670839475186516e-16
4.584683827644085795e+03 1.768218534865098261e-16
4.587725237828753052e+03 1.448292767146855526e-16
4.590766648013420308e+03 1.566582530114195697e-16
4.593808058198086655e+03 1.453800602796876478e-16
4.596849468382753912e+03 1.495897026827260311e-16
4.599890878567421169e+03 1.524481368471739989e-16
4.602932288752088425e+03 1.681654772959822091e-16
4.605973698936754772e+03 1.547791277241333366e-16
4.609015109121422029e+03 1.945426349249239062e-16
4.612056519306089285e+03 1.876563049342723076e-16
4.615097929490755632e+03 1.776896283100720459e-16
4.618139339675422889e+03 1.304522588553893934e-16
4.621180749860090145e+03 1.729960003926532044e-16
4.624222160044757402e+03 1.718191890455804348e-16
4.627263570229423749e+03 1.698600929101478368e-16
4.630304980414091006e+03 1.569756634934779205e-16
4.633346390598758262e+03 1.574765960732941894e-16
4.636387800783424609e+03 1.511890223988867436e-16
4.639429210968091866e+03 1.606363028025500315e-16
4.642470621152759122e+03 1.480156502903356279e-16
4.645512031337426379e+03 1.506674863882577096e-16
4.648553441522092726e+03 1.525755122761549010e-16
4.651594851706759982e+03 1.552784259398548910e-16
4.654636261891427239e+03 1.309176942624873934e-16
4.657677672076093586e+03 1.558696436908146225e-16
4.660719082260760842e+03 1.162111254815604735e-16
4.663760492445428099e+03 1.232306617156951725e-16
4.666801902630095356e+03 1.432584349012833963e-16
4.669843312814761703e+03 1.402460341794528301e-16
4.672884722999428959e+03 1.668446415554021923e-16
4.675926133184096216e+03 1.301870316671573809e-16
4.678967543368762563e+03 1.830066300245791359e-16
4.682008953553429819e+03 1.541502808439393453e-16
4.685050363738097076e+03 1.517040554868332453e-16
4.688091773922764332e+03 1.258934816926940474e-16
4.691133184107430679e+03 1.765399498564776685e-16
4.694174594292097936e+03 1.483474591219991668e-16
4.697216004476765193e+03 1.361780033528907144e-16
4.700257414661431540e+03 1.509890056345308406e-16
4.703298824846098796e+03 1.778011576968719373e-16
4.706340235030766053e+03 1.535613062150321488e-16
4.709381645215433309e+03 1.509374727852196661e-16
4.712423055400099656e+03 1.697158784194376020e-16
4.715464465584766913e+03 1.304155948017289686e-16
4.718505875769434169e+03 1.480253750559196682e-16
4.721547285954100516e+03 1.744368010875816152e-16
4.724588696138767773e+03 1.349902376269347278e-16
4.727630106323435029e+03 1.481842821512444626e-16
4.730671516508102286e+03 1.542999078722989151e-16
4.733712926692768633e+03 1.226816322484012014e-16
4.736754336877435890e+03 1.262951913797385092e-16
4.739795747062103146e+03 1.266751262429202538e-16
4.742837157246769493e+03 1.127345304717201919e-16
4.745878567431436750e+03 1.413476568438271231e-16
4.748919977616104006e+03 1.234363463523120372e-16
4.751961387800771263e+03 1.009018504509701203e-16
4.755002797985437610e+03 1.165562887180081576e-16
4.758044208170104866e+03 1.376457504309727866e-16
4.761085618354772123e+03 1.112030391896090665e-16
4.764127028539438470e+03 1.149145950576672494e-16
4.767168438724105727e+03 1.062486135107507434e-16
4.770209848908772983e+03 1.028616578151911929e-16
4.773251259093440240e+03 1.156076977977241811e-16
4.776292669278106587e+03 1.310116600135449683e-16
4.779334079462773843e+03 8.265060688160224677e-17
4.782375489647441100e+03 8.484828538653581751e-17
4.785416899832107447e+03 1.247139344475497534e-16
4.788458310016774703e+03 1.411460231990528503e-16
4.791499720201441960e+03 1.317726387355898163e-16
4.794541130386109216e+03 1.122538146915134070e-16
4.797582540570775564e+03 8.317284631512279375e-17
4.800623950755442820e+03 8.644201836824540750e-17
4.803665360940110077e+03 8.951773963040333076e-17
4.806706771124777333e+03 1.018127186797125183e-16
4.809748181309443680e+03 1.197687063332293939e-16
4.812789591494110937e+03 8.231586041117815987e-17
4.815831001678778193e+03 8.336255998898167924e-17
4.818872411863445450e+03 9.193595818920849180e-17
4.821913822048111797e+03 1.257958512537630396e-16
4.824955232232779053e+03 1.090937180485718125e-16
4.827996642417445400e+03 9.529984774702766897e-17
4.831038052602112657e+03 8.479780506871235424e-17
4.834079462786779914e+03 9.169774544530522917e-17
4.837120872971447170e+03 8.255293325875990322e-17
4.840162283156114427e+03 1.149878625026042381e-16
4.843203693340780774e+03 1.229225161078194567e-16
4.846245103525448030e+03 1.268503628633343585e-16
4.849286513710115287e+03 8.923545806554239576e-17
4.852327923894781634e+03 9.989398920057744639e-17
4.855369334079448890e+03 9.501590959547831354e-17
4.858410744264116147e+03 7.023617919764759468e-17
4.861452154448783403e+03 6.378851811491891747e-17
4.864493564633449751e+03 8.399042736201896546e-17
4.867534974818117007e+03 8.031667448240204286e-17
4.870576385002784264e+03 8.081566223031615713e-17
4.873617795187450611e+03 1.000659087524441761e-16
4.876659205372117867e+03 6.796702121315610788e-17
4.879700615556785124e+03 7.756115597081713214e-17
4.882742025741452380e+03 8.248193279577683489e-17
4.885783435926118727e+03 9.214645443671009966e-17
4.888824846110785984e+03 9.042086101453736129e-17
4.891866256295453240e+03 9.364016210892602670e-17
4.894907666480119588e+03 8.776928866464840472e-17
4.897949076664786844e+03 8.822598002567680854e-17
4.900990486849454101e+03 9.652637330740565694e-17
4.904031897034121357e+03 8.211709847155766050e-17
4.907073307218787704e+03 8.126702501311269783e-17
4.910114717403454961e+03 1.054106889562703095e-16
4.913156127588122217e+03 7.829870591090446331e-17
4.916197537772788564e+03 9.500217826518316420e-17
4.919238947957455821e+03 8.254367918143142805e-17
4.922280358142123077e+03 1.167829304789973143e-16
4.925321768326790334e+03 1.170394397626992771e-16
4.928363178511456681e+03 1.410095453243248334e-16
4.931404588696123938e+03 1.121181267845190866e-16
4.934445998880791194e+03 1.182258636521694203e-16
4.937487409065457541e+03 1.114094046204690873e-16
4.940528819250124798e+03 1.115834580554849354e-16
4.943570229434792054e+03 1.173930696391102712e-16
4.946611639619459311e+03 1.320538280876764239e-16
4.949653049804125658e+03 1.306610054215558328e-16
4.952694459988792914e+03 1.401679222697678605e-16
4.955735870173460171e+03 1.381876468274403776e-16
4.958777280358126518e+03 1.405799574785074515e-16
4.961818690542793775e+03 1.276712403405075306e-16
4.964860100727461031e+03 1.403433044498728842e-16
4.967901510912128288e+03 1.345478922742001986e-16
4.970942921096794635e+03 1.219083279864897297e-16
4.973984331281461891e+03 1.074070934419283172e-16
4.977025741466129148e+03 1.362833292317888451e-16
4.980067151650795495e+03 1.423091733039608519e-16
4.983108561835462751e+03 1.288986972994790984e-16
4.986149972020130008e+03 1.396172250842218426e-16
4.989191382204797264e+03 1.453118655922109944e-16
4.992232792389463611e+03 1.436102325749532620e-16
4.995274202574130868e+03 1.282406056277493564e-16
4.998315612758798125e+03 1.385111760310932847e-16
5.001357022943464472e+03 1.516473660923362034e-16
5.004398433128131728e+03 1.512199174470473272e-16
5.007439843312798985e+03 1.457547645175104410e-16
5.010481253497466241e+03 1.453826254718358053e-16
5.013522663682133498e+03 1.282587352404755631e-16
5.016564073866799845e+03 1.225048092078160088e-16
5.019605484051467101e+03 1.340768655145108585e-16
5.022646894236133448e+03 1.426731451367546682e-16
5.025688304420800705e+03 1.473082149096623829e-16
5.028729714605467962e+03 1.184915462710642835e-16
5.031771124790135218e+03 1.691143722627103462e-16
5.034812534974802475e+03 1.550900922634127800e-16
5.037853945159468822e+03 1.765527256018066578e-16
5.040895355344136078e+03 1.699307094972299817e-16
5.043936765528802425e+03 1.727284016878480407e-16
5.046978175713469682e+03 1.705148313858732314e-16
5.050019585898136938e+03 1.670812333772947472e-16
5.053060996082804195e+03 1.629157821665820099e-16
5.056102406267471451e+03 1.375834866758381830e-16
5.059143816452137798e+03 1.562920563435851537e-16
5.062185226636805055e+03 1.584670530440129534e-16
5.065226636821471402e+03 1.595171929872660832e-16
5.068268047006138659e+03 1.597704731553626345e-16
5.071309457190805915e+03 1.643069986831596179e-16
5.074350867375473172e+03 1.676993312392241508e-16
5.077392277560140428e+03 1.442615333414167380e-16
5.080433687744806775e+03 1.346477040192552103e-16
5.083475097929474032e+03 1.471616479170644578e-16
5.086516508114140379e+03 1.388065955222637384e-16
5.089557918298807635e+03 1.359227107959053375e-16
5.092599328483474892e+03 1.115226095708634483e-16
5.095640738668142149e+03 1.246406312762481630e-16
5.098682148852809405e+03 1.150847754811212781e-16
5.101723559037475752e+03 1.191816423340152060e-16
5.104764969222143009e+03 1.250351137159177317e-16
5.107806379406810265e+03 1.244007116109680134e-16
5.110847789591476612e+03 1.374584638363437593e-16
5.113889199776143869e+03 1.402773368484838901e-16
5.116930609960811125e+03 1.333548343409243197e-16
5.119972020145478382e+03 1.321369386315232214e-16
5.123013430330144729e+03 1.377525637231414327e-16
5.126054840514811985e+03 1.399594148944169505e-16
5.129096250699479242e+03 1.510802719561469974e-16
5.132137660884145589e+03 1.204600394381764500e-16
5.135179071068812846e+03 1.307978318247937082e-16
5.138220481253480102e+03 1.410125386527902574e-16
5.141261891438147359e+03 1.419025734845474953e-16
5.144303301622813706e+03 1.392146983262245776e-16
5.147344711807480962e+03 1.595590711104350175e-16
5.150386121992148219e+03 1.532958972423077338e-16
5.153427532176814566e+03 1.234672613535159182e-16
5.156468942361481822e+03 1.202170950895248555e-16
5.159510352546149079e+03 1.471787480450803892e-16
5.162551762730816336e+03 1.686082667303816396e-16
5.165593172915482683e+03 1.389693034678559053e-16
5.168634583100149939e+03 1.429364661263742122e-16
5.171675993284817196e+03 1.441211342072555628e-16
5.174717403469483543e+03 1.289776121276608707e-16
5.177758813654150799e+03 1.438729496032615575e-16
5.180800223838818056e+03 1.646320718531937119e-16
5.183841634023485312e+03 1.562629567081479157e-16
5.186883044208151659e+03 1.540602145958717041e-16
5.189924454392818916e+03 1.670277427002373146e-16
5.192965864577486172e+03 1.554194076428145917e-16
5.196007274762152520e+03 1.573071495911079833e-16
5.199048684946819776e+03 1.721479413572833306e-16
5.202090095131487033e+03 1.750933979263102259e-16
5.205131505316154289e+03 1.794103834356118076e-16
5.208172915500820636e+03 1.729320247131053521e-16
5.211214325685487893e+03 1.504741510577364039e-16
5.214255735870155149e+03 1.511611172220331217e-16
5.217297146054821496e+03 1.723336594994294106e-16
5.220338556239488753e+03 1.793640124548895926e-16
5.223379966424156009e+03 1.904095250913205928e-16
5.226421376608823266e+03 1.951631381543605667e-16
5.229462786793489613e+03 1.519960115702551269e-16
5.232504196978156870e+03 1.823650687726267678e-16
5.235545607162824126e+03 2.033792448794901581e-16
5.238587017347490473e+03 1.748080003624313846e-16
5.241628427532157730e+03 1.964928086042436754e-16
5.244669837716824986e+03 1.767405438270268580e-16
5.247711247901492243e+03 1.797844771332559196e-16
5.250752658086159499e+03 1.854182090292758071e-16
5.253794068270825846e+03 1.852283105701780747e-16
5.256835478455493103e+03 1.759243281391520579e-16
5.259876888640159450e+03 1.913730689382910709e-16
5.262918298824826707e+03 1.893043125808953952e-16
5.265959709009493963e+03 1.890961208293396899e-16
5.269001119194161220e+03 1.797442691680323658e-16
5.272042529378828476e+03 1.763580860564186068e-16
5.275083939563494823e+03 1.862416195404008105e-16
5.278125349748162080e+03 2.163444302202517615e-16
5.281166759932828427e+03 2.016779857851594696e-16
5.284208170117495683e+03 1.960743715179673236e-16
5.287249580302162940e+03 2.100014391638961603e-16
5.290290990486830196e+03 2.173693682976001878e-16
5.293332400671497453e+03 2.402966570896378014e-16
5.296373810856163800e+03 2.437454034011702495e-16
5.299415221040831057e+03 2.014574329933568815e-16
5.302456631225497404e+03 2.445854900448363591e-16
5.305498041410164660e+03 2.362886043373972633e-16
5.308539451594831917e+03 2.383464816788181421e-16
5.311580861779499173e+03 2.334531684879316789e-16
5.314622271964166430e+03 2.101037515795408177e-16
5.317663682148832777e+03 2.450622786870137622e-16
5.320705092333500033e+03 2.440768348028774077e-16
5.323746502518166380e+03 2.375053750560953885e-16
5.326787912702833637e+03 2.542843660366196974e-16
5.329829322887500894e+03 2.512569356304617021e-16
5.332870733072168150e+03 2.509857358826970347e-16
5.335912143256835407e+03 2.415484876549475429e-16
5.338953553441501754e+03 2.321824038665829618e-16
5.341994963626169010e+03 2.330756285322406969e-16
5.345036373810836267e+03 2.424268081294181237e-16
5.348077783995502614e+03 2.527510089568287101e-16
5.351119194180169870e+03 2.629087434896811727e-16
5.354160604364837127e+03 2.520660298686064862e-16
5.357202014549504383e+03 2.403045951027587382e-16
5.360243424734170731e+03 2.388781957047836938e-16
5.363284834918837987e+03 2.401150712572720598e-16
5.366326245103505244e+03 2.494766442993523076e-16
5.369367655288171591e+03 2.512010076269549211e-16
5.372409065472838847e+03 2.457114884364744130e-16
5.375450475657506104e+03 2.445916797945614311e-16
5.378491885842173360e+03 2.600326709543168079e-16
5.381533296026839707e+03 2.364875533126036660e-16
5.384574706211506964e+03 2.591843858218497887e-16
5.387616116396174220e+03 2.527138687092746239e-16
5.390657526580840567e+03 2.536488625531606437e-16
5.393698936765507824e+03 2.702657134003483831e-16
5.396740346950175081e+03 2.557331889192269679e-16
5.399781757134842337e+03 2.556144192293957709e-16
5.402823167319508684e+03 2.925270723992461695e-16
5.405864577504175941e+03 2.656855768881871332e-16
5.408905987688843197e+03 2.501548118657351773e-16
5.411947397873509544e+03 2.625897656877910462e-16
5.414988808058176801e+03 2.657013355744558719e-16
5.418030218242844057e+03 2.749676776022617975e-16
5.421071628427511314e+03 2.897809249647299583e-16
5.424113038612177661e+03 2.655884676533745501e-16
5.427154448796844918e+03 2.472228851527220662e-16
5.430195858981512174e+03 2.857225732813965718e-16
5.433237269166178521e+03 2.770256254357458947e-16
5.436278679350845778e+03 2.971102638539748372e-16
5.439320089535513034e+03 2.638209011190642762e-16
5.442361499720180291e+03 2.672064847892985547e-16
5.445402909904846638e+03 2.916061454630320385e-16
5.448444320089513894e+03 2.505395278232235393e-16
5.451485730274181151e+03 2.670969106500475718e-16
5.454527140458847498e+03 2.683587640777208364e-16
5.457568550643514754e+03 2.580005105538030928e-16
5.460609960828182011e+03 2.639413517197907872e-16
5.463651371012849268e+03 2.751395391343130691e-16
5.466692781197515615e+03 2.564548152820334294e-16
5.469734191382182871e+03 2.643047761299882271e-16
5.472775601566850128e+03 2.712540277971534846e-16
5.475817011751516475e+03 2.672383813085860127e-16
5.478858421936183731e+03 2.733760367274892630e-16
5.481899832120850988e+03 2.533829979975463468e-16
5.484941242305518244e+03 2.922735024810789984e-16
5.487982652490184591e+03 2.876111518172555722e-16
5.491024062674851848e+03 2.966490647220826950e-16
5.494065472859519105e+03 2.996669917579288463e-16
5.497106883044185452e+03 2.828724721246157537e-16
5.500148293228852708e+03 2.673459245878087776e-16
5.503189703413519965e+03 3.044157974057974273e-16
5.506231113598187221e+03 3.220557627493191192e-16
5.509272523782854478e+03 3.120916482772129875e-16
5.512313933967520825e+03 3.168299882518092575e-16
5.515355344152188081e+03 3.155886919042369161e-16
5.518396754336854428e+03 3.287131818884265998e-16
5.521438164521521685e+03 3.439583382902240821e-16
5.524479574706188941e+03 3.481421986322981284e-16
5.527520984890856198e+03 3.473324462395307498e-16
5.530562395075523455e+03 3.416319598167912789e-16
5.533603805260189802e+03 3.468216467277361192e-16
5.536645215444857058e+03 3.471539658374677105e-16
5.539686625629523405e+03 3.468973759232422814e-16
5.542728035814190662e+03 3.680761429151426976e-16
5.545769445998857918e+03 3.498034004056016731e-16
5.548810856183525175e+03 3.639023839048761952e-16
5.551852266368192431e+03 3.713389896700410485e-16
5.554893676552858778e+03 3.565590008358162751e-16
5.557935086737526035e+03 3.521159828179986800e-16
5.560976496922192382e+03 3.891217810396425236e-16
5.564017907106859639e+03 3.524457620857248753e-16
5.567059317291526895e+03 3.356078219360364778e-16
5.570100727476194152e+03 3.229524248072716262e-16
5.573142137660861408e+03 3.136717583538981541e-16
5.576183547845527755e+03 2.781476637165806179e-16
5.579224958030195012e+03 2.972523676228031762e-16
5.582266368214861359e+03 3.377421520024717858e-16
5.585307778399528615e+03 3.038073582766311284e-16
5.588349188584195872e+03 2.541726138112596042e-16
5.591390598768863128e+03 2.556189126623358882e-16
5.594432008953530385e+03 2.557820986458831832e-16
5.597473419138196732e+03 2.589808078877786022e-16
5.600514829322863989e+03 2.607482797872503383e-16
5.603556239507531245e+03 2.407435509605283731e-16
5.606597649692197592e+03 2.659961691931239598e-16
5.609639059876864849e+03 2.087465125942114902e-16
5.612680470061532105e+03 2.237228651755579786e-16
5.615721880246199362e+03 2.319415036360021578e-16
5.618763290430865709e+03 2.078845604394437976e-16
5.621804700615532965e+03 2.068689939458612261e-16
5.624846110800200222e+03 2.176404543001421434e-16
5.627887520984866569e+03 2.043740387961925573e-16
5.630928931169533826e+03 2.238823372677116476e-16
5.633970341354201082e+03 2.035273210472241326e-16
5.637011751538868339e+03 2.018992010436780726e-16
5.640053161723534686e+03 2.039458072058302988e-16
5.643094571908201942e+03 2.007000725058485152e-16
5.646135982092869199e+03 1.986486198162039983e-16
5.649177392277535546e+03 1.771546547885336605e-16
5.652218802462202802e+03 1.899624712888651880e-16
5.655260212646870059e+03 1.768078479632672693e-16
5.658301622831537316e+03 1.841246696215638939e-16
5.661343033016203663e+03 1.812626320508119562e-16
5.664384443200870919e+03 1.711590193683803068e-16
5.667425853385538176e+03 1.751910349960375802e-16
5.670467263570204523e+03 1.782017286331978286e-16
5.673508673754871779e+03 1.953412870279382879e-16
5.676550083939539036e+03 1.831266811636141948e-16
5.679591494124206292e+03 1.482869274305633051e-16
5.682632904308872639e+03 1.678696045085415310e-16
5.685674314493539896e+03 1.892541794160830925e-16
5.688715724678207152e+03 1.741813647584228879e-16
5.691757134862873500e+03 1.781866172899519887e-16
5.694798545047540756e+03 1.775294919923849336e-16
5.697839955232208013e+03 1.676949994895699981e-16
5.700881365416875269e+03 1.536006139683927979e-16
5.703922775601541616e+03 1.550804305867098443e-16
5.706964185786208873e+03 1.582544667317273459e-16
5.710005595970876129e+03 1.633808803358128302e-16
5.713047006155542476e+03 1.716994126552617463e-16
5.716088416340209733e+03 1.505578263759596610e-16
5.719129826524876989e+03 1.503313756575279084e-16
5.722171236709544246e+03 1.672806184053620194e-16
5.725212646894210593e+03 1.418073283785883051e-16
5.728254057078877850e+03 1.520688647988820137e-16
5.731295467263545106e+03 1.580044030015055013e-16
5.734336877448211453e+03 1.498288085525762960e-16
5.737378287632878710e+03 1.645490395618139542e-16
5.740419697817545966e+03 1.592132674710227536e-16
5.743461108002213223e+03 1.405000880885074909e-16
5.746502518186880479e+03 1.472635883480160271e-16
5.749543928371546826e+03 1.501735872970666440e-16
5.752585338556214083e+03 1.536722180622820430e-16
5.755626748740880430e+03 1.582758358301466465e-16
5.758668158925547687e+03 1.348396466677335049e-16
5.761709569110214943e+03 1.352976316814862885e-16
5.764750979294882200e+03 1.406080231018501293e-16
5.767792389479549456e+03 1.559970599977452211e-16
5.770833799664215803e+03 1.592017207699412246e-16
5.773875209848883060e+03 1.740471132568532589e-16
5.776916620033549407e+03 1.536740874066340165e-16
5.779958030218216663e+03 1.703927879980763329e-16
5.782999440402883920e+03 1.659103600754396581e-16
5.786040850587551176e+03 1.860316978565853956e-16
5.789082260772218433e+03 1.679915672805180733e-16
5.792123670956884780e+03 1.997608179566936085e-16
5.795165081141552037e+03 1.915669608295854599e-16
5.798206491326218384e+03 1.946465719401098117e-16
5.801247901510885640e+03 2.400309476211069166e-16
5.804289311695552897e+03 2.480062454796700747e-16
5.807330721880220153e+03 2.521541925189839373e-16
5.810372132064887410e+03 2.348457544280835697e-16
5.813413542249553757e+03 2.585611918749593117e-16
5.816454952434221013e+03 2.716362671717021175e-16
5.819496362618887360e+03 2.975371925000829405e-16
5.822537772803554617e+03 3.050906982792674851e-16
5.825579182988221874e+03 2.859089776248928353e-16
5.828620593172889130e+03 2.789980343717441802e-16
5.831662003357556387e+03 2.917759396905976315e-16
5.834703413542222734e+03 3.006767603766387090e-16
5.837744823726889990e+03 3.183252811450072473e-16
5.840786233911557247e+03 3.445551040911644599e-16
5.843827644096223594e+03 3.591526759075959986e-16
5.846869054280890850e+03 3.490271599819334505e-16
5.849910464465558107e+03 3.294614871716106764e-16
5.852951874650225363e+03 3.619132105217460569e-16
5.855993284834891710e+03 3.766258930958680750e-16
5.859034695019558967e+03 3.694939828141918972e-16
5.862076105204225314e+03 3.798488889456769499e-16
5.865117515388892571e+03 3.695619502656773856e-16
5.868158925573559827e+03 3.686487640892328795e-16
5.871200335758227084e+03 4.272530050437945419e-16
5.874241745942894340e+03 4.467153047433614068e-16
5.877283156127560687e+03 4.055536490270040072e-16
5.880324566312227944e+03 4.072120631664076912e-16
5.883365976496894291e+03 4.318581131760152650e-16
5.886407386681561547e+03 4.386553787081545837e-16
5.889448796866228804e+03 4.363094045932520193e-16
5.892490207050896061e+03 4.074260168771694397e-16
5.895531617235563317e+03 4.354656199801000506e-16
5.898573027420230574e+03 4.549350541379758507e-16
5.901614437604896921e+03 4.645741874392407587e-16
5.904655847789563268e+03 4.920020320156285933e-16
5.907697257974230524e+03 4.965669879182380291e-16
5.910738668158897781e+03 5.007511830036287067e-16
5.913780078343565037e+03 4.927001136966584861e-16
5.916821488528232294e+03 4.783467987760888698e-16
5.919862898712899550e+03 4.351814691106730583e-16
5.922904308897565897e+03 3.957913999752167144e-16
5.925945719082232245e+03 4.182156601566802123e-16
5.928987129266899501e+03 4.339082832642304963e-16
5.932028539451566758e+03 4.298612135679222512e-16
5.935069949636234014e+03 4.742090070750131678e-16
5.938111359820901271e+03 5.050983342341621654e-16
5.941152770005568527e+03 5.001332723403240077e-16
5.944194180190234874e+03 5.033371806672962814e-16
5.947235590374901221e+03 4.513678684400809707e-16
5.950277000559568478e+03 4.598053579599595688e-16
5.953318410744235734e+03 4.691679575740182885e-16
5.956359820928902991e+03 4.782124458234246366e-16
5.959401231113570248e+03 4.848237978929411462e-16
5.962442641298237504e+03 4.816583383392108643e-16
5.965484051482903851e+03 4.961579509846906299e-16
5.968525461667571108e+03 4.500597975977452870e-16
5.971566871852237455e+03 4.647748215993291808e-16
5.974608282036904711e+03 4.735482974937444162e-16
5.977649692221571968e+03 4.481527893102434789e-16
5.980691102406239224e+03 4.190283002679446307e-16
5.983732512590906481e+03 4.611728388961794157e-16
5.986773922775572828e+03 4.267548140899443756e-16
5.989815332960240085e+03 4.242110097547332444e-16
5.992856743144906432e+03 4.686771134367902543e-16
5.995898153329573688e+03 4.293425817478294784e-16
5.998939563514240945e+03 4.242701927652341705e-16
6.001980973698908201e+03 4.099993214640075903e-16
6.005022383883575458e+03 4.039458923315547149e-16
6.008063794068241805e+03 3.814597522542988041e-16
6.011105204252909061e+03 3.878214944632029677e-16
6.014146614437575408e+03 4.035441322756002732e-16
6.017188024622242665e+03 3.987563784011946059e-16
6.020229434806909921e+03 4.023796354216031702e-16
6.023270844991577178e+03 4.052938717831617677e-16
6.026312255176244435e+03 3.956981946298064410e-16
6.029353665360910782e+03 3.853724661469633156e-16
6.032395075545578038e+03 3.809828610846765541e-16
6.035436485730244385e+03 3.812358835366807305e-16
6.038477895914911642e+03 3.734160571342736135e-16
6.041519306099578898e+03 3.573913363227424234e-16
6.044560716284246155e+03 3.610244171026550422e-16
6.047602126468913411e+03 3.551248616032499435e-16
6.050643536653579758e+03 3.403488180737601950e-16
6.053684946838247015e+03 3.457380522333886098e-16
6.056726357022913362e+03 3.523762952476880708e-16
6.059767767207580619e+03 3.525871339997714074e-16
6.062809177392247875e+03 3.461880582460757674e-16
6.065850587576915132e+03 3.240389013225755843e-16
6.068891997761582388e+03 3.312077121259703578e-16
6.071933407946248735e+03 3.127602606413714082e-16
6.074974818130915992e+03 2.875374241376683416e-16
6.078016228315582339e+03 3.024774593622678840e-16
6.081057638500249595e+03 3.077194311028714288e-16
6.084099048684916852e+03 3.057411065907502057e-16
6.087140458869584108e+03 3.041431213408694576e-16
6.090181869054251365e+03 3.023909172647414157e-16
6.093223279238917712e+03 2.948320755877750063e-16
6.096264689423584969e+03 3.105791448734768340e-16
6.099306099608251316e+03 2.910843548935463699e-16
6.102347509792918572e+03 2.875520810209057000e-16
6.105388919977585829e+03 2.882929057029958769e-16
6.108430330162253085e+03 2.888673719014151830e-16
6.111471740346920342e+03 2.993479220161764235e-16
6.114513150531586689e+03 3.101587958359348634e-16
6.117554560716253945e+03 2.869622439952469188e-16
6.120595970900920292e+03 3.058035991616829906e-16
6.123637381085587549e+03 2.644928163916631190e-16
6.126678791270254806e+03 3.038172270060684317e-16
6.129720201454922062e+03 2.876074407412052469e-16
6.132761611639589319e+03 2.875735815705694089e-16
6.135803021824255666e+03 2.849949870193492313e-16
6.138844432008922922e+03 3.118694792392921326e-16
6.141885842193589269e+03 2.864346652962495149e-16
6.144927252378256526e+03 2.854156179250457120e-16
6.147968662562923782e+03 3.055795034123139080e-16
6.151010072747591039e+03 2.977995942869570600e-16
6.154051482932258295e+03 2.842011219564634553e-16
6.157092893116925552e+03 2.863468856094656301e-16
6.160134303301591899e+03 2.920732306635451156e-16
6.163175713486258246e+03 2.873921707593782402e-16
6.166217123670925503e+03 2.720210244104430211e-16
6.169258533855592759e+03 2.758723327605717598e-16
6.172299944040260016e+03 2.839950795338846508e-16
6.175341354224927272e+03 2.984299171320299289e-16
6.178382764409594529e+03 2.698130283196155719e-16
6.181424174594260876e+03 2.550248577936924353e-16
6.184465584778927223e+03 2.795722588818261638e-16
6.187506994963594479e+03 2.899158821838826166e-16
6.190548405148261736e+03 2.782867082787964532e-16
6.193589815332928993e+03 2.785174733808464740e-16
6.196631225517596249e+03 2.843699541495836199e-16
6.199672635702263506e+03 2.779208112739145054e-16
6.202714045886929853e+03 2.707974670918572662e-16
6.205755456071597109e+03 2.723399881329956042e-16
6.208796866256263456e+03 2.888237581248679558e-16
6.211838276440930713e+03 2.911930223005187733e-16
6.214879686625597969e+03 2.849598449566124807e-16
6.217921096810265226e+03 2.750938012044500424e-16
6.220962506994932482e+03 2.896752383995571463e-16
6.224003917179598830e+03 3.101808173385248508e-16
6.227045327364266086e+03 3.268494404936565114e-16
6.230086737548932433e+03 3.025850058047936910e-16
6.233128147733599690e+03 2.944022221143748676e-16
6.236169557918266946e+03 3.296258601344302304e-16
6.239210968102934203e+03 3.351294530874273286e-16
6.242252378287601459e+03 3.389756301028947624e-16
6.245293788472267806e+03 3.221457628920350196e-16
6.248335198656935063e+03 3.397605014145511895e-16
6.251376608841601410e+03 3.258528726787248544e-16
6.254418019026268666e+03 3.457967699267724661e-16
6.257459429210935923e+03 3.530001554295051695e-16
6.260500839395603180e+03 3.516451068580538854e-16
6.263542249580270436e+03 3.322231066664969485e-16
6.266583659764936783e+03 3.407305048917701323e-16
6.269625069949604040e+03 3.524216847096791772e-16
6.272666480134270387e+03 3.660577831622144945e-16
6.275707890318937643e+03 3.507592169800326851e-16
6.278749300503604900e+03 3.186192902503349188e-16
6.281790710688272156e+03 3.381378215877270873e-16
6.284832120872939413e+03 3.294327580250507879e-16
6.287873531057605760e+03 2.999535844350315441e-16
6.290914941242273017e+03 3.262356445893466201e-16
6.293956351426939364e+03 3.283357178665349096e-16
6.296997761611606620e+03 3.075847430113603411e-16
6.300039171796273877e+03 3.379723630640379789e-16
6.303080581980941133e+03 3.124547080079719120e-16
6.306121992165608390e+03 2.950120020372186645e-16
6.309163402350274737e+03 3.183309889832916175e-16
6.312204812534941993e+03 3.276898312594174577e-16
6.315246222719608340e+03 3.491450572635410302e-16
6.318287632904275597e+03 3.238807576095702759e-16
6.321329043088942854e+03 3.329601904624625133e-16
6.324370453273610110e+03 3.258780066645777098e-16
6.327411863458277367e+03 3.440623256029638994e-16
6.330453273642943714e+03 3.536968938899735815e-16
6.333494683827610970e+03 3.616402979507369686e-16
6.336536094012277317e+03 3.308178574153277239e-16
6.339577504196944574e+03 2.987534190054471622e-16
6.342618914381611830e+03 3.284061602973838442e-16
6.345660324566279087e+03 3.101643838669703176e-16
6.348701734750946343e+03 2.967389767925692643e-16
6.351743144935612690e+03 3.119793095268033332e-16
6.354784555120279947e+03 3.196108506546027208e-16
6.357825965304946294e+03 3.203807947042144306e-16
6.360867375489613551e+03 3.026697944845472731e-16
6.363908785674280807e+03 2.904181450663880513e-16
6.366950195858948064e+03 3.300648405639252539e-16
6.369991606043615320e+03 3.153647507630794453e-16
6.373033016228281667e+03 3.286536912135072963e-16
6.376074426412948924e+03 3.236649947989067882e-16
6.379115836597615271e+03 2.986373230720814316e-16
6.382157246782282527e+03 3.173613101567270927e-16
6.385198656966949784e+03 3.245370805682434567e-16
6.388240067151617041e+03 3.117221614625458211e-16
6.391281477336284297e+03 2.977043037129717565e-16
6.394322887520951554e+03 3.011839448161740357e-16
6.397364297705617901e+03 2.826182828551819689e-16
6.400405707890284248e+03 2.932755020028333085e-16
6.403447118074951504e+03 3.144425417387422977e-16
6.406488528259618761e+03 3.116608432179583986e-16
6.409529938444286017e+03 3.022465064211738122e-16
6.412571348628953274e+03 2.932342547259695980e-16
6.415612758813620530e+03 2.938235220290328983e-16
6.418654168998286877e+03 3.051345322157146088e-16
6.421695579182953225e+03 2.951767340518772410e-16
6.424736989367620481e+03 3.011180668777137338e-16
6.427778399552287738e+03 3.082460273625277787e-16
6.430819809736954994e+03 3.333470391573901296e-16
6.433861219921622251e+03 3.196909078363894775e-16
6.436902630106289507e+03 3.331431498905341608e-16
6.439944040290955854e+03 3.359037363814146747e-16
6.442985450475622201e+03 3.343926016282319546e-16
6.446026860660289458e+03 3.307037902562773286e-16
6.449068270844956714e+03 3.111908139002752271e-16
6.452109681029623971e+03 3.283747920681421148e-16
6.455151091214291228e+03 3.397359058728710636e-16
6.458192501398958484e+03 3.436817008643315091e-16
6.461233911583624831e+03 3.486998137758694215e-16
6.464275321768292088e+03 3.596063178829475589e-16
6.467316731952958435e+03 3.580505142430938051e-16
6.470358142137625691e+03 3.403453294272784545e-16
6.473399552322292948e+03 3.491345898361613575e-16
6.476440962506960204e+03 3.553715880328915201e-16
6.479482372691627461e+03 3.526571713770326006e-16
6.482523782876293808e+03 3.727765171080758086e-16
6.485565193060961064e+03 3.521550706750166284e-16
6.488606603245627412e+03 3.580999146509526725e-16
6.491648013430294668e+03 3.520808036308845150e-16
6.494689423614961925e+03 3.610977405060871594e-16
6.497730833799629181e+03 3.548238610736622832e-16
6.500772243984296438e+03 3.606447551263098549e-16
6.503813654168962785e+03 3.228892523776068928e-16
6.506855064353630041e+03 3.373386036710047310e-16
6.509896474538296388e+03 3.608836530412218299e-16
6.512937884722963645e+03 3.620407242373897525e-16
6.515979294907630901e+03 3.595361139263840528e-16
6.519020705092298158e+03 3.639749758290524981e-16
6.522062115276965415e+03 3.414568099434753189e-16
6.525103525461631762e+03 3.586783778832563255e-16
6.528144935646299018e+03 3.548083029249514818e-16
6.531186345830965365e+03 3.461307525178926259e-16
6.534227756015632622e+03 3.302542962216945443e-16
6.537269166200299878e+03 3.188855325283103509e-16
6.540310576384967135e+03 3.256219390432729450e-16
6.543351986569634391e+03 3.027640576970670903e-16
6.546393396754300738e+03 2.950250596068535030e-16
6.549434806938967995e+03 2.930952142572029447e-16
6.552476217123634342e+03 2.809430272975338027e-16
6.555517627308301599e+03 2.774851475809746340e-16
6.558559037492968855e+03 2.704167928007260536e-16
6.561600447677636112e+03 2.362893506564778263e-16
6.564641857862303368e+03 2.482333386202256096e-16
6.567683268046969715e+03 2.421548144632086725e-16
6.570724678231636972e+03 2.331229512415306815e-16
6.573766088416303319e+03 2.635389919561532007e-16
6.576807498600970575e+03 2.801002519217989363e-16
6.579848908785637832e+03 2.635742408750289088e-16
6.582890318970305088e+03 2.425585099436856981e-16
6.585931729154972345e+03 2.721522013190089532e-16
6.588973139339638692e+03 2.839151387414862919e-16
6.592014549524305949e+03 2.662713744967931570e-16
6.595055959708972296e+03 2.871285874206791499e-16
6.598097369893639552e+03 2.980876924230806871e-16
6.601138780078306809e+03 3.020774043510981494e-16
6.604180190262974065e+03 3.257294766814002861e-16
6.607221600447641322e+03 2.923877142203870802e-16
6.610263010632307669e+03 3.413478119195665140e-16
6.613304420816974925e+03 3.412914357178664392e-16
6.616345831001641272e+03 3.469601156211658899e-16
6.619387241186308529e+03 3.601347162110701930e-16
6.622428651370975786e+03 3.610166970119195308e-16
6.625470061555643042e+03 3.731668253499407556e-16
6.628511471740310299e+03 3.533599346802001759e-16
6.631552881924976646e+03 3.514052637224072130e-16
6.634594292109643902e+03 3.808736220865018947e-16
6.637635702294310249e+03 3.885292658769944263e-16
6.640677112478977506e+03 3.923845015992737431e-16
6.643718522663644762e+03 3.966079577312844747e-16
6.646759932848312019e+03 4.031017526086931630e-16
6.649801343032979275e+03 3.678710301616871616e-16
6.652842753217646532e+03 3.613321779695330664e-16
6.655884163402312879e+03 3.722767511260178869e-16
6.658925573586979226e+03 3.772597229640562445e-16
6.661966983771646483e+03 3.461801000928416004e-16
6.665008393956313739e+03 3.713457740758089029e-16
6.668049804140980996e+03 3.685936005402685808e-16
6.671091214325648252e+03 3.845248092380643534e-16
6.674132624510315509e+03 4.018048223092148881e-16
6.677174034694981856e+03 3.870052504567306625e-16
6.680215444879648203e+03 3.850155793916612845e-16
6.683256855064315459e+03 3.902676471995216572e-16
6.686298265248982716e+03 3.973734617843866087e-16
6.689339675433649973e+03 3.790490034378539996e-16
6.692381085618317229e+03 3.674374992318598748e-16
6.695422495802984486e+03 3.910551232961908812e-16
6.698463905987650833e+03 3.710713742506303905e-16
6.701505316172318089e+03 3.895592690410071365e-16
6.704546726356984436e+03 3.903027158042823036e-16
6.707588136541651693e+03 3.946662042713107961e-16
6.710629546726318949e+03 4.038628861479951003e-16
6.713670956910986206e+03 3.966921957930918051e-16
6.716712367095653462e+03 3.814815345851786842e-16
6.719753777280319810e+03 3.863668622752591761e-16
6.722795187464987066e+03 3.868915599172494541e-16
6.725836597649653413e+03 3.822358472245715648e-16
6.728878007834320670e+03 3.843295611303267492e-16
6.731919418018987926e+03 3.925743253646393152e-16
6.734960828203655183e+03 3.888026875924158304e-16
6.738002238388322439e+03 3.683310847872394940e-16
6.741043648572988786e+03 3.636886297869615052e-16
6.744085058757656043e+03 3.523064003817343841e-16
6.747126468942322390e+03 3.801306245075271156e-16
6.750167879126989646e+03 3.779854499094286466e-16
6.753209289311656903e+03 3.646332779276655789e-16
6.756250699496324160e+03 3.707786726169103935e-16
6.759292109680991416e+03 3.575446149472037536e-16
6.762333519865657763e+03 3.825347929013785428e-16
6.765374930050325020e+03 3.419811715654541101e-16
6.768416340234991367e+03 3.539486210319596982e-16
6.771457750419658623e+03 3.528729606400473860e-16
6.774499160604325880e+03 3.429385588115049411e-16
6.777540570788993136e+03 3.569267691486689567e-16
6.780581980973660393e+03 3.622110441335891690e-16
6.783623391158326740e+03 3.432439192771134221e-16
6.786664801342993997e+03 3.515147288641691794e-16
6.789706211527660344e+03 3.450430751017463629e-16
6.792747621712327600e+03 3.263393031223155270e-16
6.795789031896994857e+03 3.297538733546591295e-16
6.798830442081662113e+03 3.314894899934495275e-16
6.801871852266329370e+03 3.199526239570590008e-16
6.804913262450995717e+03 3.224996548773075537e-16
6.807954672635662973e+03 3.089589113569908322e-16
6.810996082820329320e+03 3.120709425458248200e-16
6.814037493004996577e+03 3.076980019337169538e-16
6.817078903189663833e+03 2.932930820289332549e-16
6.820120313374331090e+03 2.882124367877851736e-16
6.823161723558998347e+03 2.987903178962283768e-16
6.826203133743664694e+03 3.097133925416505130e-16
6.829244543928331950e+03 2.965667446259159952e-16
6.832285954112998297e+03 2.673303846193633493e-16
6.835327364297665554e+03 2.926546503778468052e-16
6.838368774482332810e+03 2.905427522119368216e-16
6.841410184667000067e+03 3.030152458930336457e-16
6.844451594851667323e+03 2.858241753546524528e-16
6.847493005036333670e+03 2.650971383219414729e-16
6.850534415221000927e+03 2.911107555967019059e-16
6.853575825405667274e+03 2.771978713922165210e-16
6.856617235590334531e+03 2.597263443343550753e-16
6.859658645775001787e+03 2.532149444518215664e-16
6.862700055959669044e+03 2.673058317849864446e-16
6.865741466144336300e+03 2.816009741247243647e-16
6.868782876329002647e+03 2.976158488157252779e-16
6.871824286513669904e+03 2.684784098328552802e-16
6.874865696698336251e+03 2.469257247435989871e-16
6.877907106883003507e+03 2.658406536435477838e-16
6.880948517067670764e+03 2.799084589991268374e-16
6.883989927252338020e+03 2.517031523393479857e-16
6.887031337437005277e+03 2.465891669615232320e-16
6.890072747621672534e+03 2.572491345610191180e-16
6.893114157806338881e+03 2.630960087073743490e-16
6.896155567991005228e+03 2.637261416137648679e-16
6.899196978175672484e+03 2.337095332733246256e-16
6.902238388360339741e+03 2.747973699832706550e-16
6.905279798545006997e+03 2.565335811478868324e-16
6.908321208729674254e+03 2.155955766905723819e-16
6.911362618914341510e+03 2.575015980430625477e-16
6.914404029099007857e+03 2.362930599419808395e-16
6.917445439283674204e+03 2.506818255717466919e-16
6.920486849468341461e+03 2.567760839063384939e-16
6.923528259653008718e+03 2.471050328653199993e-16
6.926569669837675974e+03 2.209019809106718400e-16
6.929611080022343231e+03 2.088198536035311464e-16
6.932652490207010487e+03 2.117160191253830795e-16
6.935693900391676834e+03 2.459848326338427985e-16
6.938735310576343181e+03 2.496240484207937624e-16
6.941776720761010438e+03 2.389383378937188478e-16
6.944818130945677694e+03 2.549288011879499779e-16
6.947859541130344951e+03 2.569466223233730877e-16
6.950900951315012207e+03 2.675993020029534629e-16
6.953942361499679464e+03 2.665001338007535033e-16
6.956983771684345811e+03 2.558453097019061408e-16
6.960025181869013068e+03 3.037228250390283678e-16
6.963066592053679415e+03 2.907347564919749717e-16
6.966108002238346671e+03 3.074972540827804982e-16
6.969149412423013928e+03 3.212138235316926536e-16
6.972190822607681184e+03 3.156193293379762545e-16
6.975232232792348441e+03 3.048629666134283138e-16
6.978273642977014788e+03 3.146380242828710861e-16
6.981315053161682044e+03 3.101159315070429218e-16
6.984356463346348391e+03 3.258472497993614247e-16
6.987397873531015648e+03 3.280551339775860640e-16
6.990439283715682905e+03 3.452637100158715226e-16
6.993480693900350161e+03 3.689953765673999847e-16
6.996522104085017418e+03 3.611298414788285233e-16
6.999563514269683765e+03 3.599981487154206474e-16
7.002604924454351021e+03 3.506425441378178258e-16
7.005646334639017368e+03 3.685973144597247503e-16
7.008687744823684625e+03 3.735447844997023706e-16
7.011729155008351881e+03 3.675286194624796262e-16
7.014770565193019138e+03 3.766021046779017436e-16
7.017811975377686394e+03 3.512425581445136055e-16
7.020853385562352742e+03 3.808469395011190137e-16
7.023894795747019998e+03 3.852194802778128205e-16
7.026936205931686345e+03 4.027063810737682281e-16
7.029977616116353602e+03 4.022746682261381553e-16
7.033019026301020858e+03 3.898939295184211184e-16
7.036060436485688115e+03 4.049041089408612299e-16
7.039101846670355371e+03 3.971877740810991290e-16
7.042143256855021718e+03 3.829306292584780236e-16
7.045184667039688975e+03 3.843450709474779797e-16
7.048226077224355322e+03 3.793665150865266776e-16
7.051267487409022579e+03 3.846416359452710941e-16
7.054308897593689835e+03 3.715141648109992174e-16
7.057350307778357092e+03 3.763747881572936145e-16
7.060391717963024348e+03 4.100592875570864434e-16
7.063433128147690695e+03 3.933150317407811906e-16
7.066474538332357952e+03 3.819184999123161140e-16
7.069515948517024299e+03 3.961367143812307822e-16
7.072557358701691555e+03 4.021450507287905187e-16
7.075598768886358812e+03 4.274795646381901545e-16
7.078640179071026068e+03 4.278567771043517463e-16
7.081681589255693325e+03 4.161596968594557396e-16
7.084722999440359672e+03 4.302714515196725179e-16
7.087764409625026929e+03 4.462874612269298258e-16
7.090805819809693276e+03 4.345577942131789487e-16
7.093847229994360532e+03 4.281974904004944210e-16
7.096888640179027789e+03 4.306018762857861259e-16
7.099930050363695045e+03 4.755299913299019065e-16
7.102971460548362302e+03 5.111660339352659613e-16
7.106012870733028649e+03 4.622706479477251040e-16
7.109054280917695905e+03 4.383534330267291680e-16
7.112095691102362252e+03 4.406845785703300834e-16
7.115137101287029509e+03 4.511612148388873842e-16
7.118178511471696766e+03 4.448876278704937015e-16
7.121219921656364022e+03 4.435622288446802163e-16
7.124261331841031279e+03 4.475967433732159817e-16
7.127302742025697626e+03 4.311862932771027741e-16
7.130344152210364882e+03 4.387792135850851727e-16
7.133385562395031229e+03 4.287814397670841584e-16
7.136426972579698486e+03 4.192638606279890216e-16
7.139468382764365742e+03 4.290214461158793023e-16
7.142509792949032999e+03 4.402552564831603096e-16
7.145551203133700255e+03 4.236980376929310907e-16
7.148592613318367512e+03 4.164289101898783202e-16
7.151634023503033859e+03 4.170768038362422663e-16
7.154675433687700206e+03 3.975411739855857981e-16
7.157716843872367463e+03 3.975708362628855664e-16
7.160758254057034719e+03 4.018242081023585789e-16
7.163799664241701976e+03 4.151250245556136104e-16
7.166841074426369232e+03 4.040478102771247437e-16
7.169882484611036489e+03 3.842544801033288116e-16
7.172923894795702836e+03 4.158274805209865739e-16
7.175965304980369183e+03 3.750199270250498158e-16
7.179006715165036439e+03 3.743135960196703212e-16
7.182048125349703696e+03 3.919358204878089809e-16
7.185089535534370953e+03 3.782899833710279994e-16
7.188130945719038209e+03 3.962210027027008410e-16
7.191172355903705466e+03 4.065469943315449741e-16
7.194213766088371813e+03 3.868180644589208924e-16
7.197255176273039069e+03 3.717262369012081432e-16
7.200296586457705416e+03 4.049017989844522258e-16
7.203337996642372673e+03 3.917508567889524814e-16
7.206379406827039929e+03 4.101809406946325248e-16
7.209420817011707186e+03 4.269231035570667368e-16
7.212462227196374442e+03 4.234187755451351885e-16
7.215503637381040789e+03 4.470746265188787435e-16
7.218545047565708046e+03 4.368777399036235556e-16
7.221586457750374393e+03 4.493438938413620339e-16
7.224627867935041650e+03 4.322257110425683916e-16
7.227669278119708906e+03 4.262897237485483196e-16
7.230710688304376163e+03 4.302647338719426609e-16
7.233752098489043419e+03 4.151710591393866793e-16
7.236793508673709766e+03 3.927672989724580984e-16
7.239834918858377023e+03 4.386303098791857389e-16
7.242876329043043370e+03 4.254568101989326233e-16
7.245917739227710626e+03 4.034570312681140653e-16
7.248959149412377883e+03 4.270202880312457867e-16
7.252000559597045140e+03 4.238123545862653794e-16
7.255041969781712396e+03 4.246664338215059587e-16
7.258083379966378743e+03 4.170047386156740040e-16
7.261124790151046000e+03 4.188044055898357530e-16
7.264166200335712347e+03 4.264533549394637951e-16
7.267207610520379603e+03 4.147703763608588835e-16
7.270249020705046860e+03 4.440115177586840211e-16
7.273290430889714116e+03 4.399897355432881848e-16
7.276331841074381373e+03 4.515207640052633086e-16
7.279373251259047720e+03 4.486793249387848365e-16
7.282414661443714976e+03 4.450922906039268454e-16
7.285456071628381324e+03 4.563178055116353515e-16
7.288497481813048580e+03 4.461867414232034380e-16
7.291538891997715837e+03 4.374950044070015937e-16
7.294580302182383093e+03 4.607730217494079591e-16
7.297621712367050350e+03 4.513352626344536682e-16
7.300663122551716697e+03 4.440420911876511274e-16
7.303704532736383953e+03 4.834424228783618295e-16
7.306745942921050300e+03 4.760831189619949966e-16
7.309787353105717557e+03 4.434204133116053820e-16
7.312828763290384813e+03 4.817277254721127963e-16
7.315870173475052070e+03 5.051553306933700431e-16
7.318911583659719327e+03 4.441615429761752977e-16
7.321952993844385674e+03 4.235639147902139882e-16
7.324994404029052930e+03 4.289851775836076456e-16
7.328035814213719277e+03 4.589543005177852317e-16
7.331077224398386534e+03 4.382283352294804533e-16
7.334118634583053790e+03 4.069848488023214690e-16
7.337160044767721047e+03 4.405344975859154429e-16
7.340201454952388303e+03 4.076100392098704325e-16
7.343242865137054650e+03 4.214166095445975724e-16
7.346284275321721907e+03 4.087119967359724601e-16
7.349325685506388254e+03 3.824588037880798196e-16
7.352367095691055511e+03 3.803476457961603710e-16
7.355408505875722767e+03 3.802109027746744199e-16
7.358449916060390024e+03 3.745671108610579169e-16
7.361491326245057280e+03 3.695655157781651612e-16
7.364532736429723627e+03 3.769690123921238336e-16
7.367574146614390884e+03 3.633231454767640929e-16
7.370615556799057231e+03 3.633301585608670977e-16
7.373656966983724487e+03 3.558822228209743586e-16
7.376698377168391744e+03 3.687017212065198027e-16
7.379739787353059000e+03 3.272733016025275303e-16
7.382781197537726257e+03 3.363261077213733964e-16
7.385822607722393514e+03 3.424848471326574636e-16
7.388864017907059861e+03 3.284337965835190518e-16
7.391905428091726208e+03 3.410524354869684669e-16
7.394946838276393464e+03 3.113526912202580499e-16
7.397988248461060721e+03 2.995343939586777260e-16
7.401029658645727977e+03 3.112237273698713056e-16
7.404071068830395234e+03 3.103920832736816147e-16
7.407112479015062490e+03 3.231792977541293573e-16
7.410153889199728837e+03 3.072970070442069471e-16
7.413195299384395184e+03 3.058834233874311733e-16
7.416236709569062441e+03 3.088268724872709426e-16
7.419278119753729698e+03 2.740303572636353547e-16
7.422319529938396954e+03 2.753426103972965092e-16
7.425360940123064211e+03 2.547163631725004602e-16
7.428402350307731467e+03 2.913704206848252514e-16
7.431443760492397814e+03 2.835040079177540522e-16
7.434485170677064161e+03 2.555913781888713323e-16
7.437526580861731418e+03 2.526550161305926960e-16
7.440567991046398674e+03 2.620360391608978622e-16
7.443609401231065931e+03 2.611964353629332435e-16
7.446650811415733187e+03 2.659104081592917750e-16
7.449692221600400444e+03 2.626996152667612819e-16
7.452733631785066791e+03 2.509899298388420031e-16
7.455775041969734048e+03 2.440832384024889458e-16
7.458816452154400395e+03 2.052739687147320316e-16
7.461857862339067651e+03 2.078958777393058255e-16
7.464899272523734908e+03 2.506308436412587172e-16
7.467940682708402164e+03 2.574292356859780740e-16
7.470982092893069421e+03 2.438585275044447888e-16
7.474023503077735768e+03 2.339255229220225434e-16
7.477064913262403024e+03 2.498323944350000916e-16
7.480106323447069371e+03 2.595880403719512710e-16
7.483147733631736628e+03 2.585395229695374001e-16
7.486189143816403885e+03 2.323251699578925301e-16
7.489230554001071141e+03 2.384485623746902063e-16
7.492271964185738398e+03 2.441503563625575516e-16
7.495313374370404745e+03 2.640836467037505523e-16
7.498354784555072001e+03 2.549775366809251831e-16
7.501396194739738348e+03 2.446207362854257066e-16
7.504437604924405605e+03 2.441368779578498692e-16
7.507479015109072861e+03 2.417126328946051917e-16
7.510520425293740118e+03 2.443046889655819688e-16
7.513561835478407374e+03 2.510976231647027894e-16
7.516603245663073722e+03 2.407966178256995713e-16
7.519644655847740978e+03 2.552911943822320153e-16
7.522686066032407325e+03 2.446204479564159746e-16
7.525727476217074582e+03 2.398813075684256235e-16
7.528768886401741838e+03 2.543014423177726351e-16
7.531810296586409095e+03 2.528350704669024459e-16
7.534851706771076351e+03 2.668345746166138502e-16
7.537893116955742698e+03 2.609987624937177355e-16
7.540934527140409955e+03 2.645665413729221397e-16
7.543975937325076302e+03 2.722934555367485549e-16
7.547017347509743558e+03 2.529721820209896542e-16
7.550058757694410815e+03 2.502575201810694630e-16
7.553100167879078072e+03 2.550050610110858604e-16
7.556141578063745328e+03 2.616013903145745040e-16
7.559182988248411675e+03 2.354017609490803968e-16
7.562224398433078932e+03 2.464899262070182739e-16
7.565265808617745279e+03 2.693510644923523132e-16
7.568307218802412535e+03 2.474889631155091589e-16
7.571348628987079792e+03 2.522094430571418514e-16
7.574390039171747048e+03 2.544617219683288842e-16
7.577431449356414305e+03 2.359098871322310660e-16
7.580472859541080652e+03 2.389995640504865044e-16
7.583514269725747909e+03 2.228665716438693128e-16
7.586555679910414256e+03 2.362074406357005173e-16
7.589597090095081512e+03 2.339792295970445724e-16
7.592638500279748769e+03 2.337610854341864567e-16
7.595679910464416025e+03 2.536140592521359021e-16
7.598721320649083282e+03 2.255344096020082183e-16
7.601762730833749629e+03 2.673050160786780570e-16
7.604804141018416885e+03 2.463226386907245432e-16
7.607845551203083232e+03 2.183545641295515547e-16
7.610886961387750489e+03 2.223805716384903519e-16
7.613928371572417745e+03 2.015196504559496300e-16
7.616969781757085002e+03 1.994948754258232939e-16
7.620011191941752259e+03 2.545698057722527687e-16
7.623052602126418606e+03 2.279332680156436061e-16
7.626094012311085862e+03 2.059056108361469818e-16
7.629135422495752209e+03 2.332823748168031106e-16
7.632176832680419466e+03 2.386584568743752208e-16
7.635218242865086722e+03 2.337588494127879521e-16
7.638259653049753979e+03 2.343768995185322955e-16
7.641301063234421235e+03 2.503531876296488298e-16
7.644342473419088492e+03 2.076517394714278073e-16
7.647383883603754839e+03 2.516487562949362131e-16
7.650425293788421186e+03 2.615722868140147518e-16
7.653466703973088443e+03 2.410066803866631819e-16
7.656508114157755699e+03 2.096346948133797764e-16
7.659549524342422956e+03 2.368381099439129401e-16
7.662590934527090212e+03 2.337484648153405128e-16
7.665632344711757469e+03 2.241800729958170876e-16
7.668673754896423816e+03 2.480829913107812731e-16
7.671715165081090163e+03 2.135741176858582528e-16
7.674756575265757419e+03 2.169673713602735430e-16
7.677797985450424676e+03 2.377121583272799373e-16
7.680839395635091932e+03 2.567846128837217262e-16
7.683880805819759189e+03 2.596039815396174042e-16
7.686922216004426446e+03 2.458457926955000549e-16
7.689963626189092793e+03 2.274171557219271175e-16
7.693005036373760049e+03 2.649243217753542799e-16
7.696046446558426396e+03 2.406834121847177123e-16
7.699087856743093653e+03 2.362684790563940876e-16
7.702129266927760909e+03 2.683491248375699620e-16
7.705170677112428166e+03 2.804009425820753157e-16
7.708212087297095422e+03 2.644317827636689814e-16
7.711253497481761769e+03 2.897989866987950293e-16
7.714294907666429026e+03 2.538684768329132349e-16
7.717336317851095373e+03 2.915601762505105078e-16
7.720377728035762630e+03 3.098496206079743752e-16
7.723419138220429886e+03 2.960021341058314275e-16
7.726460548405097143e+03 3.161427237084784032e-16
7.729501958589764399e+03 3.146021708704775668e-16
7.732543368774430746e+03 3.285511529170718686e-16
7.735584778959098003e+03 3.472769965029009109e-16
7.738626189143764350e+03 3.196463207727018285e-16
7.741667599328431606e+03 3.209144052678231761e-16
7.744709009513098863e+03 3.299396684609407095e-16
7.747750419697766119e+03 3.170069508197189792e-16
7.750791829882433376e+03 3.317117042333046652e-16
7.753833240067099723e+03 3.283487051192251706e-16
7.756874650251766980e+03 3.394128025374488201e-16
7.759916060436433327e+03 3.172851579375944648e-16
7.762957470621100583e+03 3.517850054779131420e-16
7.765998880805767840e+03 3.372800955478764343e-16
7.769040290990435096e+03 3.560769320577579894e-16
7.772081701175102353e+03 3.284414186632519829e-16
7.775123111359768700e+03 3.410109071283344241e-16
7.778164521544435956e+03 3.546367650136296633e-16
7.781205931729102304e+03 3.576387873595292158e-16
7.784247341913769560e+03 3.595575554161440123e-16
7.787288752098436817e+03 3.870579502695090494e-16
7.790330162283104073e+03 3.745250207762641308e-16
7.793371572467771330e+03 3.479046362340096381e-16
7.796412982652437677e+03 3.338568468935321090e-16
7.799454392837104933e+03 3.460671117142821612e-16
7.802495803021771280e+03 3.677769901431947535e-16
7.805537213206438537e+03 3.731809529783913422e-16
7.808578623391105793e+03 3.266665778030052366e-16
7.811620033575773050e+03 3.429707526621566131e-16
7.814661443760440307e+03 3.800523043741484858e-16
7.817702853945106654e+03 3.566744845673583248e-16
7.820744264129773910e+03 3.276238050137735036e-16
7.823785674314440257e+03 3.262017788322484431e-16
7.826827084499107514e+03 3.538774255329380229e-16
7.829868494683774770e+03 3.380291779259931645e-16
7.832909904868442027e+03 3.309788429722836456e-16
7.835951315053109283e+03 3.562320398494269140e-16
7.838992725237775630e+03 3.597560923424449686e-16
7.842034135422442887e+03 3.291194099848990519e-16
7.845075545607109234e+03 3.284038578564841894e-16
7.848116955791776491e+03 3.569867213109109653e-16
7.851158365976443747e+03 3.154840391208109842e-16
7.854199776161111004e+03 3.497912845710912234e-16
7.857241186345778260e+03 3.381857088674578019e-16
7.860282596530444607e+03 3.176802100165270093e-16
7.863324006715111864e+03 3.547187864077894324e-16
7.866365416899778211e+03 3.628054126297336094e-16
7.869406827084445467e+03 3.393267985816112483e-16
7.872448237269112724e+03 3.403403477450885430e-16
7.875489647453779980e+03 3.058321399062176922e-16
7.878531057638447237e+03 3.247108440277860780e-16
7.881572467823114494e+03 3.229102028054528769e-16
7.884613878007780841e+03 3.463564200792875963e-16
7.887655288192447188e+03 3.229814697645727517e-16
7.890696698377114444e+03 3.008110427950838845e-16
7.893738108561781701e+03 2.930345918296369110e-16
7.896779518746448957e+03 3.124669543853783361e-16
7.899820928931116214e+03 2.967898443784277142e-16
7.902862339115782561e+03 3.085582618573202427e-16
7.905903749300449817e+03 3.139962058995863757e-16
7.908945159485117074e+03 3.109102177393093547e-16
7.911986569669783421e+03 2.783998179581445105e-16
7.915027979854450678e+03 3.245149671999905915e-16
7.918069390039117934e+03 3.250853772269159451e-16
7.921110800223785191e+03 3.055331110380307464e-16
7.924152210408451538e+03 2.607542290895066281e-16
7.927193620593118794e+03 3.057926483036655088e-16
7.930235030777786051e+03 2.935617421120034115e-16
7.933276440962452398e+03 2.888807701421872298e-16
7.936317851147119654e+03 2.981586646495158949e-16
7.939359261331786911e+03 2.968684379414751246e-16
7.942400671516454167e+03 3.081461290904513581e-16
7.945442081701120514e+03 3.068688564516572564e-16
7.948483491885787771e+03 3.187166517520225915e-16
7.951524902070455028e+03 2.970345564239694033e-16
7.954566312255121375e+03 2.998933420930149913e-16
7.957607722439788631e+03 3.055699509936222394e-16
7.960649132624455888e+03 3.326489749994725270e-16
7.963690542809123144e+03 3.020229360116156404e-16
7.966731952993789491e+03 2.426939479400241325e-16
7.969773363178456748e+03 2.792995015150348936e-16
7.972814773363124004e+03 2.821888143986659481e-16
7.975856183547791261e+03 2.957059869939928732e-16
7.978897593732457608e+03 2.937595770536455807e-16
7.981939003917124865e+03 2.770000750581585739e-16
7.984980414101792121e+03 2.667888115130102780e-16
7.988021824286458468e+03 2.713801741449915322e-16
7.991063234471125725e+03 2.761253324469006528e-16
7.994104644655792981e+03 2.919761383327599977e-16
7.997146054840460238e+03 2.953925030179862817e-16
8.000187465025126585e+03 2.750811125936502849e-16
8.003228875209793841e+03 2.861436865118476635e-16
8.006270285394461098e+03 2.672168033365665440e-16
8.009311695579127445e+03 2.748767398550643479e-16
8.012353105763794701e+03 2.697710180550750810e-16
8.015394515948461958e+03 2.737900565016528385e-16
8.018435926133129215e+03 2.768941190254937429e-16
8.021477336317795562e+03 2.692682738709009707e-16
8.024518746502462818e+03 2.750259088756308335e-16
8.027560156687130075e+03 2.742605604662630333e-16
8.030601566871796422e+03 2.800134656520899819e-16
8.033642977056463678e+03 2.644479998848579145e-16
8.036684387241130935e+03 2.507080605670318279e-16
8.039725797425798191e+03 2.827997070730440565e-16
8.042767207610464538e+03 2.741004387370764633e-16
8.045808617795131795e+03 2.456997272205769167e-16
8.048850027979799052e+03 2.257252308868408737e-16
8.051891438164465399e+03 2.148100827114663622e-16
8.054932848349132655e+03 2.410277054103651105e-16
8.057974258533799912e+03 2.465551449144004502e-16
8.061015668718467168e+03 2.586210237115383597e-16
8.064057078903133515e+03 2.453294277385752423e-16
8.067098489087800772e+03 2.501039714500883921e-16
8.070139899272468028e+03 2.438350555244548330e-16
8.073181309457134375e+03 2.634381046735593420e-16
8.076222719641801632e+03 2.257960799040738795e-16
8.079264129826468888e+03 2.425275188796965442e-16
8.082305540011136145e+03 2.609635199505379397e-16
8.085346950195802492e+03 2.424885306744822767e-16
8.088388360380469749e+03 2.245315741631128824e-16
8.091429770565137005e+03 2.376792359824516000e-16
8.094471180749803352e+03 2.105321369690659695e-16
8.097512590934470609e+03 1.966446879583247796e-16
8.100554001119137865e+03 2.638764005967173325e-16
8.103595411303805122e+03 2.232635360411746220e-16
8.106636821488471469e+03 2.096032880294675576e-16
8.109678231673138725e+03 2.173796183258978892e-16
8.112719641857805982e+03 2.025617447666578910e-16
8.115761052042473239e+03 2.186889068662203078e-16
8.118802462227139586e+03 2.052211892029833503e-16
8.121843872411806842e+03 2.009416215027757315e-16
8.124885282596474099e+03 1.827625310546983516e-16
8.127926692781140446e+03 2.154563361150131772e-16
8.130968102965807702e+03 1.814014282205582600e-16
8.134009513150474959e+03 1.829217586922414299e-16
8.137050923335142215e+03 1.802733285200861794e-16
8.140092333519808562e+03 1.542645545587016293e-16
8.143133743704475819e+03 1.520960402177079290e-16
8.146175153889143076e+03 1.647352955680447846e-16
8.149216564073809423e+03 1.746093538829405253e-16
8.152257974258476679e+03 1.573817957833024707e-16
8.155299384443143936e+03 1.312667906715839346e-16
8.158340794627811192e+03 1.654641428156880080e-16
8.161382204812477539e+03 1.405013157495230005e-16
8.164423614997144796e+03 1.297285199323613502e-16
8.167465025181812052e+03 1.272550705822465947e-16
8.170506435366478399e+03 1.472582308830374609e-16
8.173547845551145656e+03 1.441209208213916504e-16
8.176589255735812912e+03 1.379506410411893183e-16
8.179630665920480169e+03 1.489453328025220057e-16
8.182672076105146516e+03 1.488126170499877326e-16
8.185713486289813773e+03 1.421588565989793051e-16
8.188754896474481029e+03 1.349327230283404624e-16
8.191796306659147376e+03 1.175476240831635368e-16
8.194837716843814633e+03 1.080558516422017797e-16
8.197879127028481889e+03 1.355166620809871778e-16
8.200920537213149146e+03 1.209937589968709965e-16
8.203961947397816402e+03 1.241272086450255567e-16
8.207003357582481840e+03 1.229086171325167271e-16
8.210044767767150915e+03 1.038579275638023220e-16
8.213086177951816353e+03 1.027729010339290745e-16
8.216127588136483610e+03 9.437848617943477107e-17
8.219168998321150866e+03 1.071799149175789633e-16
8.222210408505818123e+03 1.090163016723047737e-16
8.225251818690485379e+03 1.090036652130548404e-16
8.228293228875150817e+03 1.060037402980886342e-16
8.231334639059819892e+03 1.149468866119857797e-16
8.234376049244485330e+03 1.120083280179389781e-16
8.237417459429152586e+03 1.035729487085807707e-16
8.240458869613819843e+03 1.105989036694989389e-16
8.243500279798487099e+03 1.002582720965810977e-16
8.246541689983154356e+03 1.096137579764427956e-16
8.249583100167819794e+03 1.170340764828821485e-16
8.252624510352488869e+03 1.058150694913147174e-16
8.255665920537154307e+03 1.111143378440262127e-16
8.258707330721821563e+03 8.017143354815831879e-17
8.261748740906488820e+03 8.087198158229531449e-17
8.264790151091156076e+03 7.946122692261936855e-17
8.267831561275823333e+03 1.006888107185757849e-16
8.270872971460488770e+03 1.146759787132518821e-16
8.273914381645157846e+03 9.166774971204650850e-17
8.276955791829823283e+03 1.142493265817359350e-16
8.279997202014490540e+03 1.048642198270882558e-16
8.283038612199157797e+03 1.086450588322007017e-16
8.286080022383825053e+03 8.404154768890393407e-17
8.289121432568492310e+03 4.437626058732706107e-17
8.292162842753157747e+03 5.732217110351171358e-17
8.295204252937826823e+03 7.410263915206367217e-17
8.298245663122492260e+03 7.818528688816147122e-17
8.301287073307159517e+03 7.564660862554084879e-17
8.304328483491826773e+03 9.553908285380612552e-17
8.307369893676494030e+03 9.098147452550331546e-17
8.310411303861161286e+03 6.496345645822134553e-17
8.313452714045826724e+03 1.047231241916368958e-16
8.316494124230495800e+03 9.418784803534349395e-17
8.319535534415161237e+03 8.266757133975159069e-17
8.322576944599828494e+03 1.111091640432563521e-16
8.325618354784495750e+03 1.153594138517704001e-16
8.328659764969163007e+03 6.907300881779924889e-17
8.331701175153830263e+03 7.604837168189501805e-17
8.334742585338495701e+03 9.357357610433764190e-17
8.337783995523164776e+03 8.708510461448216681e-17
8.340825405707830214e+03 3.819787717427728935e-17
8.343866815892497470e+03 5.196827303095822103e-17
8.346908226077164727e+03 9.495267476333421577e-17
8.349949636261831984e+03 7.356274866222426483e-17
8.352991046446499240e+03 8.903431678871672470e-17
8.356032456631164678e+03 9.854493666129084433e-17
8.359073866815833753e+03 8.487582299423832844e-17
8.362115277000499191e+03 1.145014833598188117e-16
8.365156687185166447e+03 7.487553858460193557e-17
8.368198097369833704e+03 8.851105177895027127e-17
8.371239507554500960e+03 9.031478183436895152e-17
8.374280917739168217e+03 6.976339389168801363e-17
8.377322327923833654e+03 6.968908469984962637e-17
8.380363738108502730e+03 7.527734041745895233e-17
8.383405148293168168e+03 9.829237055493536663e-17
8.386446558477835424e+03 7.173028884661117265e-17
8.389487968662502681e+03 5.862730558856197994e-17
8.392529378847169937e+03 7.653017152511418249e-17
8.395570789031837194e+03 1.011797309445433800e-16
8.398612199216502631e+03 1.084546784359567173e-16
8.401653609401171707e+03 8.978610635435230688e-17
8.404695019585837144e+03 1.120743408019780325e-16
8.407736429770504401e+03 1.330970723914131661e-16
8.410777839955171657e+03 1.172179455938215642e-16
8.413819250139838914e+03 9.605700989867330447e-17
8.416860660324506171e+03 8.497360808226296192e-17
8.419902070509171608e+03 1.070776995339475361e-16
8.422943480693840684e+03 1.218732862168186577e-16
8.425984890878506121e+03 1.744033659258857679e-16
8.429026301063173378e+03 1.759547778494685682e-16
8.432067711247840634e+03 1.771625898977135148e-16
8.435109121432507891e+03 1.969952043592076672e-16
8.438150531617175147e+03 1.683715583023838578e-16
8.441191941801840585e+03 1.624793062768336767e-16
8.444233351986509660e+03 1.879624980852302630e-16
8.447274762171175098e+03 1.894447504267464704e-16
8.450316172355842355e+03 1.685616961108015115e-16
8.453357582540509611e+03 1.772713623030305980e-16
8.456398992725176868e+03 2.168769981925512036e-16
8.459440402909844124e+03 2.104167954805461187e-16
8.462481813094509562e+03 2.757488975825958522e-16
8.465523223279178637e+03 2.914061904653721535e-16
8.468564633463844075e+03 2.304704500701267207e-16
8.471606043648511331e+03 2.787276861837533028e-16
8.474647453833178588e+03 2.906032084153119982e-16
8.477688864017845845e+03 3.443961655523456497e-16
8.480730274202513101e+03 3.661679232246738289e-16
8.483771684387178539e+03 3.342205271882515767e-16
8.486813094571847614e+03 3.062479941834343616e-16
8.489854504756513052e+03 3.230098087358568893e-16
8.492895914941182127e+03 3.357333546206713249e-16
8.495937325125847565e+03 3.344091037649825969e-16
8.498978735310514821e+03 3.428504533638679765e-16
8.502020145495182078e+03 3.409060512793088675e-16
8.505061555679847515e+03 3.935196862608500817e-16
8.508102965864516591e+03 3.597177385678569164e-16
8.511144376049182029e+03 3.252265340181440712e-16
8.514185786233851104e+03 3.446093830451876935e-16
8.517227196418516542e+03 3.539567326615768902e-16
8.520268606603183798e+03 3.562776526579402298e-16
8.523310016787851055e+03 3.729134526809591684e-16
8.526351426972516492e+03 3.804447815064193380e-16
8.529392837157185568e+03 3.693672306891098683e-16
8.532434247341851005e+03 3.940474869047373664e-16
8.535475657526520081e+03 3.722591671238296168e-16
8.538517067711185518e+03 3.729865045885080741e-16
8.541558477895852775e+03 4.251000563720343512e-16
8.544599888080520032e+03 4.217872079868777587e-16
8.547641298265185469e+03 4.286498383273710764e-16
8.550682708449854545e+03 4.263915603116191160e-16
8.553724118634519982e+03 4.917390914409790296e-16
8.556765528819189058e+03 4.697901582704974646e-16
8.559806939003854495e+03 4.914133243407639543e-16
8.562848349188521752e+03 5.183348948111907667e-16
8.565889759373189008e+03 5.459423079289312164e-16
8.568931169557854446e+03 5.277325237282971916e-16
8.571972579742523521e+03 5.286685598406566376e-16
8.575013989927188959e+03 5.270083209547911556e-16
8.578055400111858035e+03 5.635815416392167700e-16
8.581096810296523472e+03 5.850728261506542529e-16
8.584138220481190729e+03 6.200852514185134604e-16
8.587179630665857985e+03 6.194782385967068547e-16
8.590221040850523423e+03 6.437828496183825816e-16
8.593262451035192498e+03 6.431453810191413861e-16
8.596303861219857936e+03 6.412860410013471344e-16
8.599345271404527011e+03 6.502416809696374382e-16
8.602386681589192449e+03 6.996094703175022552e-16
8.605428091773859705e+03 6.715358127478218630e-16
8.608469501958526962e+03 6.691138724829403239e-16
8.611510912143194219e+03 7.395822206676781381e-16
8.614552322327861475e+03 7.199913452713602086e-16
8.617593732512526913e+03 7.410543945485361653e-16
8.620635142697195988e+03 7.631006155499535939e-16
8.623676552881861426e+03 7.334103851116340234e-16
8.626717963066528682e+03 8.142628532360819901e-16
8.629759373251195939e+03 7.921955732793735146e-16
8.632800783435863195e+03 7.684996651554158783e-16
8.635842193620530452e+03 7.547578464165282953e-16
8.638883603805195889e+03 7.991871645973992098e-16
8.641925013989864965e+03 8.473801648369756281e-16
8.644966424174530403e+03 8.493546375868447500e-16
8.648007834359197659e+03 8.761607186058298427e-16
8.651049244543864916e+03 9.183397488914748029e-16
8.654090654728532172e+03 9.040830597940843592e-16
8.657132064913199429e+03 8.484496978937445052e-16
8.660173475097864866e+03 8.764687315904667982e-16
8.663214885282533942e+03 8.506377603447113724e-16
8.666256295467199379e+03 7.932758717794951721e-16
8.669297705651866636e+03 8.245323100797464296e-16
8.672339115836533892e+03 8.425756620445557600e-16
8.675380526021201149e+03 8.338372571351847243e-16
8.678421936205868406e+03 8.539813079845450767e-16
8.681463346390533843e+03 8.518924940839721221e-16
8.684504756575202919e+03 8.469680080211084966e-16
8.687546166759868356e+03 8.523986509642977064e-16
8.690587576944535613e+03 8.522630163707367565e-16
8.693628987129202869e+03 7.862045548379409555e-16
8.696670397313870126e+03 7.832911621246695871e-16
8.699711807498537382e+03 7.839023877088663487e-16
8.702753217683202820e+03 8.225106522143026920e-16
8.705794627867871895e+03 8.276462255308158631e-16
8.708836038052537333e+03 8.095470934336102167e-16
8.711877448237204590e+03 8.342412619640704750e-16
8.714918858421871846e+03 8.240665694959153414e-16
8.717960268606539103e+03 8.127260070495052263e-16
8.721001678791206359e+03 8.405800853259437460e-16
8.724043088975871797e+03 8.147047207079452171e-16
8.727084499160540872e+03 7.550636688082846100e-16
8.730125909345206310e+03 7.867136105199721031e-16
8.733167319529873566e+03 7.458410120675358235e-16
8.736208729714540823e+03 7.880900983486185338e-16
8.739250139899208079e+03 8.263012286021909469e-16
8.742291550083875336e+03 7.391510620023850582e-16
8.745332960268540774e+03 7.568070112305317126e-16
8.748374370453209849e+03 7.272855194130311311e-16
8.751415780637875287e+03 6.996090718441824705e-16
8.754457190822542543e+03 7.325280081023604384e-16
8.757498601007209800e+03 7.372676018944505343e-16
8.760540011191877056e+03 7.474606398239872884e-16
8.763581421376544313e+03 7.167639164752813396e-16
8.766622831561209750e+03 7.164615396080905784e-16
8.769664241745878826e+03 7.184929111853568270e-16
8.772705651930544263e+03 6.637147005991178020e-16
8.775747062115211520e+03 6.684331777208800839e-16
8.778788472299878777e+03 6.613437635460883572e-16
8.781829882484546033e+03 6.570276576757594687e-16
8.784871292669213290e+03 6.267171983429954665e-16
8.787912702853878727e+03 6.634240391886639572e-16
8.790954113038547803e+03 6.622415705154683418e-16
8.793995523223213240e+03 6.787180880576340018e-16
8.797036933407880497e+03 6.439126328826661346e-16
8.800078343592547753e+03 6.136674548915202218e-16
8.803119753777215010e+03 6.097258773333966220e-16
8.806161163961882266e+03 5.991397629062237777e-16
8.809202574146547704e+03 5.908165259856088680e-16
8.812243984331216780e+03 6.209507550963799929e-16
8.815285394515882217e+03 5.747227037178313419e-16
8.818326804700549474e+03 5.395582601561069479e-16
8.821368214885216730e+03 5.449248875230306908e-16
8.824409625069883987e+03 5.657621067793370689e-16
8.827451035254551243e+03 4.767085273767057524e-16
8.830492445439216681e+03 5.803844823859427014e-16
8.833533855623885756e+03 5.201536922941692365e-16
8.836575265808551194e+03 5.064329336956639429e-16
8.839616675993218450e+03 4.967735293755797534e-16
8.842658086177885707e+03 5.476121924181563098e-16
8.845699496362552964e+03 5.080361393683836981e-16
8.848740906547220220e+03 4.722406301330042589e-16
8.851782316731885658e+03 5.159808298323440852e-16
8.854823726916554733e+03 4.816810516946420188e-16
8.857865137101220171e+03 4.332445939257060724e-16
8.860906547285887427e+03 4.437593836919626149e-16
8.863947957470554684e+03 4.625491743992645164e-16
8.866989367655221940e+03 4.752671362986914067e-16
8.870030777839889197e+03 4.663361177998197113e-16
8.873072188024554634e+03 4.214072960417848696e-16
8.876113598209223710e+03 4.209122745427812530e-16
8.879155008393889148e+03 4.485196807203097776e-16
8.882196418578556404e+03 4.336345603663385489e-16
8.885237828763223661e+03 3.943540263661684983e-16
8.888279238947890917e+03 3.499529034976478994e-16
8.891320649132558174e+03 3.560944029282834620e-16
8.894362059317223611e+03 3.924701150276297294e-16
8.897403469501892687e+03 4.250897781863285726e-16
8.900444879686558124e+03 3.584635990003151340e-16
8.903486289871225381e+03 3.882272152208358991e-16
8.906527700055892637e+03 3.645636817194475545e-16
8.909569110240559894e+03 3.639766054199840928e-16
8.912610520425227151e+03 3.382208290338144538e-16
8.915651930609892588e+03 3.052061600536379904e-16
8.918693340794561664e+03 3.494569394659252138e-16
8.921734750979227101e+03 2.954280815046886250e-16
8.924776161163894358e+03 3.077489307526239551e-16
8.927817571348561614e+03 3.544098504344083472e-16
8.930858981533228871e+03 3.557470921661961143e-16
8.933900391717896127e+03 2.912518524457173089e-16
8.936941801902561565e+03 3.071727897699695015e-16
8.939983212087230640e+03 3.368619407769346209e-16
8.943024622271896078e+03 3.475882310775346109e-16
8.946066032456563335e+03 2.506771674217345261e-16
8.949107442641230591e+03 2.897004424882503833e-16
8.952148852825897848e+03 2.500284443440329952e-16
8.955190263010565104e+03 2.469181234718382963e-16
8.958231673195230542e+03 1.929378152836585642e-16
8.961273083379899617e+03 2.559000249537955021e-16
8.964314493564565055e+03 2.859062111886999730e-16
8.967355903749232311e+03 2.665249569130641015e-16
8.970397313933899568e+03 2.439749562486771231e-16
8.973438724118566824e+03 2.641585199499938679e-16
8.976480134303234081e+03 2.574581128136546865e-16
8.979521544487899519e+03 2.711658577722959336e-16
8.982562954672568594e+03 2.532466090424206228e-16
8.985604364857234032e+03 2.748881535543555466e-16
8.988645775041903107e+03 1.797818620254706518e-16
8.991687185226568545e+03 2.301834869451510716e-16
8.994728595411235801e+03 2.729669088630743268e-16
8.997770005595903058e+03 2.401299528225829022e-16
9.000811415780568495e+03 2.236504783639377425e-16
9.003852825965237571e+03 2.943824299528216010e-16
9.006894236149903008e+03 2.130406279590535604e-16
9.009935646334572084e+03 2.644212788503032518e-16
9.012977056519237522e+03 2.384093828152116358e-16
9.016018466703904778e+03 1.761386844403047198e-16
9.019059876888572035e+03 2.474687093136044266e-16
9.022101287073237472e+03 2.615071574694651195e-16
9.025142697257906548e+03 1.866810900257147792e-16
9.028184107442571985e+03 2.099124551365489826e-16
9.031225517627241061e+03 2.571949609624268592e-16
9.034266927811906498e+03 2.512625803636104887e-16
9.037308337996573755e+03 2.417766165218087046e-16
9.040349748181241011e+03 2.448071348716872391e-16
9.043391158365906449e+03 2.248037638706682437e-16
9.046432568550575525e+03 2.775040866536683360e-16
9.049473978735240962e+03 2.448376401837462463e-16
9.052515388919910038e+03 2.233498103917309264e-16
9.055556799104575475e+03 2.045133265156378527e-16
9.058598209289242732e+03 2.395386927582618014e-16
9.061639619473909988e+03 2.235413560817775636e-16
9.064681029658575426e+03 2.388391736866165080e-16
9.067722439843244501e+03 2.409327220963078817e-16
9.070763850027909939e+03 2.471869183575708796e-16
9.073805260212579014e+03 2.697333871717962726e-16
9.076846670397244452e+03 2.830081351371418198e-16
9.079888080581911709e+03 2.350623819005764804e-16
9.082929490766578965e+03 2.820859416816944230e-16
9.085970900951244403e+03 2.453686409826408195e-16
9.089012311135913478e+03 1.780214991620905662e-16
9.092053721320578916e+03 2.329416102136908334e-16
9.095095131505247991e+03 2.163708840651465466e-16
9.098136541689913429e+03 2.528369507485919121e-16
9.101177951874580685e+03 1.963696425515217277e-16
9.104219362059247942e+03 2.413812341649536200e-16
9.107260772243915198e+03 2.456040816529545306e-16
9.110302182428582455e+03 2.957499601504493143e-16
9.113343592613247893e+03 2.684183793600147757e-16
9.116385002797916968e+03 2.755972188765701087e-16
9.119426412982582406e+03 2.872530468669349102e-16
9.122467823167249662e+03 2.976834044955535912e-16
9.125509233351916919e+03 2.825847090357819603e-16
9.128550643536584175e+03 2.227995025649071127e-16
9.131592053721251432e+03 2.542140031795660139e-16
9.134633463905916869e+03 2.606973394433439622e-16
9.137674874090585945e+03 2.155554905688930023e-16
9.140716284275251382e+03 2.503679690622571636e-16
9.143757694459918639e+03 2.429487299448653925e-16
9.146799104644585896e+03 2.407644122786396995e-16
9.149840514829253152e+03 2.471775238622397778e-16
9.152881925013920409e+03 2.347478791672696578e-16
9.155923335198585846e+03 2.311804429827427020e-16
9.158964745383254922e+03 2.706374189403951955e-16
9.162006155567920359e+03 2.114944757932485437e-16
9.165047565752587616e+03 2.334845906204150530e-16
9.168088975937254872e+03 2.612568465147186506e-16
9.171130386121922129e+03 2.413268623268930943e-16
9.174171796306589385e+03 2.386248408572530616e-16
9.177213206491254823e+03 2.186428212942162196e-16
9.180254616675923899e+03 2.300722911786569885e-16
9.183296026860589336e+03 2.181673415188072019e-16
9.186337437045256593e+03 2.066828608228360505e-16
9.189378847229923849e+03 2.410753239816891071e-16
9.192420257414591106e+03 2.447123686958006252e-16
9.195461667599258362e+03 1.932126396841028996e-16
9.198503077783923800e+03 1.972203858379932900e-16
9.201544487968592875e+03 2.474404256370000592e-16
9.204585898153258313e+03 2.625504541386213930e-16
9.207627308337925570e+03 2.242753577642103387e-16
9.210668718522592826e+03 2.473926684858475844e-16
9.213710128707260083e+03 2.339385196873972325e-16
9.216751538891927339e+03 2.493024882778660814e-16
9.219792949076592777e+03 2.224650188117163885e-16
9.222834359261261852e+03 2.845155310823230811e-16
9.225875769445927290e+03 2.785352698277283579e-16
9.228917179630594546e+03 1.880072743449870176e-16
9.231958589815261803e+03 1.782746485241127977e-16
9.234999999999929059e+03 2.818107242581486528e-16
