3.800000000000000000e+03 4.667561932200243956e-17
3.803041410184666802e+03 1.003765650873524473e-16
3.806082820369334058e+03 9.109994534245158297e-17
3.809124230554000860e+03 5.518029508783826274e-17
3.812165640738668117e+03 2.683670772095703070e-17
3.815207050923334918e+03 7.884822640858495500e-17
3.818248461108002175e+03 6.301806495310101350e-17
3.821289871292668977e+03 1.312016332097352662e-16
3.824331281477335779e+03 8.822677459978991582e-17
3.827372691662003035e+03 7.149398119697626032e-17
3.830414101846669837e+03 1.373932474125498206e-16
3.833455512031337094e+03 1.193619148467027619e-16
3.836496922216003895e+03 7.952202777237848570e-17
3.839538332400671152e+03 7.337538054740013696e-17
3.842579742585337954e+03 8.541315871643172735e-17
3.845621152770005210e+03 1.039166177653740663e-16
3.848662562954672012e+03 8.767168039180562489e-17
3.851703973139338814e+03 8.511576946234174326e-17
3.854745383324006070e+03 7.706361062304574957e-17
3.857786793508672872e+03 1.348582195283119235e-16
3.860828203693340129e+03 8.955799687659302875e-17
3.863869613878006930e+03 8.256520034664456731e-17
3.866911024062674187e+03 9.141153351014553304e-17
3.869952434247340989e+03 1.209896602782152243e-16
3.872993844432007791e+03 1.331838075170074777e-16
3.876035254616675047e+03 1.397065324148434409e-16
3.879076664801341849e+03 7.942239301442158758e-17
3.882118074986009105e+03 1.127393113767403007e-16
3.885159485170675907e+03 1.103058418075570848e-16
3.888200895355343164e+03 9.434639792556742366e-17
3.891242305540009966e+03 1.165008463368779815e-16
3.894283715724676767e+03 1.089140337741633442e-16
3.897325125909344024e+03 1.327573644363142562e-16
3.900366536094010826e+03 1.234250689248343957e-16
3.903407946278678082e+03 9.631736414649083312e-17
3.906449356463344884e+03 1.012381435848220749e-16
3.909490766648012141e+03 1.052441129355929897e-16
3.912532176832678942e+03 1.175719338541081946e-16
3.915573587017346199e+03 8.759026368524328217e-17
3.918614997202013001e+03 1.264491012165038101e-16
3.921656407386679803e+03 1.113340258272952357e-16
3.924697817571347059e+03 1.793985806941571927e-16
3.927739227756013861e+03 2.156516791866682665e-16
3.930780637940681117e+03 1.986460982206755118e-16
3.933822048125347919e+03 1.452758690617786067e-16
3.936863458310015176e+03 1.570826611814332648e-16
3.939904868494681978e+03 1.687291213268670927e-16
3.942946278679349234e+03 1.879371197049204192e-16
3.945987688864016036e+03 1.696367331330913739e-16
3.949029099048682838e+03 1.925831943589042618e-16
3.952070509233350094e+03 1.440485807711617784e-16
3.955111919418016896e+03 1.334030138074311033e-16
3.958153329602684153e+03 1.739045862993128669e-16
3.961194739787350954e+03 1.605280961327440503e-16
3.964236149972018211e+03 1.244943610744751266e-16
3.967277560156685013e+03 1.357233585032782064e-16
3.970318970341351815e+03 1.666226407624236141e-16
3.973360380526019071e+03 1.519949048459747702e-16
3.976401790710685873e+03 1.405396986502225228e-16
3.979443200895353129e+03 1.714479034917237231e-16
3.982484611080019931e+03 1.486179608624020041e-16
3.985526021264687188e+03 1.513900241492410017e-16
3.988567431449353990e+03 1.538852377798838225e-16
3.991608841634020791e+03 1.537891214433201918e-16
3.994650251818688048e+03 1.353770947760336852e-16
3.997691662003354850e+03 1.430486315115647819e-16
4.000733072188022106e+03 1.583912720382022448e-16
4.003774482372688908e+03 1.739046596086899605e-16
4.006815892557356165e+03 1.578466443533274063e-16
4.009857302742022966e+03 1.659781456124455259e-16
4.012898712926689768e+03 1.354365265847652017e-16
4.015940123111357025e+03 1.601552904912447712e-16
4.018981533296023827e+03 1.592515495882153137e-16
4.022022943480691083e+03 1.706336603260157318e-16
4.025064353665357885e+03 1.479858936602127288e-16
4.028105763850025141e+03 1.570455671421506963e-16
4.031147174034691943e+03 1.676797436714462832e-16
4.034188584219359200e+03 1.799503462183889454e-16
4.037229994404026002e+03 1.419965917428334425e-16
4.040271404588692803e+03 1.751612157715118557e-16
4.043312814773360060e+03 1.317481031609749094e-16
4.046354224958026862e+03 1.570219006204439718e-16
4.049395635142694118e+03 1.643847140794414881e-16
4.052437045327360920e+03 1.798264300765386201e-16
4.055478455512028177e+03 1.673767286080942942e-16
4.058519865696694978e+03 1.794043031065954369e-16
4.061561275881362235e+03 2.026503840726175644e-16
4.064602686066029037e+03 1.749019998397322101e-16
4.067644096250695839e+03 1.771320381259796999e-16
4.070685506435363095e+03 1.402194238548005596e-16
4.073726916620029897e+03 1.483341846957845159e-16
4.076768326804697153e+03 1.788786745033357148e-16
4.079809736989363955e+03 1.595734721790644279e-16
4.082851147174031212e+03 1.587234465569490957e-16
4.085892557358698014e+03 1.436305193142878438e-16
4.088933967543364815e+03 1.370149939068190103e-16
4.091975377728032072e+03 1.516767223265760839e-16
4.095016787912698874e+03 1.630729558369408342e-16
4.098058198097365675e+03 1.672543084120457704e-16
4.101099608282032932e+03 1.585556922627973093e-16
4.104141018466700189e+03 1.385775579075211029e-16
4.107182428651367445e+03 1.612966904992811429e-16
4.110223838836033792e+03 1.546715858050382409e-16
4.113265249020701049e+03 1.402845042765611895e-16
4.116306659205368305e+03 1.247940559823592773e-16
4.119348069390034652e+03 1.428580199356685950e-16
4.122389479574701909e+03 1.251751366682225546e-16
4.125430889759369165e+03 1.693797680270471863e-16
4.128472299944036422e+03 1.561180299150529387e-16
4.131513710128702769e+03 1.417239523122174219e-16
4.134555120313370026e+03 1.878957069243036490e-16
4.137596530498037282e+03 1.255723542257619947e-16
4.140637940682703629e+03 1.399909196249366643e-16
4.143679350867370886e+03 1.294459294015267362e-16
4.146720761052038142e+03 1.228141559040710665e-16
4.149762171236705399e+03 1.299845369832977986e-16
4.152803581421371746e+03 1.173596075398549979e-16
4.155844991606039002e+03 1.692940806652707483e-16
4.158886401790706259e+03 1.398381714210081126e-16
4.161927811975372606e+03 1.326370799178928966e-16
4.164969222160039863e+03 1.586347493266828206e-16
4.168010632344707119e+03 1.755255800473958938e-16
4.171052042529374376e+03 1.278669345962360950e-16
4.174093452714040723e+03 1.483436399332986509e-16
4.177134862898707979e+03 1.544548096811302657e-16
4.180176273083375236e+03 1.550119690072125295e-16
4.183217683268041583e+03 1.341048800455019987e-16
4.186259093452708839e+03 1.586767355280082874e-16
4.189300503637376096e+03 1.508188672056300797e-16
4.192341913822043352e+03 1.422493484145802016e-16
4.195383324006709699e+03 1.264267442153962662e-16
4.198424734191376956e+03 9.988408309402879074e-17
4.201466144376044213e+03 1.222251331118890872e-16
4.204507554560710560e+03 1.611899485196350848e-16
4.207548964745377816e+03 1.861505860709313557e-16
4.210590374930045073e+03 1.323400637016727393e-16
4.213631785114712329e+03 1.539533138704783744e-16
4.216673195299378676e+03 1.576743105149735702e-16
4.219714605484045933e+03 1.447056191692570773e-16
4.222756015668713189e+03 1.336099078731289477e-16
4.225797425853379536e+03 1.555287832356595413e-16
4.228838836038046793e+03 1.408960773274209225e-16
4.231880246222714050e+03 1.535556970525905217e-16
4.234921656407381306e+03 1.683968512024366276e-16
4.237963066592047653e+03 1.590383388356037786e-16
4.241004476776714910e+03 1.386044145601478908e-16
4.244045886961382166e+03 1.092745490869333573e-16
4.247087297146048513e+03 1.255843721931721694e-16
4.250128707330715770e+03 1.406670622237984361e-16
4.253170117515383026e+03 1.588073829262217334e-16
4.256211527700050283e+03 1.164174714217161980e-16
4.259252937884716630e+03 1.592922123124637932e-16
4.262294348069383886e+03 1.550955550628966515e-16
4.265335758254051143e+03 1.474575787814962587e-16
4.268377168438718400e+03 1.017979731976721643e-16
4.271418578623384747e+03 1.589445805991202730e-16
4.274459988808052003e+03 1.574528987862757148e-16
4.277501398992719260e+03 1.466200860535806243e-16
4.280542809177385607e+03 1.314795506928998719e-16
4.283584219362052863e+03 1.305757186871887998e-16
4.286625629546720120e+03 1.528969113551018796e-16
4.289667039731387376e+03 1.756927292197217069e-16
4.292708449916053723e+03 1.431158456010965580e-16
4.295749860100720980e+03 1.568134141543660125e-16
4.298791270285388237e+03 1.680849098510211186e-16
4.301832680470054584e+03 1.480626189108282831e-16
4.304874090654721840e+03 1.424176277975844034e-16
4.307915500839389097e+03 1.404649510223221354e-16
4.310956911024056353e+03 1.443474315979030299e-16
4.313998321208722700e+03 1.499530924423530638e-16
4.317039731393389957e+03 1.621855691714990192e-16
4.320081141578057213e+03 1.397499416536032667e-16
4.323122551762724470e+03 1.348527404278341877e-16
4.326163961947390817e+03 1.356235702823503732e-16
4.329205372132058073e+03 1.266592786602392182e-16
4.332246782316725330e+03 1.243784948440621537e-16
4.335288192501391677e+03 1.394355950468399801e-16
4.338329602686058934e+03 1.608361607333555353e-16
4.341371012870726190e+03 1.467733168202152233e-16
4.344412423055393447e+03 1.202495670123614757e-16
4.347453833240059794e+03 1.378493002763265015e-16
4.350495243424727050e+03 1.187843102989457597e-16
4.353536653609394307e+03 1.286792244398302104e-16
4.356578063794060654e+03 1.203959182215502780e-16
4.359619473978727910e+03 1.276123597957450144e-16
4.362660884163395167e+03 1.483830786400535911e-16
4.365702294348062424e+03 1.904622103062616278e-16
4.368743704532728771e+03 1.598685918617902575e-16
4.371785114717396027e+03 1.170519832180376751e-16
4.374826524902063284e+03 1.071745034941314757e-16
4.377867935086729631e+03 1.219541854547578266e-16
4.380909345271396887e+03 1.352116031609008768e-16
4.383950755456064144e+03 1.313401580301609740e-16
4.386992165640731400e+03 1.081123075765299101e-16
4.390033575825397747e+03 1.194349563054184599e-16
4.393074986010065004e+03 1.274138905085578917e-16
4.396116396194732260e+03 1.203061989345205765e-16
4.399157806379398608e+03 1.181609279933035537e-16
4.402199216564065864e+03 8.744964223246482400e-17
4.405240626748733121e+03 1.139363835913511173e-16
4.408282036933400377e+03 1.138452037331846575e-16
4.411323447118066724e+03 1.309477774686947144e-16
4.414364857302733981e+03 1.360578201167374207e-16
4.417406267487401237e+03 1.279900975682605949e-16
4.420447677672067584e+03 1.445008496595604953e-16
4.423489087856734841e+03 1.452180083264993423e-16
4.426530498041402097e+03 1.333417014549516125e-16
4.429571908226069354e+03 1.530327731101280860e-16
4.432613318410735701e+03 1.416218726421684185e-16
4.435654728595402958e+03 1.450262363433678995e-16
4.438696138780070214e+03 1.287324800593302489e-16
4.441737548964736561e+03 1.369083187292051799e-16
4.444778959149403818e+03 1.251824936229989552e-16
4.447820369334071074e+03 1.312635815838271337e-16
4.450861779518738331e+03 1.345387711699654635e-16
4.453903189703404678e+03 1.371504566874661299e-16
4.456944599888071934e+03 1.636417152877246838e-16
4.459986010072739191e+03 1.361079561125059373e-16
4.463027420257405538e+03 1.549022052784494204e-16
4.466068830442072795e+03 1.412692540438832891e-16
4.469110240626740051e+03 1.283713377968353761e-16
4.472151650811407308e+03 1.646817917037649645e-16
4.475193060996073655e+03 1.544472853829781850e-16
4.478234471180740911e+03 1.741375204707427202e-16
4.481275881365408168e+03 1.408075594310370647e-16
4.484317291550074515e+03 1.508679753218577331e-16
4.487358701734741771e+03 1.770596204079932209e-16
4.490400111919409028e+03 1.859729340679948420e-16
4.493441522104076284e+03 1.748359162718806771e-16
4.496482932288742631e+03 1.639342759540087413e-16
4.499524342473409888e+03 1.636104174359679719e-16
4.502565752658077145e+03 1.654192325639360661e-16
4.505607162842743492e+03 1.609066692583748222e-16
4.508648573027410748e+03 1.680344887857870165e-16
4.511689983212078005e+03 1.783797964495629145e-16
4.514731393396745261e+03 1.621581500196794852e-16
4.517772803581411608e+03 1.669248439018029191e-16
4.520814213766078865e+03 1.767340989148455920e-16
4.523855623950746121e+03 1.877850526441881135e-16
4.526897034135412468e+03 1.803810637299328727e-16
4.529938444320079725e+03 2.058417104486884987e-16
4.532979854504746982e+03 1.872526804361404093e-16
4.536021264689414238e+03 1.918692640260014857e-16
4.539062674874080585e+03 2.106207861384597176e-16
4.542104085058747842e+03 2.056703740812166902e-16
4.545145495243415098e+03 2.225342138303462421e-16
4.548186905428082355e+03 2.275744535060206110e-16
4.551228315612748702e+03 2.432322127060242942e-16
4.554269725797415958e+03 2.293652560381534095e-16
4.557311135982083215e+03 2.533288709229629923e-16
4.560352546166750471e+03 2.305431185973399094e-16
4.563393956351416819e+03 2.289463954825920791e-16
4.566435366536084075e+03 2.412455902921672390e-16
4.569476776720751332e+03 2.266343689564124066e-16
4.572518186905417679e+03 2.171467014584646448e-16
4.575559597090084935e+03 2.314767631230705522e-16
4.578601007274752192e+03 2.334882948642346075e-16
4.581642417459419448e+03 2.383788693971113241e-16
4.584683827644085795e+03 2.562535082719981970e-16
4.587725237828753052e+03 2.449875951249730232e-16
4.590766648013420308e+03 2.411057798792687904e-16
4.593808058198086655e+03 2.383816563934468494e-16
4.596849468382753912e+03 2.317444507151242347e-16
4.599890878567421169e+03 2.588432397732895995e-16
4.602932288752088425e+03 2.709488968430130672e-16
4.605973698936754772e+03 2.303218070097841663e-16
4.609015109121422029e+03 2.434752226673877906e-16
4.612056519306089285e+03 2.439863692887571500e-16
4.615097929490755632e+03 2.448229575067510838e-16
4.618139339675422889e+03 2.354881954829968389e-16
4.621180749860090145e+03 2.581641545386742211e-16
4.624222160044757402e+03 2.598244758502388516e-16
4.627263570229423749e+03 2.566872328152570602e-16
4.630304980414091006e+03 2.307217946444777965e-16
4.633346390598758262e+03 2.314319275957440419e-16
4.636387800783424609e+03 2.201476282761433788e-16
4.639429210968091866e+03 2.409279428934278379e-16
4.642470621152759122e+03 2.215240376660938365e-16
4.645512031337426379e+03 2.273185536391792699e-16
4.648553441522092726e+03 2.364826264197785645e-16
4.651594851706759982e+03 2.244146835717455157e-16
4.654636261891427239e+03 2.197125421570354347e-16
4.657677672076093586e+03 2.089730418176643728e-16
4.660719082260760842e+03 2.265942434444244486e-16
4.663760492445428099e+03 2.472192606413617018e-16
4.666801902630095356e+03 2.326819403614087963e-16
4.669843312814761703e+03 2.429028931014357234e-16
4.672884722999428959e+03 2.444528797896487925e-16
4.675926133184096216e+03 2.704800732076902202e-16
4.678967543368762563e+03 2.691546839707158266e-16
4.682008953553429819e+03 2.551744518507067327e-16
4.685050363738097076e+03 2.371020697305806991e-16
4.688091773922764332e+03 2.316985023588815321e-16
4.691133184107430679e+03 2.410556534850312953e-16
4.694174594292097936e+03 2.556810827953862519e-16
4.697216004476765193e+03 2.533490617511161851e-16
4.700257414661431540e+03 2.429783452722402452e-16
4.703298824846098796e+03 2.390475510564557442e-16
4.706340235030766053e+03 2.472376328750368323e-16
4.709381645215433309e+03 2.490505747748120313e-16
4.712423055400099656e+03 2.375751723424546544e-16
4.715464465584766913e+03 2.235594323286460812e-16
4.718505875769434169e+03 2.336751775559401613e-16
4.721547285954100516e+03 2.184422342578503815e-16
4.724588696138767773e+03 2.054054477881982278e-16
4.727630106323435029e+03 2.239573520391318082e-16
4.730671516508102286e+03 2.076004538116113710e-16
4.733712926692768633e+03 2.028386542618146113e-16
4.736754336877435890e+03 2.454901537580335063e-16
4.739795747062103146e+03 2.225820879945139542e-16
4.742837157246769493e+03 2.196133766132136158e-16
4.745878567431436750e+03 2.127752941150329718e-16
4.748919977616104006e+03 2.047540329704198585e-16
4.751961387800771263e+03 2.141815251018258284e-16
4.755002797985437610e+03 2.160093473867075959e-16
4.758044208170104866e+03 2.328306811836661206e-16
4.761085618354772123e+03 2.273721850897736390e-16
4.764127028539438470e+03 2.175903376808463034e-16
4.767168438724105727e+03 2.267475352229135404e-16
4.770209848908772983e+03 1.948815687683283814e-16
4.773251259093440240e+03 2.021450038313256956e-16
4.776292669278106587e+03 2.239373215454245982e-16
4.779334079462773843e+03 2.064822642444602254e-16
4.782375489647441100e+03 1.895300578703077120e-16
4.785416899832107447e+03 1.909048749577891038e-16
4.788458310016774703e+03 1.999706905690518124e-16
4.791499720201441960e+03 2.012713471611972758e-16
4.794541130386109216e+03 2.063474557637389938e-16
4.797582540570775564e+03 1.906922167215582399e-16
4.800623950755442820e+03 2.091656848998791226e-16
4.803665360940110077e+03 1.992906667576831535e-16
4.806706771124777333e+03 1.943877362548052009e-16
4.809748181309443680e+03 1.937288994365842463e-16
4.812789591494110937e+03 1.921113439198734892e-16
4.815831001678778193e+03 1.890495411124218881e-16
4.818872411863445450e+03 1.841708765235301311e-16
4.821913822048111797e+03 1.947590439439663106e-16
4.824955232232779053e+03 2.001165253710161934e-16
4.827996642417445400e+03 1.934889033772028149e-16
4.831038052602112657e+03 1.846868603002713965e-16
4.834079462786779914e+03 1.839001809588678087e-16
4.837120872971447170e+03 1.769884901151076184e-16
4.840162283156114427e+03 1.876952912531628962e-16
4.843203693340780774e+03 1.830240052853313668e-16
4.846245103525448030e+03 1.721076330797797391e-16
4.849286513710115287e+03 1.706374788319253086e-16
4.852327923894781634e+03 1.663112822914645708e-16
4.855369334079448890e+03 1.536093610847433403e-16
4.858410744264116147e+03 1.646835954518207879e-16
4.861452154448783403e+03 1.786626555059601925e-16
4.864493564633449751e+03 1.767858967029207994e-16
4.867534974818117007e+03 1.502392736332312157e-16
4.870576385002784264e+03 1.413449913400788275e-16
4.873617795187450611e+03 1.574429209645087407e-16
4.876659205372117867e+03 1.853325352251036614e-16
4.879700615556785124e+03 1.706536535213777608e-16
4.882742025741452380e+03 1.567580278825488440e-16
4.885783435926118727e+03 1.901372000853400382e-16
4.888824846110785984e+03 1.664672637244658010e-16
4.891866256295453240e+03 1.862805672553084256e-16
4.894907666480119588e+03 1.631116933631596639e-16
4.897949076664786844e+03 1.513436652579181624e-16
4.900990486849454101e+03 1.858868269005327933e-16
4.904031897034121357e+03 1.860517403655060226e-16
4.907073307218787704e+03 1.946700020238416500e-16
4.910114717403454961e+03 1.774554675464607084e-16
4.913156127588122217e+03 1.782434458740963490e-16
4.916197537772788564e+03 1.694762414784282643e-16
4.919238947957455821e+03 1.832562275656287483e-16
4.922280358142123077e+03 2.007300129418852013e-16
4.925321768326790334e+03 2.093342634143286783e-16
4.928363178511456681e+03 2.144447364888970588e-16
4.931404588696123938e+03 2.178715916033141473e-16
4.934445998880791194e+03 2.103514767971732379e-16
4.937487409065457541e+03 2.268601224705142825e-16
4.940528819250124798e+03 2.284012731430113622e-16
4.943570229434792054e+03 2.052836020608953653e-16
4.946611639619459311e+03 2.119586948013955503e-16
4.949653049804125658e+03 2.281143750677293039e-16
4.952694459988792914e+03 2.346462487548027939e-16
4.955735870173460171e+03 2.133463892352464768e-16
4.958777280358126518e+03 2.051741088246503401e-16
4.961818690542793775e+03 2.158667268896882379e-16
4.964860100727461031e+03 2.227838116719445871e-16
4.967901510912128288e+03 2.264224557817604085e-16
4.970942921096794635e+03 2.119962572691462427e-16
4.973984331281461891e+03 2.318363716775596021e-16
4.977025741466129148e+03 2.380206435766945588e-16
4.980067151650795495e+03 2.210186464567955597e-16
4.983108561835462751e+03 2.113742455937716305e-16
4.986149972020130008e+03 2.177576955913357140e-16
4.989191382204797264e+03 2.276903148061122388e-16
4.992232792389463611e+03 2.358594015411488978e-16
4.995274202574130868e+03 2.310465941485922849e-16
4.998315612758798125e+03 2.511961973671753614e-16
5.001357022943464472e+03 2.394363163812644571e-16
5.004398433128131728e+03 2.441845293346839113e-16
5.007439843312798985e+03 2.557032437533260855e-16
5.010481253497466241e+03 2.439777230113626028e-16
5.013522663682133498e+03 2.375083714129025234e-16
5.016564073866799845e+03 2.539106584510078604e-16
5.019605484051467101e+03 2.545014734099290893e-16
5.022646894236133448e+03 2.591120640450794929e-16
5.025688304420800705e+03 2.416650949007319979e-16
5.028729714605467962e+03 2.447904028314712235e-16
5.031771124790135218e+03 2.620630987819569985e-16
5.034812534974802475e+03 2.476901131779954458e-16
5.037853945159468822e+03 2.577938319716777581e-16
5.040895355344136078e+03 2.448732980668621553e-16
5.043936765528802425e+03 2.484871903986761847e-16
5.046978175713469682e+03 2.498539581613256982e-16
5.050019585898136938e+03 2.446700597175761394e-16
5.053060996082804195e+03 2.339941396019836085e-16
5.056102406267471451e+03 2.629051814041346411e-16
5.059143816452137798e+03 2.724561345324878456e-16
5.062185226636805055e+03 2.463331182022177798e-16
5.065226636821471402e+03 2.376598840315875206e-16
5.068268047006138659e+03 2.576092361012622963e-16
5.071309457190805915e+03 2.339245130474626040e-16
5.074350867375473172e+03 2.549172425354141968e-16
5.077392277560140428e+03 2.443826461452408554e-16
5.080433687744806775e+03 2.390609103128260630e-16
5.083475097929474032e+03 2.439828220347713097e-16
5.086516508114140379e+03 2.423749688197916334e-16
5.089557918298807635e+03 2.349008892320623665e-16
5.092599328483474892e+03 2.243802136747215385e-16
5.095640738668142149e+03 2.360337247866518103e-16
5.098682148852809405e+03 2.201868198992489927e-16
5.101723559037475752e+03 2.073237287952587779e-16
5.104764969222143009e+03 2.188100451419348286e-16
5.107806379406810265e+03 2.159702934129066532e-16
5.110847789591476612e+03 2.142042986386411898e-16
5.113889199776143869e+03 2.299717112826505635e-16
5.116930609960811125e+03 2.201108559057420474e-16
5.119972020145478382e+03 2.215964776688526789e-16
5.123013430330144729e+03 2.217747872431830323e-16
5.126054840514811985e+03 2.261849455280831191e-16
5.129096250699479242e+03 2.190418409409573253e-16
5.132137660884145589e+03 2.197384474537636845e-16
5.135179071068812846e+03 2.276513311462364101e-16
5.138220481253480102e+03 2.222420041148258561e-16
5.141261891438147359e+03 2.200505812149023606e-16
5.144303301622813706e+03 2.399317894447716498e-16
5.147344711807480962e+03 2.527377295948477989e-16
5.150386121992148219e+03 2.389391559713812776e-16
5.153427532176814566e+03 2.237644387975558889e-16
5.156468942361481822e+03 2.455332076983493937e-16
5.159510352546149079e+03 2.288206286813313581e-16
5.162551762730816336e+03 2.225038257913557450e-16
5.165593172915482683e+03 2.252453890146457290e-16
5.168634583100149939e+03 2.375317803128702333e-16
5.171675993284817196e+03 2.340214824641700695e-16
5.174717403469483543e+03 2.531068849158646847e-16
5.177758813654150799e+03 2.467313440486303683e-16
5.180800223838818056e+03 2.264276872895359884e-16
5.183841634023485312e+03 2.360422885751770517e-16
5.186883044208151659e+03 2.531899529932516863e-16
5.189924454392818916e+03 2.483613702286455713e-16
5.192965864577486172e+03 2.514304396491020919e-16
5.196007274762152520e+03 2.626288145813648850e-16
5.199048684946819776e+03 2.588454921056424959e-16
5.202090095131487033e+03 2.401827874001232388e-16
5.205131505316154289e+03 2.414539603976312910e-16
5.208172915500820636e+03 2.754884832918243527e-16
5.211214325685487893e+03 2.543520961464249777e-16
5.214255735870155149e+03 2.444923497265190581e-16
5.217297146054821496e+03 2.661087176961923038e-16
5.220338556239488753e+03 2.486519545009027927e-16
5.223379966424156009e+03 2.557843530103314669e-16
5.226421376608823266e+03 2.758912732035068455e-16
5.229462786793489613e+03 2.814826284117718543e-16
5.232504196978156870e+03 2.861730633246899958e-16
5.235545607162824126e+03 2.739748273130010266e-16
5.238587017347490473e+03 2.771075654782956113e-16
5.241628427532157730e+03 2.840245653287464866e-16
5.244669837716824986e+03 2.810518927691135927e-16
5.247711247901492243e+03 2.642132666500209240e-16
5.250752658086159499e+03 2.588702569183963793e-16
5.253794068270825846e+03 2.761211647489122056e-16
5.256835478455493103e+03 2.851019837191545288e-16
5.259876888640159450e+03 2.855413298571338472e-16
5.262918298824826707e+03 2.873842795336448745e-16
5.265959709009493963e+03 2.860851113521975446e-16
5.269001119194161220e+03 2.822201886949102874e-16
5.272042529378828476e+03 3.086719950960000140e-16
5.275083939563494823e+03 3.043193939376966763e-16
5.278125349748162080e+03 3.144790706654276955e-16
5.281166759932828427e+03 3.203267376525562981e-16
5.284208170117495683e+03 3.151293106640009684e-16
5.287249580302162940e+03 3.233963211228276949e-16
5.290290990486830196e+03 3.117808896290159699e-16
5.293332400671497453e+03 3.157203035117959311e-16
5.296373810856163800e+03 3.103863297641216367e-16
5.299415221040831057e+03 3.028004516298474983e-16
5.302456631225497404e+03 3.164410435992352506e-16
5.305498041410164660e+03 3.285275491877226296e-16
5.308539451594831917e+03 3.229711376689350485e-16
5.311580861779499173e+03 3.349116930356273781e-16
5.314622271964166430e+03 3.488612895234809550e-16
5.317663682148832777e+03 3.384091682045244392e-16
5.320705092333500033e+03 3.408849474531062877e-16
5.323746502518166380e+03 3.453098358348291263e-16
5.326787912702833637e+03 3.514718436659765841e-16
5.329829322887500894e+03 3.547686072787308254e-16
5.332870733072168150e+03 3.515363928448137617e-16
5.335912143256835407e+03 3.464522284113142377e-16
5.338953553441501754e+03 3.468944030446584595e-16
5.341994963626169010e+03 3.479076554565479194e-16
5.345036373810836267e+03 3.391097084830798460e-16
5.348077783995502614e+03 3.364013937156009304e-16
5.351119194180169870e+03 3.553983951727977228e-16
5.354160604364837127e+03 3.531896187352221166e-16
5.357202014549504383e+03 3.391277198901533541e-16
5.360243424734170731e+03 3.489294430486090604e-16
5.363284834918837987e+03 3.570329760401641450e-16
5.366326245103505244e+03 3.487400613548120649e-16
5.369367655288171591e+03 3.683671605814353801e-16
5.372409065472838847e+03 3.722930494331163928e-16
5.375450475657506104e+03 3.697674287278524943e-16
5.378491885842173360e+03 3.572722213301117633e-16
5.381533296026839707e+03 3.480641746114983965e-16
5.384574706211506964e+03 3.439284275142679168e-16
5.387616116396174220e+03 3.680926235575145891e-16
5.390657526580840567e+03 3.678312480401031597e-16
5.393698936765507824e+03 3.804880057135951047e-16
5.396740346950175081e+03 3.788366844936135341e-16
5.399781757134842337e+03 3.846148402809543085e-16
5.402823167319508684e+03 3.866360718492437650e-16
5.405864577504175941e+03 3.644202816309581498e-16
5.408905987688843197e+03 3.806860263896485010e-16
5.411947397873509544e+03 4.037155962344339352e-16
5.414988808058176801e+03 4.020775982774565960e-16
5.418030218242844057e+03 3.761696350938620956e-16
5.421071628427511314e+03 4.008424687693268660e-16
5.424113038612177661e+03 4.239809832447949470e-16
5.427154448796844918e+03 4.066269585345965186e-16
5.430195858981512174e+03 4.034090804699380981e-16
5.433237269166178521e+03 4.017598736475186041e-16
5.436278679350845778e+03 4.184978366042997094e-16
5.439320089535513034e+03 3.967019861783698072e-16
5.442361499720180291e+03 4.009400625655330929e-16
5.445402909904846638e+03 4.146867351259404462e-16
5.448444320089513894e+03 4.103588255991937375e-16
5.451485730274181151e+03 4.056246872859429052e-16
5.454527140458847498e+03 3.992175930552286511e-16
5.457568550643514754e+03 3.920135156290537017e-16
5.460609960828182011e+03 3.914482621616458213e-16
5.463651371012849268e+03 3.961096148806790804e-16
5.466692781197515615e+03 3.916817593982605155e-16
5.469734191382182871e+03 4.016233643662258866e-16
5.472775601566850128e+03 4.215874610497928973e-16
5.475817011751516475e+03 3.873909909889004892e-16
5.478858421936183731e+03 4.033833143893028411e-16
5.481899832120850988e+03 4.024135083698122581e-16
5.484941242305518244e+03 4.035081696401395104e-16
5.487982652490184591e+03 3.962041920567823396e-16
5.491024062674851848e+03 4.144263665117872629e-16
5.494065472859519105e+03 4.200936929851402511e-16
5.497106883044185452e+03 4.305503087102470888e-16
5.500148293228852708e+03 4.339274429203009484e-16
5.503189703413519965e+03 4.429466107470267222e-16
5.506231113598187221e+03 4.385254619333315081e-16
5.509272523782854478e+03 4.331657639148370414e-16
5.512313933967520825e+03 4.351611842830740768e-16
5.515355344152188081e+03 4.358750332585287614e-16
5.518396754336854428e+03 4.553039931539741646e-16
5.521438164521521685e+03 4.546417079457901452e-16
5.524479574706188941e+03 4.418451120754317708e-16
5.527520984890856198e+03 4.726571483428609918e-16
5.530562395075523455e+03 4.789357856240651188e-16
5.533603805260189802e+03 4.688537623568516525e-16
5.536645215444857058e+03 4.618984488287646600e-16
5.539686625629523405e+03 4.703321057041354771e-16
5.542728035814190662e+03 4.962666662765968247e-16
5.545769445998857918e+03 4.701127966935874821e-16
5.548810856183525175e+03 4.861506579128721481e-16
5.551852266368192431e+03 4.920403852910558851e-16
5.554893676552858778e+03 4.992565808914333093e-16
5.557935086737526035e+03 4.619057660280211665e-16
5.560976496922192382e+03 4.791582183244543146e-16
5.564017907106859639e+03 4.759396497114343484e-16
5.567059317291526895e+03 4.724352766487832922e-16
5.570100727476194152e+03 4.545257302193603187e-16
5.573142137660861408e+03 4.375173280418935979e-16
5.576183547845527755e+03 4.539239638492241714e-16
5.579224958030195012e+03 4.503017491206321176e-16
5.582266368214861359e+03 4.376207738785077175e-16
5.585307778399528615e+03 4.221041583528177899e-16
5.588349188584195872e+03 4.060516568549301053e-16
5.591390598768863128e+03 3.936985281406438379e-16
5.594432008953530385e+03 3.868999428442089012e-16
5.597473419138196732e+03 3.759019800325290668e-16
5.600514829322863989e+03 3.640042514554878352e-16
5.603556239507531245e+03 3.488005866033515670e-16
5.606597649692197592e+03 3.370195270513053716e-16
5.609639059876864849e+03 3.429310788025940824e-16
5.612680470061532105e+03 3.378877676322931193e-16
5.615721880246199362e+03 3.297099547636532254e-16
5.618763290430865709e+03 3.138144305564766883e-16
5.621804700615532965e+03 3.097774038069204567e-16
5.624846110800200222e+03 2.944031938430724012e-16
5.627887520984866569e+03 2.944849963065041763e-16
5.630928931169533826e+03 2.959650486934639258e-16
5.633970341354201082e+03 2.864182562687752803e-16
5.637011751538868339e+03 2.922574729977438198e-16
5.640053161723534686e+03 2.906526170183148473e-16
5.643094571908201942e+03 2.732893211980916936e-16
5.646135982092869199e+03 2.912707327751639667e-16
5.649177392277535546e+03 2.834921592909433732e-16
5.652218802462202802e+03 2.987681043839978633e-16
5.655260212646870059e+03 2.990860097734634776e-16
5.658301622831537316e+03 2.714912318894989922e-16
5.661343033016203663e+03 2.857851218297837710e-16
5.664384443200870919e+03 2.843776095537252484e-16
5.667425853385538176e+03 2.743594290797125400e-16
5.670467263570204523e+03 2.877738286314102848e-16
5.673508673754871779e+03 2.783685305609656394e-16
5.676550083939539036e+03 2.760793535780098431e-16
5.679591494124206292e+03 2.715253844339257296e-16
5.682632904308872639e+03 2.723350479369018442e-16
5.685674314493539896e+03 2.726989706435746783e-16
5.688715724678207152e+03 2.761091645190125403e-16
5.691757134862873500e+03 2.823087869572257012e-16
5.694798545047540756e+03 2.673204706209202453e-16
5.697839955232208013e+03 2.665262043788165161e-16
5.700881365416875269e+03 2.695406138256266411e-16
5.703922775601541616e+03 2.536423144383775221e-16
5.706964185786208873e+03 2.576603273117796814e-16
5.710005595970876129e+03 2.660378228184345291e-16
5.713047006155542476e+03 2.720191499566675113e-16
5.716088416340209733e+03 2.700990065850688395e-16
5.719129826524876989e+03 2.550927488810420412e-16
5.722171236709544246e+03 2.677517900663903221e-16
5.725212646894210593e+03 2.717181347954712404e-16
5.728254057078877850e+03 2.707924260569231531e-16
5.731295467263545106e+03 2.666975690420679294e-16
5.734336877448211453e+03 2.612614830831181503e-16
5.737378287632878710e+03 2.648045436504618800e-16
5.740419697817545966e+03 2.477642076330359077e-16
5.743461108002213223e+03 2.547059107228387676e-16
5.746502518186880479e+03 2.635513674720710830e-16
5.749543928371546826e+03 2.595801617085231234e-16
5.752585338556214083e+03 2.664784057604051980e-16
5.755626748740880430e+03 2.734786005163013414e-16
5.758668158925547687e+03 2.571658176215259054e-16
5.761709569110214943e+03 2.628964397923034671e-16
5.764750979294882200e+03 2.563060374856313336e-16
5.767792389479549456e+03 2.632294421951589436e-16
5.770833799664215803e+03 2.561380004478201860e-16
5.773875209848883060e+03 2.526175271565491433e-16
5.776916620033549407e+03 2.714160969716164723e-16
5.779958030218216663e+03 2.612902045930478244e-16
5.782999440402883920e+03 2.838974737229204755e-16
5.786040850587551176e+03 3.225480051597993559e-16
5.789082260772218433e+03 3.072159085348157920e-16
5.792123670956884780e+03 3.236908625970685283e-16
5.795165081141552037e+03 3.269968580838645643e-16
5.798206491326218384e+03 3.441761045908702730e-16
5.801247901510885640e+03 3.375737840656696824e-16
5.804289311695552897e+03 3.600393552434058888e-16
5.807330721880220153e+03 3.792178660050671363e-16
5.810372132064887410e+03 3.795030484022837672e-16
5.813413542249553757e+03 3.885612933742111794e-16
5.816454952434221013e+03 4.117439006273034233e-16
5.819496362618887360e+03 4.225660860441710496e-16
5.822537772803554617e+03 4.264934387255521910e-16
5.825579182988221874e+03 4.396455480970832654e-16
5.828620593172889130e+03 4.362031549418906243e-16
5.831662003357556387e+03 4.491702060096671375e-16
5.834703413542222734e+03 4.815594920487097078e-16
5.837744823726889990e+03 4.955884087640178840e-16
5.840786233911557247e+03 5.059789386685136107e-16
5.843827644096223594e+03 5.149247485659232779e-16
5.846869054280890850e+03 5.233206304201412800e-16
5.849910464465558107e+03 5.265480744351432470e-16
5.852951874650225363e+03 5.394597502182050788e-16
5.855993284834891710e+03 5.422527091342000025e-16
5.859034695019558967e+03 5.606786939280715540e-16
5.862076105204225314e+03 5.796368389465424906e-16
5.865117515388892571e+03 5.833578085404254702e-16
5.868158925573559827e+03 5.862879667436577936e-16
5.871200335758227084e+03 5.922715863538404907e-16
5.874241745942894340e+03 6.020910480041335881e-16
5.877283156127560687e+03 6.278983177682485164e-16
5.880324566312227944e+03 6.105956059084850591e-16
5.883365976496894291e+03 6.129883673035546284e-16
5.886407386681561547e+03 6.165423915961469580e-16
5.889448796866228804e+03 5.960530831258100904e-16
5.892490207050896061e+03 6.176050543040871184e-16
5.895531617235563317e+03 6.502609126630637347e-16
5.898573027420230574e+03 6.495916565096459427e-16
5.901614437604896921e+03 6.490155589239427981e-16
5.904655847789563268e+03 6.392353912991854295e-16
5.907697257974230524e+03 6.895680879044405359e-16
5.910738668158897781e+03 7.145595784254312624e-16
5.913780078343565037e+03 6.868601995847768957e-16
5.916821488528232294e+03 6.858510625343503545e-16
5.919862898712899550e+03 6.592620999790707357e-16
5.922904308897565897e+03 5.802905773574349894e-16
5.925945719082232245e+03 5.526658359541406023e-16
5.928987129266899501e+03 5.767557030170106740e-16
5.932028539451566758e+03 6.063343959011689922e-16
5.935069949636234014e+03 6.686059493365654853e-16
5.938111359820901271e+03 6.895749131466807417e-16
5.941152770005568527e+03 7.012331681721999924e-16
5.944194180190234874e+03 6.853220591716429840e-16
5.947235590374901221e+03 6.812729282682545666e-16
5.950277000559568478e+03 6.693350585845005794e-16
5.953318410744235734e+03 6.763739205580917446e-16
5.956359820928902991e+03 6.892063138654172376e-16
5.959401231113570248e+03 6.765959142525912065e-16
5.962442641298237504e+03 6.712417172004684529e-16
5.965484051482903851e+03 6.505284043642697496e-16
5.968525461667571108e+03 6.393312823685680258e-16
5.971566871852237455e+03 6.510278021374601877e-16
5.974608282036904711e+03 6.352245987684867147e-16
5.977649692221571968e+03 6.199342321258805709e-16
5.980691102406239224e+03 6.151871200027571373e-16
5.983732512590906481e+03 6.192810941794701525e-16
5.986773922775572828e+03 6.126229823565747718e-16
5.989815332960240085e+03 6.202561378966777698e-16
5.992856743144906432e+03 5.923856523591135263e-16
5.995898153329573688e+03 5.890595249783593146e-16
5.998939563514240945e+03 5.880113911119024139e-16
6.001980973698908201e+03 5.957571989840277684e-16
6.005022383883575458e+03 5.773075165100567349e-16
6.008063794068241805e+03 5.809010725848334477e-16
6.011105204252909061e+03 5.530186030400391048e-16
6.014146614437575408e+03 5.610803104908272647e-16
6.017188024622242665e+03 5.516550562522527672e-16
6.020229434806909921e+03 5.468803481568930157e-16
6.023270844991577178e+03 5.437741337941777923e-16
6.026312255176244435e+03 5.399789963340009990e-16
6.029353665360910782e+03 5.358801452114323893e-16
6.032395075545578038e+03 5.331700686178868328e-16
6.035436485730244385e+03 5.290674707129152921e-16
6.038477895914911642e+03 5.115887996237264783e-16
6.041519306099578898e+03 5.047284068953139673e-16
6.044560716284246155e+03 5.007845723289726773e-16
6.047602126468913411e+03 5.018417236469632987e-16
6.050643536653579758e+03 4.887021500720673155e-16
6.053684946838247015e+03 5.073955084458026540e-16
6.056726357022913362e+03 5.068390877634992981e-16
6.059767767207580619e+03 4.963250814906708313e-16
6.062809177392247875e+03 4.942850078307011439e-16
6.065850587576915132e+03 4.789972077095733272e-16
6.068891997761582388e+03 4.697855878380478946e-16
6.071933407946248735e+03 4.692936380850634385e-16
6.074974818130915992e+03 4.629153114622044635e-16
6.078016228315582339e+03 4.388521933648411491e-16
6.081057638500249595e+03 4.319535994159711091e-16
6.084099048684916852e+03 4.309520502332451734e-16
6.087140458869584108e+03 4.403094373700195390e-16
6.090181869054251365e+03 4.294975121866533372e-16
6.093223279238917712e+03 4.209286454676012615e-16
6.096264689423584969e+03 4.263522973310102132e-16
6.099306099608251316e+03 4.202739136289917535e-16
6.102347509792918572e+03 4.170822504228595739e-16
6.105388919977585829e+03 4.110255263840541038e-16
6.108430330162253085e+03 4.141920993377610302e-16
6.111471740346920342e+03 4.222782569473893762e-16
6.114513150531586689e+03 4.470446194988764247e-16
6.117554560716253945e+03 4.409909607786746083e-16
6.120595970900920292e+03 4.326110229997599063e-16
6.123637381085587549e+03 4.266303682656204962e-16
6.126678791270254806e+03 4.285429721760353515e-16
6.129720201454922062e+03 4.318390934938379784e-16
6.132761611639589319e+03 4.423338063317556077e-16
6.135803021824255666e+03 4.423217777828313676e-16
6.138844432008922922e+03 4.265300817594143112e-16
6.141885842193589269e+03 4.221819949333556253e-16
6.144927252378256526e+03 4.344059260138880012e-16
6.147968662562923782e+03 4.350854276674390508e-16
6.151010072747591039e+03 4.327590745835396938e-16
6.154051482932258295e+03 4.323313929282800915e-16
6.157092893116925552e+03 4.291491936612111700e-16
6.160134303301591899e+03 4.334869952026277174e-16
6.163175713486258246e+03 4.180352054040621093e-16
6.166217123670925503e+03 4.173573652093103599e-16
6.169258533855592759e+03 3.988152681997458567e-16
6.172299944040260016e+03 4.061464000131434681e-16
6.175341354224927272e+03 4.080493713585173913e-16
6.178382764409594529e+03 3.877191953553747520e-16
6.181424174594260876e+03 3.943884686772490924e-16
6.184465584778927223e+03 3.919877778245294299e-16
6.187506994963594479e+03 3.795257254843242656e-16
6.190548405148261736e+03 3.863888235167406027e-16
6.193589815332928993e+03 3.930138368666525202e-16
6.196631225517596249e+03 3.894819303553195846e-16
6.199672635702263506e+03 4.024758624644740828e-16
6.202714045886929853e+03 3.985430013011508903e-16
6.205755456071597109e+03 3.796705214639455554e-16
6.208796866256263456e+03 3.893420230301899755e-16
6.211838276440930713e+03 3.993788789877597660e-16
6.214879686625597969e+03 3.931300659811185139e-16
6.217921096810265226e+03 4.018448577174210119e-16
6.220962506994932482e+03 4.180446114531607653e-16
6.224003917179598830e+03 4.106258663535137693e-16
6.227045327364266086e+03 4.181407885484265464e-16
6.230086737548932433e+03 4.339390041739955677e-16
6.233128147733599690e+03 4.169042315513018309e-16
6.236169557918266946e+03 4.239174638728211630e-16
6.239210968102934203e+03 4.303716316744580309e-16
6.242252378287601459e+03 4.395573440852222236e-16
6.245293788472267806e+03 4.376755005563911065e-16
6.248335198656935063e+03 4.336136633423068633e-16
6.251376608841601410e+03 4.525416685002970739e-16
6.254418019026268666e+03 4.393110458720008222e-16
6.257459429210935923e+03 4.501871999751902613e-16
6.260500839395603180e+03 4.291842470670948080e-16
6.263542249580270436e+03 4.291672369971434604e-16
6.266583659764936783e+03 4.335219979473204970e-16
6.269625069949604040e+03 4.239141722045750005e-16
6.272666480134270387e+03 4.351422011428133319e-16
6.275707890318937643e+03 4.346040834158466617e-16
6.278749300503604900e+03 4.222220303387578909e-16
6.281790710688272156e+03 4.053839109484705684e-16
6.284832120872939413e+03 3.904540182880590583e-16
6.287873531057605760e+03 4.000798305439175390e-16
6.290914941242273017e+03 4.117847847124085632e-16
6.293956351426939364e+03 4.081253769513278458e-16
6.296997761611606620e+03 3.987683422160740920e-16
6.300039171796273877e+03 3.926975876551273195e-16
6.303080581980941133e+03 4.276980741052434713e-16
6.306121992165608390e+03 4.141062272486435013e-16
6.309163402350274737e+03 4.145689359687788219e-16
6.312204812534941993e+03 4.018241277665720111e-16
6.315246222719608340e+03 4.088515463594318153e-16
6.318287632904275597e+03 4.139365745770751545e-16
6.321329043088942854e+03 4.168547492968383718e-16
6.324370453273610110e+03 4.252367683428315376e-16
6.327411863458277367e+03 4.325742182246720587e-16
6.330453273642943714e+03 4.315999962712647840e-16
6.333494683827610970e+03 4.357491875003732584e-16
6.336536094012277317e+03 4.381297057827149251e-16
6.339577504196944574e+03 4.402221049883829858e-16
6.342618914381611830e+03 4.305213052739256919e-16
6.345660324566279087e+03 4.261628627538926479e-16
6.348701734750946343e+03 4.126928230475075222e-16
6.351743144935612690e+03 4.160631382612544490e-16
6.354784555120279947e+03 4.155735747051056630e-16
6.357825965304946294e+03 4.040763408747346951e-16
6.360867375489613551e+03 4.148498987334278514e-16
6.363908785674280807e+03 4.210801468653606168e-16
6.366950195858948064e+03 4.136180573384453873e-16
6.369991606043615320e+03 4.247343930230254288e-16
6.373033016228281667e+03 4.144293921495840635e-16
6.376074426412948924e+03 4.008982109252979912e-16
6.379115836597615271e+03 3.977047447807756208e-16
6.382157246782282527e+03 4.140977916437638821e-16
6.385198656966949784e+03 3.893241102220387888e-16
6.388240067151617041e+03 3.979851202414608325e-16
6.391281477336284297e+03 4.028820354406018202e-16
6.394322887520951554e+03 3.991145620588423161e-16
6.397364297705617901e+03 3.989795564272296401e-16
6.400405707890284248e+03 3.984765142890821561e-16
6.403447118074951504e+03 4.233649315643084538e-16
6.406488528259618761e+03 4.074110852292552552e-16
6.409529938444286017e+03 4.166004875407511897e-16
6.412571348628953274e+03 4.068368391101689391e-16
6.415612758813620530e+03 4.049940553003724561e-16
6.418654168998286877e+03 4.101207711815113974e-16
6.421695579182953225e+03 4.276608776771769475e-16
6.424736989367620481e+03 4.134120559974812077e-16
6.427778399552287738e+03 4.074223548699972925e-16
6.430819809736954994e+03 4.209637139023858515e-16
6.433861219921622251e+03 4.287491841849453767e-16
6.436902630106289507e+03 4.438715560405275696e-16
6.439944040290955854e+03 4.333558254112715655e-16
6.442985450475622201e+03 4.193428748420980526e-16
6.446026860660289458e+03 4.422298173113644966e-16
6.449068270844956714e+03 4.443351688489816518e-16
6.452109681029623971e+03 4.358253149181904692e-16
6.455151091214291228e+03 4.249476716535551651e-16
6.458192501398958484e+03 4.470372108278836573e-16
6.461233911583624831e+03 4.528345292352963596e-16
6.464275321768292088e+03 4.580595545728866196e-16
6.467316731952958435e+03 4.611668575795008412e-16
6.470358142137625691e+03 4.489605172686507701e-16
6.473399552322292948e+03 4.522066378846247339e-16
6.476440962506960204e+03 4.633974242789604905e-16
6.479482372691627461e+03 4.842372694801306589e-16
6.482523782876293808e+03 4.591736186615153102e-16
6.485565193060961064e+03 4.638935795127413035e-16
6.488606603245627412e+03 4.760340305798501678e-16
6.491648013430294668e+03 4.872926882063884413e-16
6.494689423614961925e+03 4.585852336424756882e-16
6.497730833799629181e+03 4.744272773357452530e-16
6.500772243984296438e+03 4.658051760014471365e-16
6.503813654168962785e+03 4.533896489493627241e-16
6.506855064353630041e+03 4.567837076849537860e-16
6.509896474538296388e+03 4.620637638263311387e-16
6.512937884722963645e+03 4.632467872628275591e-16
6.515979294907630901e+03 4.646313774142536467e-16
6.519020705092298158e+03 4.475874974800618351e-16
6.522062115276965415e+03 4.485063684835121641e-16
6.525103525461631762e+03 4.429575561933764020e-16
6.528144935646299018e+03 4.236203429239437667e-16
6.531186345830965365e+03 4.050781962205505864e-16
6.534227756015632622e+03 3.924320273334981645e-16
6.537269166200299878e+03 3.899609635905799419e-16
6.540310576384967135e+03 3.838928122194453154e-16
6.543351986569634391e+03 3.936973187009803877e-16
6.546393396754300738e+03 3.661129972336563993e-16
6.549434806938967995e+03 3.654600833756350243e-16
6.552476217123634342e+03 3.705998008585489107e-16
6.555517627308301599e+03 3.515265806221027497e-16
6.558559037492968855e+03 3.209331930330985304e-16
6.561600447677636112e+03 3.359962650197549199e-16
6.564641857862303368e+03 3.650964188667033036e-16
6.567683268046969715e+03 3.555991390115405786e-16
6.570724678231636972e+03 3.489507568129696405e-16
6.573766088416303319e+03 3.592014068576093072e-16
6.576807498600970575e+03 3.686070083057250599e-16
6.579848908785637832e+03 3.833748733850896746e-16
6.582890318970305088e+03 4.005689386056579419e-16
6.585931729154972345e+03 3.853809787715664059e-16
6.588973139339638692e+03 3.921631525315247758e-16
6.592014549524305949e+03 4.212526837945343552e-16
6.595055959708972296e+03 4.046195618673371389e-16
6.598097369893639552e+03 4.259968902445909955e-16
6.601138780078306809e+03 4.182415447877078531e-16
6.604180190262974065e+03 4.536104304117486222e-16
6.607221600447641322e+03 4.269129941218365123e-16
6.610263010632307669e+03 4.582322990882171449e-16
6.613304420816974925e+03 4.826352547101845885e-16
6.616345831001641272e+03 4.661310340396584383e-16
6.619387241186308529e+03 4.863663671942862411e-16
6.622428651370975786e+03 4.812464070635727980e-16
6.625470061555643042e+03 5.055923029106218987e-16
6.628511471740310299e+03 4.862461168599258264e-16
6.631552881924976646e+03 5.071712045673421324e-16
6.634594292109643902e+03 5.286035546670915291e-16
6.637635702294310249e+03 5.290800032252610755e-16
6.640677112478977506e+03 5.280642925222734502e-16
6.643718522663644762e+03 5.154887236263079449e-16
6.646759932848312019e+03 5.181580437586790278e-16
6.649801343032979275e+03 5.384901210848039254e-16
6.652842753217646532e+03 5.284449713436393242e-16
6.655884163402312879e+03 5.338629107832566698e-16
6.658925573586979226e+03 5.467243310583250883e-16
6.661966983771646483e+03 5.561852962085113696e-16
6.665008393956313739e+03 5.486050015993999717e-16
6.668049804140980996e+03 5.479078888760309311e-16
6.671091214325648252e+03 5.460893668124833457e-16
6.674132624510315509e+03 5.618446564614200714e-16
6.677174034694981856e+03 5.519610484831045994e-16
6.680215444879648203e+03 5.618111470315257242e-16
6.683256855064315459e+03 5.671279916497195425e-16
6.686298265248982716e+03 5.693723164653095238e-16
6.689339675433649973e+03 5.533125026189545595e-16
6.692381085618317229e+03 5.505871195744953943e-16
6.695422495802984486e+03 5.550263796504209532e-16
6.698463905987650833e+03 5.529304085973267388e-16
6.701505316172318089e+03 5.513212034956754185e-16
6.704546726356984436e+03 5.604061709121092476e-16
6.707588136541651693e+03 5.588921936272443638e-16
6.710629546726318949e+03 5.659246158751123840e-16
6.713670956910986206e+03 5.649234738595850889e-16
6.716712367095653462e+03 5.753135550116468660e-16
6.719753777280319810e+03 5.660243649861181961e-16
6.722795187464987066e+03 5.601766423648887124e-16
6.725836597649653413e+03 5.572865536903733161e-16
6.728878007834320670e+03 5.515011268724231684e-16
6.731919418018987926e+03 5.497824725450859451e-16
6.734960828203655183e+03 5.509495062870524014e-16
6.738002238388322439e+03 5.580380158980922603e-16
6.741043648572988786e+03 5.415800640271522816e-16
6.744085058757656043e+03 5.354705357365357655e-16
6.747126468942322390e+03 5.519725691293819495e-16
6.750167879126989646e+03 5.452531391748778823e-16
6.753209289311656903e+03 5.446777143951653801e-16
6.756250699496324160e+03 5.386779152321824616e-16
6.759292109680991416e+03 5.452076962078095090e-16
6.762333519865657763e+03 5.253371622856781189e-16
6.765374930050325020e+03 5.289940556049084056e-16
6.768416340234991367e+03 5.383980643489113696e-16
6.771457750419658623e+03 5.220368888061706107e-16
6.774499160604325880e+03 5.282035847228541619e-16
6.777540570788993136e+03 5.210084972358821054e-16
6.780581980973660393e+03 5.221492452809258444e-16
6.783623391158326740e+03 5.180081806416616716e-16
6.786664801342993997e+03 4.879574672382225310e-16
6.789706211527660344e+03 4.882015847924821867e-16
6.792747621712327600e+03 5.056112689044478366e-16
6.795789031896994857e+03 4.928713087372416746e-16
6.798830442081662113e+03 4.868925474126260070e-16
6.801871852266329370e+03 4.926479323115163849e-16
6.804913262450995717e+03 4.765024307521538351e-16
6.807954672635662973e+03 4.641669583677669761e-16
6.810996082820329320e+03 4.747689985396810096e-16
6.814037493004996577e+03 4.641981356742439220e-16
6.817078903189663833e+03 4.558784132585086084e-16
6.820120313374331090e+03 4.608585524183887133e-16
6.823161723558998347e+03 4.416718864803158218e-16
6.826203133743664694e+03 4.526058610657885818e-16
6.829244543928331950e+03 4.643231102587202968e-16
6.832285954112998297e+03 4.283369809380461144e-16
6.835327364297665554e+03 4.471986861564901926e-16
6.838368774482332810e+03 4.305862148784607453e-16
6.841410184667000067e+03 4.418569257237505514e-16
6.844451594851667323e+03 4.517078337865984061e-16
6.847493005036333670e+03 4.526933029939485718e-16
6.850534415221000927e+03 4.334323020864492393e-16
6.853575825405667274e+03 4.153745302985798646e-16
6.856617235590334531e+03 4.241215427844978984e-16
6.859658645775001787e+03 4.269542425571588309e-16
6.862700055959669044e+03 4.213132567266733851e-16
6.865741466144336300e+03 4.104900913825529622e-16
6.868782876329002647e+03 4.161764205573174537e-16
6.871824286513669904e+03 4.028654090893460361e-16
6.874865696698336251e+03 3.985256620066792077e-16
6.877907106883003507e+03 4.119921768360412341e-16
6.880948517067670764e+03 4.026786102492316509e-16
6.883989927252338020e+03 4.091531051926411498e-16
6.887031337437005277e+03 3.932638111859827134e-16
6.890072747621672534e+03 3.778617793888541880e-16
6.893114157806338881e+03 3.772718973814178553e-16
6.896155567991005228e+03 3.707583088417793243e-16
6.899196978175672484e+03 3.944103794376488325e-16
6.902238388360339741e+03 3.654795329403583388e-16
6.905279798545006997e+03 3.550822795402426219e-16
6.908321208729674254e+03 3.563202017469712799e-16
6.911362618914341510e+03 3.598434544423295396e-16
6.914404029099007857e+03 3.540206875669184359e-16
6.917445439283674204e+03 3.440231998551241000e-16
6.920486849468341461e+03 3.493376931272402604e-16
6.923528259653008718e+03 3.459187562564881694e-16
6.926569669837675974e+03 3.487185164333334885e-16
6.929611080022343231e+03 3.348864972297416222e-16
6.932652490207010487e+03 3.328133696309830101e-16
6.935693900391676834e+03 3.405370012259556234e-16
6.938735310576343181e+03 3.448851880330753679e-16
6.941776720761010438e+03 3.613126667451981751e-16
6.944818130945677694e+03 3.788037091589620939e-16
6.947859541130344951e+03 3.579917800468783061e-16
6.950900951315012207e+03 3.914220960915682577e-16
6.953942361499679464e+03 3.989066113453657659e-16
6.956983771684345811e+03 4.244902796461161794e-16
6.960025181869013068e+03 4.378076194992847331e-16
6.963066592053679415e+03 4.235224797393448995e-16
6.966108002238346671e+03 4.343309399599578914e-16
6.969149412423013928e+03 4.559391736081602654e-16
6.972190822607681184e+03 4.690830952534529790e-16
6.975232232792348441e+03 4.825961482443483401e-16
6.978273642977014788e+03 4.671095043210854019e-16
6.981315053161682044e+03 4.784262823879585241e-16
6.984356463346348391e+03 4.928331706740895168e-16
6.987397873531015648e+03 4.798882113927213269e-16
6.990439283715682905e+03 4.884437825784336929e-16
6.993480693900350161e+03 5.039738575643226123e-16
6.996522104085017418e+03 5.080263708917250703e-16
6.999563514269683765e+03 5.084485483910318759e-16
7.002604924454351021e+03 5.404097307697993521e-16
7.005646334639017368e+03 5.455201929189637333e-16
7.008687744823684625e+03 5.345336332509881538e-16
7.011729155008351881e+03 5.286422803251378288e-16
7.014770565193019138e+03 5.285939224087107090e-16
7.017811975377686394e+03 5.483108347819700644e-16
7.020853385562352742e+03 5.448208462731135175e-16
7.023894795747019998e+03 5.400884442653253094e-16
7.026936205931686345e+03 5.285611692826432620e-16
7.029977616116353602e+03 5.409156745131303447e-16
7.033019026301020858e+03 5.474306969572057905e-16
7.036060436485688115e+03 5.403240498779286386e-16
7.039101846670355371e+03 5.453768478624386668e-16
7.042143256855021718e+03 5.359971488401167613e-16
7.045184667039688975e+03 5.461781310388541543e-16
7.048226077224355322e+03 5.395702917767248485e-16
7.051267487409022579e+03 5.208753558188031499e-16
7.054308897593689835e+03 5.265899902930009316e-16
7.057350307778357092e+03 5.265419481565040645e-16
7.060391717963024348e+03 5.516567927838160415e-16
7.063433128147690695e+03 5.408214048233840259e-16
7.066474538332357952e+03 5.408658254348585023e-16
7.069515948517024299e+03 5.675261862129631487e-16
7.072557358701691555e+03 5.815375941745424748e-16
7.075598768886358812e+03 5.702250140189423145e-16
7.078640179071026068e+03 5.705493259175229309e-16
7.081681589255693325e+03 5.940671469952385031e-16
7.084722999440359672e+03 5.852412557256831957e-16
7.087764409625026929e+03 5.866078593070918669e-16
7.090805819809693276e+03 5.856184887710304541e-16
7.093847229994360532e+03 5.939796495897760630e-16
7.096888640179027789e+03 5.805014785140117632e-16
7.099930050363695045e+03 5.935222765269801206e-16
7.102971460548362302e+03 5.867007895752928725e-16
7.106012870733028649e+03 5.657339595269997916e-16
7.109054280917695905e+03 5.631053154942087834e-16
7.112095691102362252e+03 5.903441324438366431e-16
7.115137101287029509e+03 5.812554738845039683e-16
7.118178511471696766e+03 5.659988274244527052e-16
7.121219921656364022e+03 5.805065528537933378e-16
7.124261331841031279e+03 5.653013636821057854e-16
7.127302742025697626e+03 5.391964827528284485e-16
7.130344152210364882e+03 5.285982577464065895e-16
7.133385562395031229e+03 5.361595699441523928e-16
7.136426972579698486e+03 5.567741923278999429e-16
7.139468382764365742e+03 5.443181729785810768e-16
7.142509792949032999e+03 5.282810097306233211e-16
7.145551203133700255e+03 5.323875759310173893e-16
7.148592613318367512e+03 5.302437047337036693e-16
7.151634023503033859e+03 5.192617340734718859e-16
7.154675433687700206e+03 5.158083486094346457e-16
7.157716843872367463e+03 4.941304752485441551e-16
7.160758254057034719e+03 5.143619898133850691e-16
7.163799664241701976e+03 5.114615019345227680e-16
7.166841074426369232e+03 5.281847102783805093e-16
7.169882484611036489e+03 5.196653860901714202e-16
7.172923894795702836e+03 5.150535376219810801e-16
7.175965304980369183e+03 5.207649421664795717e-16
7.179006715165036439e+03 5.177073348651730925e-16
7.182048125349703696e+03 4.910918191310188573e-16
7.185089535534370953e+03 4.837653904036871552e-16
7.188130945719038209e+03 4.982244191408182894e-16
7.191172355903705466e+03 5.021834656887721807e-16
7.194213766088371813e+03 5.234981390300527867e-16
7.197255176273039069e+03 5.271098574088725890e-16
7.200296586457705416e+03 5.320379162851394578e-16
7.203337996642372673e+03 5.077437606267072491e-16
7.206379406827039929e+03 5.172333876990100888e-16
7.209420817011707186e+03 5.193072902207491622e-16
7.212462227196374442e+03 5.207525910161045739e-16
7.215503637381040789e+03 5.362077089794378360e-16
7.218545047565708046e+03 5.414806700393899476e-16
7.221586457750374393e+03 5.342221617757376684e-16
7.224627867935041650e+03 5.462416010014132493e-16
7.227669278119708906e+03 5.521256889609096027e-16
7.230710688304376163e+03 5.561473156853075926e-16
7.233752098489043419e+03 5.229868664847537803e-16
7.236793508673709766e+03 5.427277881436880649e-16
7.239834918858377023e+03 5.393819067008403698e-16
7.242876329043043370e+03 5.122219701327018946e-16
7.245917739227710626e+03 5.497596393891945159e-16
7.248959149412377883e+03 5.643116629650522288e-16
7.252000559597045140e+03 5.402338322253722799e-16
7.255041969781712396e+03 5.444269522840950910e-16
7.258083379966378743e+03 5.363729839210518970e-16
7.261124790151046000e+03 5.406101025621151087e-16
7.264166200335712347e+03 5.315087592931786164e-16
7.267207610520379603e+03 5.233779586810011069e-16
7.270249020705046860e+03 5.140354007045996217e-16
7.273290430889714116e+03 5.323184411917671997e-16
7.276331841074381373e+03 5.007261817517318559e-16
7.279373251259047720e+03 5.507189646122565164e-16
7.282414661443714976e+03 5.491620611265082204e-16
7.285456071628381324e+03 5.411597463023318965e-16
7.288497481813048580e+03 5.650781708203989114e-16
7.291538891997715837e+03 5.356926757419493638e-16
7.294580302182383093e+03 5.548544659598373537e-16
7.297621712367050350e+03 5.543313167985624709e-16
7.300663122551716697e+03 5.543391863305170599e-16
7.303704532736383953e+03 5.571865124889752001e-16
7.306745942921050300e+03 5.530223823659459339e-16
7.309787353105717557e+03 5.362371593774476690e-16
7.312828763290384813e+03 5.285450436797661209e-16
7.315870173475052070e+03 5.485450677526638748e-16
7.318911583659719327e+03 5.520783850190370719e-16
7.321952993844385674e+03 5.364260279655163329e-16
7.324994404029052930e+03 5.437462632484989285e-16
7.328035814213719277e+03 5.381383627865195098e-16
7.331077224398386534e+03 5.282628828181461267e-16
7.334118634583053790e+03 5.044194664574893682e-16
7.337160044767721047e+03 4.941773237099452563e-16
7.340201454952388303e+03 4.932604328887649259e-16
7.343242865137054650e+03 5.055003515707713208e-16
7.346284275321721907e+03 5.121011449421099057e-16
7.349325685506388254e+03 4.928086162622831240e-16
7.352367095691055511e+03 4.776688453174606436e-16
7.355408505875722767e+03 4.671870655364993127e-16
7.358449916060390024e+03 4.867243258139836193e-16
7.361491326245057280e+03 4.766613337098151250e-16
7.364532736429723627e+03 4.462950749639869946e-16
7.367574146614390884e+03 4.397866916002175080e-16
7.370615556799057231e+03 4.475533641190141736e-16
7.373656966983724487e+03 4.306960712315844807e-16
7.376698377168391744e+03 4.411573648186610283e-16
7.379739787353059000e+03 4.323321534116563972e-16
7.382781197537726257e+03 4.217848223309969955e-16
7.385822607722393514e+03 4.260311771649131152e-16
7.388864017907059861e+03 4.303567462869367355e-16
7.391905428091726208e+03 4.269450994262518102e-16
7.394946838276393464e+03 4.184613817508148513e-16
7.397988248461060721e+03 4.119998740286964348e-16
7.401029658645727977e+03 4.107233874723681033e-16
7.404071068830395234e+03 3.881247324125072592e-16
7.407112479015062490e+03 4.083851507378297411e-16
7.410153889199728837e+03 4.006221566941788277e-16
7.413195299384395184e+03 4.025080991865707652e-16
7.416236709569062441e+03 3.927484184068583851e-16
7.419278119753729698e+03 3.841927306235434555e-16
7.422319529938396954e+03 3.866426942248606551e-16
7.425360940123064211e+03 3.934673167612215087e-16
7.428402350307731467e+03 3.850658765936345811e-16
7.431443760492397814e+03 3.804667609544582307e-16
7.434485170677064161e+03 3.711234510383362177e-16
7.437526580861731418e+03 3.597181283926726807e-16
7.440567991046398674e+03 3.636597921634722480e-16
7.443609401231065931e+03 3.662947382329838333e-16
7.446650811415733187e+03 3.594344144754243588e-16
7.449692221600400444e+03 3.523659743132847782e-16
7.452733631785066791e+03 3.521005647605776969e-16
7.455775041969734048e+03 3.677798166850004016e-16
7.458816452154400395e+03 3.770354999784364682e-16
7.461857862339067651e+03 3.638308517991566761e-16
7.464899272523734908e+03 3.509167250947357741e-16
7.467940682708402164e+03 3.520965611251981323e-16
7.470982092893069421e+03 3.530516194869370868e-16
7.474023503077735768e+03 3.711031572625494939e-16
7.477064913262403024e+03 3.540200934984743773e-16
7.480106323447069371e+03 3.450119193654366973e-16
7.483147733631736628e+03 3.825826001714264480e-16
7.486189143816403885e+03 3.640796361299801460e-16
7.489230554001071141e+03 3.661481743920254199e-16
7.492271964185738398e+03 3.591102191314835114e-16
7.495313374370404745e+03 3.547088095489852612e-16
7.498354784555072001e+03 3.740848334133373126e-16
7.501396194739738348e+03 3.484324681728838797e-16
7.504437604924405605e+03 3.384930265288342775e-16
7.507479015109072861e+03 3.710176355394590726e-16
7.510520425293740118e+03 3.575937769877915975e-16
7.513561835478407374e+03 3.540908637040561426e-16
7.516603245663073722e+03 3.620442589219230977e-16
7.519644655847740978e+03 3.838990331462502983e-16
7.522686066032407325e+03 3.784623757403973903e-16
7.525727476217074582e+03 3.655817958918334224e-16
7.528768886401741838e+03 3.789697550093113372e-16
7.531810296586409095e+03 3.720565874296435155e-16
7.534851706771076351e+03 3.844601419551667702e-16
7.537893116955742698e+03 3.742026818514188341e-16
7.540934527140409955e+03 3.717122530714550484e-16
7.543975937325076302e+03 3.669143060695179374e-16
7.547017347509743558e+03 3.570597162946951133e-16
7.550058757694410815e+03 3.469396274303316418e-16
7.553100167879078072e+03 3.645507117847184660e-16
7.556141578063745328e+03 3.595020947514921419e-16
7.559182988248411675e+03 3.707343042215991687e-16
7.562224398433078932e+03 3.715036598597034089e-16
7.565265808617745279e+03 3.551662503714041900e-16
7.568307218802412535e+03 3.432678801073467540e-16
7.571348628987079792e+03 3.559890319958688430e-16
7.574390039171747048e+03 3.509621476174611376e-16
7.577431449356414305e+03 3.324939542934167280e-16
7.580472859541080652e+03 3.261935498064023745e-16
7.583514269725747909e+03 3.256868890108408431e-16
7.586555679910414256e+03 3.251802816792655042e-16
7.589597090095081512e+03 3.246737277425913216e-16
7.592638500279748769e+03 3.241672271318081025e-16
7.595679910464416025e+03 3.236608643035001223e-16
7.598721320649083282e+03 3.231544701342826337e-16
7.601762730833749629e+03 3.226481290843795685e-16
7.604804141018416885e+03 3.221418410850812897e-16
7.607845551203083232e+03 3.216356060677532994e-16
7.610886961387750489e+03 3.211295084719574380e-16
7.613928371572417745e+03 3.206233792094972330e-16
7.616969781757085002e+03 3.201173027235581572e-16
7.620011191941752259e+03 3.087683623500233771e-16
7.623052602126418606e+03 2.935650584931403889e-16
7.626094012311085862e+03 2.950372696740167464e-16
7.629135422495752209e+03 3.107047664208348595e-16
7.632176832680419466e+03 3.309370106145396110e-16
7.635218242865086722e+03 3.209109966621425397e-16
7.638259653049753979e+03 3.255571027894056413e-16
7.641301063234421235e+03 3.382739531549425967e-16
7.644342473419088492e+03 3.531933803007776837e-16
7.647383883603754839e+03 3.389164245123810100e-16
7.650425293788421186e+03 3.288484318205420182e-16
7.653466703973088443e+03 3.183815196910608008e-16
7.656508114157755699e+03 3.162337487741074203e-16
7.659549524342422956e+03 3.425482284169572123e-16
7.662590934527090212e+03 3.673908002858657327e-16
7.665632344711757469e+03 3.651070156023632177e-16
7.668673754896423816e+03 3.576402761360082966e-16
7.671715165081090163e+03 3.557445588614210866e-16
7.674756575265757419e+03 3.392140364522499405e-16
7.677797985450424676e+03 3.473367365722809243e-16
7.680839395635091932e+03 3.470939501681772706e-16
7.683880805819759189e+03 3.541956712507783169e-16
7.686922216004426446e+03 3.478487203800355218e-16
7.689963626189092793e+03 3.609902655713587662e-16
7.693005036373760049e+03 3.752013828214941092e-16
7.696046446558426396e+03 3.785440083683420948e-16
7.699087856743093653e+03 3.708100029245884611e-16
7.702129266927760909e+03 3.574979934273892758e-16
7.705170677112428166e+03 3.571845264687767586e-16
7.708212087297095422e+03 3.799011333485396265e-16
7.711253497481761769e+03 3.977190422887920642e-16
7.714294907666429026e+03 3.809930753533972539e-16
7.717336317851095373e+03 3.967071176558816932e-16
7.720377728035762630e+03 4.243622886450624082e-16
7.723419138220429886e+03 4.131182399680569187e-16
7.726460548405097143e+03 4.254763903467808603e-16
7.729501958589764399e+03 4.301114455081621937e-16
7.732543368774430746e+03 4.262900936145491349e-16
7.735584778959098003e+03 4.357297601170832051e-16
7.738626189143764350e+03 4.359067787649522722e-16
7.741667599328431606e+03 4.583181405092697271e-16
7.744709009513098863e+03 4.600014588806080653e-16
7.747750419697766119e+03 4.689087783850864388e-16
7.750791829882433376e+03 4.697156398083864400e-16
7.753833240067099723e+03 4.554220201724969048e-16
7.756874650251766980e+03 4.534150632649242831e-16
7.759916060436433327e+03 4.292433236214724137e-16
7.762957470621100583e+03 4.639685096927387718e-16
7.765998880805767840e+03 4.690143709677379799e-16
7.769040290990435096e+03 4.701107847362146927e-16
7.772081701175102353e+03 4.530739453726618002e-16
7.775123111359768700e+03 4.821058263829920096e-16
7.778164521544435956e+03 4.877559910287361455e-16
7.781205931729102304e+03 4.787583314238516493e-16
7.784247341913769560e+03 4.920420803517374231e-16
7.787288752098436817e+03 4.763059192531328113e-16
7.790330162283104073e+03 4.915329780456705480e-16
7.793371572467771330e+03 4.722239332003728901e-16
7.796412982652437677e+03 4.740239021466962651e-16
7.799454392837104933e+03 4.860134179814592235e-16
7.802495803021771280e+03 4.740434838095316560e-16
7.805537213206438537e+03 4.831585131164665143e-16
7.808578623391105793e+03 4.831778783627971714e-16
7.811620033575773050e+03 4.978059768870843944e-16
7.814661443760440307e+03 4.985800909051521091e-16
7.817702853945106654e+03 4.756136066547246861e-16
7.820744264129773910e+03 4.513831418444283627e-16
7.823785674314440257e+03 4.861752587234800833e-16
7.826827084499107514e+03 4.867024643054148263e-16
7.829868494683774770e+03 4.872590262109526979e-16
7.832909904868442027e+03 4.805492119084016850e-16
7.835951315053109283e+03 4.760970845583554509e-16
7.838992725237775630e+03 4.752598145362901946e-16
7.842034135422442887e+03 4.676862243503332093e-16
7.845075545607109234e+03 4.731228121060681774e-16
7.848116955791776491e+03 4.910364827487023336e-16
7.851158365976443747e+03 4.792545562546219514e-16
7.854199776161111004e+03 4.656367104662360332e-16
7.857241186345778260e+03 4.529743301899613069e-16
7.860282596530444607e+03 4.747246966808554081e-16
7.863324006715111864e+03 4.980151243393053703e-16
7.866365416899778211e+03 4.464033193569825255e-16
7.869406827084445467e+03 4.723420537445580673e-16
7.872448237269112724e+03 4.485232638627178135e-16
7.875489647453779980e+03 4.470896367449595336e-16
7.878531057638447237e+03 4.683613026138782289e-16
7.881572467823114494e+03 4.669168711388016477e-16
7.884613878007780841e+03 4.665402436884526181e-16
7.887655288192447188e+03 4.530258951788823325e-16
7.890696698377114444e+03 4.411560132552495456e-16
7.893738108561781701e+03 4.232502060446839482e-16
7.896779518746448957e+03 4.375704763308535507e-16
7.899820928931116214e+03 4.507298987708474717e-16
7.902862339115782561e+03 4.528738742369646192e-16
7.905903749300449817e+03 4.417432213291833108e-16
7.908945159485117074e+03 4.266909403800673325e-16
7.911986569669783421e+03 4.153830323581676936e-16
7.915027979854450678e+03 4.232935589454171870e-16
7.918069390039117934e+03 4.270190413713922431e-16
7.921110800223785191e+03 4.212066582227034851e-16
7.924152210408451538e+03 4.250211559682631503e-16
7.927193620593118794e+03 4.209619715297327700e-16
7.930235030777786051e+03 4.074253483804308885e-16
7.933276440962452398e+03 4.205510236277504358e-16
7.936317851147119654e+03 4.191367254115842733e-16
7.939359261331786911e+03 4.057180526564876388e-16
7.942400671516454167e+03 4.363718985244035129e-16
7.945442081701120514e+03 4.527302831634301585e-16
7.948483491885787771e+03 4.251101982157647414e-16
7.951524902070455028e+03 4.082188075970511144e-16
7.954566312255121375e+03 4.112301527275864212e-16
7.957607722439788631e+03 4.184744819899302355e-16
7.960649132624455888e+03 3.942897344574331956e-16
7.963690542809123144e+03 4.068556582418198588e-16
7.966731952993789491e+03 4.086535160707432435e-16
7.969773363178456748e+03 4.116960937301582525e-16
7.972814773363124004e+03 4.045163170703351602e-16
7.975856183547791261e+03 4.124336230668557417e-16
7.978897593732457608e+03 4.154744455536992141e-16
7.981939003917124865e+03 4.034097055803395130e-16
7.984980414101792121e+03 4.191530892348674913e-16
7.988021824286458468e+03 4.085296495077660478e-16
7.991063234471125725e+03 4.085104332980215789e-16
7.994104644655792981e+03 4.188662607715172296e-16
7.997146054840460238e+03 4.223702206357536610e-16
8.000187465025126585e+03 4.274425392048736518e-16
8.003228875209793841e+03 4.013932816193141088e-16
8.006270285394461098e+03 4.109329694721127824e-16
8.009311695579127445e+03 4.008315897344673553e-16
8.012353105763794701e+03 3.910843924010673609e-16
8.015394515948461958e+03 4.001492719597032859e-16
8.018435926133129215e+03 3.911011283598545203e-16
8.021477336317795562e+03 3.774864748752237409e-16
8.024518746502462818e+03 3.758068284206953063e-16
8.027560156687130075e+03 3.730330003642562975e-16
8.030601566871796422e+03 3.795693034503741114e-16
8.033642977056463678e+03 3.940641182053965972e-16
8.036684387241130935e+03 3.874083615208380539e-16
8.039725797425798191e+03 3.846105803345830724e-16
8.042767207610464538e+03 3.789514549866399099e-16
8.045808617795131795e+03 3.616715872260021098e-16
8.048850027979799052e+03 3.695711785158687880e-16
8.051891438164465399e+03 3.943475772945054623e-16
8.054932848349132655e+03 3.800280219465027919e-16
8.057974258533799912e+03 3.603470800048457864e-16
8.061015668718467168e+03 3.657516370798113437e-16
8.064057078903133515e+03 3.502001937216788241e-16
8.067098489087800772e+03 3.546105697774802886e-16
8.070139899272468028e+03 3.587286171067475296e-16
8.073181309457134375e+03 3.633112977229292756e-16
8.076222719641801632e+03 3.603856521829703298e-16
8.079264129826468888e+03 3.488851657317010479e-16
8.082305540011136145e+03 3.331235478926307450e-16
8.085346950195802492e+03 3.250066372612182566e-16
8.088388360380469749e+03 3.391269174469476874e-16
8.091429770565137005e+03 3.372174954841623870e-16
8.094471180749803352e+03 3.111788890771481242e-16
8.097512590934470609e+03 3.185039954105838776e-16
8.100554001119137865e+03 3.169290915325991351e-16
8.103595411303805122e+03 3.044336624142861506e-16
8.106636821488471469e+03 3.226830498189953649e-16
8.109678231673138725e+03 3.261106478086205986e-16
8.112719641857805982e+03 2.984166408126522984e-16
8.115761052042473239e+03 3.043403681067248676e-16
8.118802462227139586e+03 2.794263809738413896e-16
8.121843872411806842e+03 2.727384113051266458e-16
8.124885282596474099e+03 2.631629040744563115e-16
8.127926692781140446e+03 2.807067226220402118e-16
8.130968102965807702e+03 2.638910437147278537e-16
8.134009513150474959e+03 2.651810856173245842e-16
8.137050923335142215e+03 2.630715123219049643e-16
8.140092333519808562e+03 2.414214393367005797e-16
8.143133743704475819e+03 2.333505932889889247e-16
8.146175153889143076e+03 2.323082580573129637e-16
8.149216564073809423e+03 2.300981768513158463e-16
8.152257974258476679e+03 2.194090631439666524e-16
8.155299384443143936e+03 2.161276848881964905e-16
8.158340794627811192e+03 2.104739395785588286e-16
8.161382204812477539e+03 2.043708708367972184e-16
8.164423614997144796e+03 2.108290450954539598e-16
8.167465025181812052e+03 1.999216594818410279e-16
8.170506435366478399e+03 1.998965639334165024e-16
8.173547845551145656e+03 2.122713884560064968e-16
8.176589255735812912e+03 2.120474729033916421e-16
8.179630665920480169e+03 2.111700967280034569e-16
8.182672076105146516e+03 2.008031458905503807e-16
8.185713486289813773e+03 1.946168712964906215e-16
8.188754896474481029e+03 1.954129709843482667e-16
8.191796306659147376e+03 1.853025818077203974e-16
8.194837716843814633e+03 1.715049122501540983e-16
8.197879127028481889e+03 1.768750885141111375e-16
8.200920537213149146e+03 1.881664540984064647e-16
8.203961947397816402e+03 1.694442949939357688e-16
8.207003357582481840e+03 1.697655805516807555e-16
8.210044767767150915e+03 1.664640337619324684e-16
8.213086177951816353e+03 1.720206485850048500e-16
8.216127588136483610e+03 1.815580431594775043e-16
8.219168998321150866e+03 1.581890478066279774e-16
8.222210408505818123e+03 1.612086679869947541e-16
8.225251818690485379e+03 1.523530097249673195e-16
8.228293228875150817e+03 1.620444387461950091e-16
8.231334639059819892e+03 1.695482350818251262e-16
8.234376049244485330e+03 1.656027691526645959e-16
8.237417459429152586e+03 1.518248715767035938e-16
8.240458869613819843e+03 1.492376885754180138e-16
8.243500279798487099e+03 1.461594264989682708e-16
8.246541689983154356e+03 1.496900070719728206e-16
8.249583100167819794e+03 1.622320227118815863e-16
8.252624510352488869e+03 1.556761339683211045e-16
8.255665920537154307e+03 1.445067888277217729e-16
8.258707330721821563e+03 1.464374948177799363e-16
8.261748740906488820e+03 1.454695995056947260e-16
8.264790151091156076e+03 1.455006591309029449e-16
8.267831561275823333e+03 1.404774432450205855e-16
8.270872971460488770e+03 1.589641250752421648e-16
8.273914381645157846e+03 1.492875982493337179e-16
8.276955791829823283e+03 1.365650761305932975e-16
8.279997202014490540e+03 1.596273706049192475e-16
8.283038612199157797e+03 1.597185280452205282e-16
8.286080022383825053e+03 1.610854434590571551e-16
8.289121432568492310e+03 1.610846580500188162e-16
8.292162842753157747e+03 1.580962058043220250e-16
8.295204252937826823e+03 1.804571296123405642e-16
8.298245663122492260e+03 1.673453788492633207e-16
8.301287073307159517e+03 1.647052401118087442e-16
8.304328483491826773e+03 1.734285809187945292e-16
8.307369893676494030e+03 1.621682278839274885e-16
8.310411303861161286e+03 1.446111202825852530e-16
8.313452714045826724e+03 1.409739622275571021e-16
8.316494124230495800e+03 1.465412240834950521e-16
8.319535534415161237e+03 1.485944193912926477e-16
8.322576944599828494e+03 1.580067015229668817e-16
8.325618354784495750e+03 1.614418375014970419e-16
8.328659764969163007e+03 1.438008500426570711e-16
8.331701175153830263e+03 1.443516598116439929e-16
8.334742585338495701e+03 1.397260681071512553e-16
8.337783995523164776e+03 1.337978452499838020e-16
8.340825405707830214e+03 1.220674425784591901e-16
8.343866815892497470e+03 1.539691227079300779e-16
8.346908226077164727e+03 1.748228230212075328e-16
8.349949636261831984e+03 1.624770154769298460e-16
8.352991046446499240e+03 1.431828224355225289e-16
8.356032456631164678e+03 1.455918341076012539e-16
8.359073866815833753e+03 1.305102247244235306e-16
8.362115277000499191e+03 1.493594319280019411e-16
8.365156687185166447e+03 1.590197344702046811e-16
8.368198097369833704e+03 1.462865233013099602e-16
8.371239507554500960e+03 1.428917145950596053e-16
8.374280917739168217e+03 1.319202035713206085e-16
8.377322327923833654e+03 1.427654779259045250e-16
8.380363738108502730e+03 1.259585629689372973e-16
8.383405148293168168e+03 1.316039452757498185e-16
8.386446558477835424e+03 1.463152037701011175e-16
8.389487968662502681e+03 1.495972851267319352e-16
8.392529378847169937e+03 1.483394249113706297e-16
8.395570789031837194e+03 1.761319498859981443e-16
8.398612199216502631e+03 1.619615587611781968e-16
8.401653609401171707e+03 1.666172240376503052e-16
8.404695019585837144e+03 1.650816096472358920e-16
8.407736429770504401e+03 1.650665325366309004e-16
8.410777839955171657e+03 1.543451246279233249e-16
8.413819250139838914e+03 1.892073626449005876e-16
8.416860660324506171e+03 2.051128986278359054e-16
8.419902070509171608e+03 1.995974043822354599e-16
8.422943480693840684e+03 2.111735516811930860e-16
8.425984890878506121e+03 1.865117969184339363e-16
8.429026301063173378e+03 1.855525454969964100e-16
8.432067711247840634e+03 2.252599731773222260e-16
8.435109121432507891e+03 2.254984380050117429e-16
8.438150531617175147e+03 2.324323036521781333e-16
8.441191941801840585e+03 2.532816302506205161e-16
8.444233351986509660e+03 2.444395110807800404e-16
8.447274762171175098e+03 2.734484421450415049e-16
8.450316172355842355e+03 2.949597794925289891e-16
8.453357582540509611e+03 3.026204122391525902e-16
8.456398992725176868e+03 3.022041053172196664e-16
8.459440402909844124e+03 2.880932034533380378e-16
8.462481813094509562e+03 3.195719059368927113e-16
8.465523223279178637e+03 3.506976081105575797e-16
8.468564633463844075e+03 3.541157504355911927e-16
8.471606043648511331e+03 3.685206314092118083e-16
8.474647453833178588e+03 3.813220509785706401e-16
8.477688864017845845e+03 3.621420581433232941e-16
8.480730274202513101e+03 3.860482716443839564e-16
8.483771684387178539e+03 4.029507464063080393e-16
8.486813094571847614e+03 4.017521345216048005e-16
8.489854504756513052e+03 3.973506870168415418e-16
8.492895914941182127e+03 4.096580934307930383e-16
8.495937325125847565e+03 4.180481182431492287e-16
8.498978735310514821e+03 3.958304848056833211e-16
8.502020145495182078e+03 3.767281778843763640e-16
8.505061555679847515e+03 4.210471716688463631e-16
8.508102965864516591e+03 4.512464700945386988e-16
8.511144376049182029e+03 4.388322055430825839e-16
8.514185786233851104e+03 4.395554849626817632e-16
8.517227196418516542e+03 4.556835177222991284e-16
8.520268606603183798e+03 4.757992671235165218e-16
8.523310016787851055e+03 4.587469822012140615e-16
8.526351426972516492e+03 4.733321779886473097e-16
8.529392837157185568e+03 4.759448628474920564e-16
8.532434247341851005e+03 5.003376211791577223e-16
8.535475657526520081e+03 4.893674227232753181e-16
8.538517067711185518e+03 5.119394717043170143e-16
8.541558477895852775e+03 5.192751143751396492e-16
8.544599888080520032e+03 4.866465797318890098e-16
8.547641298265185469e+03 5.471185732478921680e-16
8.550682708449854545e+03 5.645621152650349405e-16
8.553724118634519982e+03 5.827097221375962224e-16
8.556765528819189058e+03 5.891027492545854568e-16
8.559806939003854495e+03 6.107961342121748602e-16
8.562848349188521752e+03 6.378207915456596774e-16
8.565889759373189008e+03 6.522604107053844307e-16
8.568931169557854446e+03 6.705550780242341548e-16
8.571972579742523521e+03 6.792931687259709629e-16
8.575013989927188959e+03 6.858603029171988626e-16
8.578055400111858035e+03 7.168731872004622855e-16
8.581096810296523472e+03 7.284296857670459855e-16
8.584138220481190729e+03 7.173155234717926276e-16
8.587179630665857985e+03 7.547581953631032982e-16
8.590221040850523423e+03 7.787354935386010857e-16
8.593262451035192498e+03 7.454935564553212272e-16
8.596303861219857936e+03 7.733157034854466166e-16
8.599345271404527011e+03 8.000112250388638572e-16
8.602386681589192449e+03 7.949392455552426014e-16
8.605428091773859705e+03 8.012241683484356514e-16
8.608469501958526962e+03 8.434127027306975784e-16
8.611510912143194219e+03 8.538379971184830544e-16
8.614552322327861475e+03 8.208834052983317301e-16
8.617593732512526913e+03 8.566791877710823840e-16
8.620635142697195988e+03 8.951123242762018177e-16
8.623676552881861426e+03 8.859784345887887381e-16
8.626717963066528682e+03 8.797464887797420168e-16
8.629759373251195939e+03 8.998938717340182383e-16
8.632800783435863195e+03 9.200495146169842857e-16
8.635842193620530452e+03 9.081145666106374706e-16
8.638883603805195889e+03 9.014757009407726311e-16
8.641925013989864965e+03 9.877317272516897235e-16
8.644966424174530403e+03 9.899340056908845421e-16
8.648007834359197659e+03 1.019748285636911274e-15
8.651049244543864916e+03 9.755731575779140341e-16
8.654090654728532172e+03 9.512096330891335473e-16
8.657132064913199429e+03 9.641126840087403731e-16
8.660173475097864866e+03 1.001250667961861225e-15
8.663214885282533942e+03 9.888489627216522385e-16
8.666256295467199379e+03 9.793416285991350426e-16
8.669297705651866636e+03 9.621383805630364418e-16
8.672339115836533892e+03 9.963546932402600249e-16
8.675380526021201149e+03 9.722736543382632926e-16
8.678421936205868406e+03 9.407949740112539103e-16
8.681463346390533843e+03 9.448582424054051793e-16
8.684504756575202919e+03 9.178420689143419756e-16
8.687546166759868356e+03 9.462094055551107251e-16
8.690587576944535613e+03 1.008667957622375452e-15
8.693628987129202869e+03 9.530501431361405392e-16
8.696670397313870126e+03 9.384676567473340748e-16
8.699711807498537382e+03 9.100105714711775326e-16
8.702753217683202820e+03 9.414688554288331711e-16
8.705794627867871895e+03 9.090743170360527678e-16
8.708836038052537333e+03 8.854151811015146627e-16
8.711877448237204590e+03 9.392495215261124744e-16
8.714918858421871846e+03 9.619853720220559232e-16
8.717960268606539103e+03 9.422812811712576456e-16
8.721001678791206359e+03 9.355226474502715702e-16
8.724043088975871797e+03 8.903722060325018852e-16
8.727084499160540872e+03 8.587133621327559529e-16
8.730125909345206310e+03 8.732113177068362754e-16
8.733167319529873566e+03 8.630255067102724955e-16
8.736208729714540823e+03 8.601873636006842720e-16
8.739250139899208079e+03 8.712643747156453073e-16
8.742291550083875336e+03 7.997919194983563246e-16
8.745332960268540774e+03 7.937388401030546860e-16
8.748374370453209849e+03 8.357112986028914320e-16
8.751415780637875287e+03 8.085521901548638423e-16
8.754457190822542543e+03 7.988703635162312628e-16
8.757498601007209800e+03 8.162679504516026768e-16
8.760540011191877056e+03 8.045267024480617744e-16
8.763581421376544313e+03 8.343090141276050578e-16
8.766622831561209750e+03 8.705416365357112625e-16
8.769664241745878826e+03 8.051445668652044873e-16
8.772705651930544263e+03 7.386272177811960190e-16
8.775747062115211520e+03 8.246295310374763722e-16
8.778788472299878777e+03 7.731495336394413766e-16
8.781829882484546033e+03 7.466559246554798224e-16
8.784871292669213290e+03 7.795581432792183915e-16
8.787912702853878727e+03 7.619403903515702006e-16
8.790954113038547803e+03 6.962801094696633342e-16
8.793995523223213240e+03 6.974743721642294150e-16
8.797036933407880497e+03 7.327339911237134742e-16
8.800078343592547753e+03 7.203937786504787550e-16
8.803119753777215010e+03 7.170968758218996104e-16
8.806161163961882266e+03 6.934438450777106691e-16
8.809202574146547704e+03 6.852557064666931884e-16
8.812243984331216780e+03 6.857368943206104498e-16
8.815285394515882217e+03 6.912375684067641655e-16
8.818326804700549474e+03 6.798096587037963761e-16
8.821368214885216730e+03 6.344248657964858121e-16
8.824409625069883987e+03 6.578084356206764699e-16
8.827451035254551243e+03 6.759397694612192792e-16
8.830492445439216681e+03 6.630872412294470147e-16
8.833533855623885756e+03 6.334355255276571392e-16
8.836575265808551194e+03 6.246802185260273869e-16
8.839616675993218450e+03 6.038772745772763221e-16
8.842658086177885707e+03 5.699978546822645615e-16
8.845699496362552964e+03 5.930301197963134248e-16
8.848740906547220220e+03 5.744960400076104272e-16
8.851782316731885658e+03 5.851391274711031748e-16
8.854823726916554733e+03 5.718714665621258275e-16
8.857865137101220171e+03 5.745263751027505641e-16
8.860906547285887427e+03 5.184031213292555069e-16
8.863947957470554684e+03 6.149284847923704213e-16
8.866989367655221940e+03 5.551482732385520638e-16
8.870030777839889197e+03 5.168533635121635577e-16
8.873072188024554634e+03 5.232892087001318755e-16
8.876113598209223710e+03 5.099164634579042882e-16
8.879155008393889148e+03 5.296871320163530849e-16
8.882196418578556404e+03 4.975220940208781349e-16
8.885237828763223661e+03 4.841890166230233950e-16
8.888279238947890917e+03 4.956634287241041872e-16
8.891320649132558174e+03 4.969059011810467242e-16
8.894362059317223611e+03 4.790396866135678940e-16
8.897403469501892687e+03 4.795465957281626873e-16
8.900444879686558124e+03 4.447794414919153427e-16
8.903486289871225381e+03 4.536033313536293109e-16
8.906527700055892637e+03 4.593703533256762977e-16
8.909569110240559894e+03 4.397750592804138234e-16
8.912610520425227151e+03 4.239176422030225878e-16
8.915651930609892588e+03 4.307689600678899971e-16
8.918693340794561664e+03 4.490218871929289928e-16
8.921734750979227101e+03 4.362846797911124001e-16
8.924776161163894358e+03 4.071474757132473848e-16
8.927817571348561614e+03 4.064982388170457027e-16
8.930858981533228871e+03 3.933454793032104009e-16
8.933900391717896127e+03 3.833173811531232096e-16
8.936941801902561565e+03 3.605903674799739189e-16
8.939983212087230640e+03 3.617618822470562785e-16
8.943024622271896078e+03 3.384648464100511475e-16
8.946066032456563335e+03 3.710678051865661302e-16
8.949107442641230591e+03 3.600857858459316582e-16
8.952148852825897848e+03 3.181683009233705262e-16
8.955190263010565104e+03 3.503525214549711125e-16
8.958231673195230542e+03 3.799832086827430778e-16
8.961273083379899617e+03 4.115925266025339388e-16
8.964314493564565055e+03 3.705552033649247732e-16
8.967355903749232311e+03 3.581319898648278952e-16
8.970397313933899568e+03 3.415755544000996139e-16
8.973438724118566824e+03 3.111977671263015178e-16
8.976480134303234081e+03 3.075367274411103121e-16
8.979521544487899519e+03 3.472638544460910529e-16
8.982562954672568594e+03 3.123524601711042143e-16
8.985604364857234032e+03 2.995986311941089849e-16
8.988645775041903107e+03 3.082884698809053295e-16
8.991687185226568545e+03 3.071244665212436923e-16
8.994728595411235801e+03 3.395169204239778839e-16
8.997770005595903058e+03 3.104715897679308813e-16
9.000811415780568495e+03 3.193462752644126984e-16
9.003852825965237571e+03 3.574239535118256127e-16
9.006894236149903008e+03 3.166727773824062494e-16
9.009935646334572084e+03 2.989146358729827774e-16
9.012977056519237522e+03 3.398569242152355764e-16
9.016018466703904778e+03 3.260116917804427314e-16
9.019059876888572035e+03 3.076783205978149251e-16
9.022101287073237472e+03 3.485519006844758393e-16
9.025142697257906548e+03 3.271254898716523565e-16
9.028184107442571985e+03 3.131688016282844790e-16
9.031225517627241061e+03 3.058005760168173056e-16
9.034266927811906498e+03 3.211529838556040771e-16
9.037308337996573755e+03 3.291594651275086229e-16
9.040349748181241011e+03 2.985970510798406803e-16
9.043391158365906449e+03 3.164478484240149036e-16
9.046432568550575525e+03 3.341096977562600599e-16
9.049473978735240962e+03 3.368487235964011632e-16
9.052515388919910038e+03 2.870156146357644098e-16
9.055556799104575475e+03 2.752677680238153179e-16
9.058598209289242732e+03 3.074859738614852529e-16
9.061639619473909988e+03 3.125587368288616213e-16
9.064681029658575426e+03 3.036775842125438857e-16
9.067722439843244501e+03 3.378561021776079241e-16
9.070763850027909939e+03 3.059774663599465586e-16
9.073805260212579014e+03 3.321830086405577832e-16
9.076846670397244452e+03 3.300549948847825229e-16
9.079888080581911709e+03 3.193270209976721386e-16
9.082929490766578965e+03 2.973553210230303883e-16
9.085970900951244403e+03 3.184499876174809919e-16
9.089012311135913478e+03 3.433802782479862942e-16
9.092053721320578916e+03 3.152826827133254203e-16
9.095095131505247991e+03 3.268533799386061200e-16
9.098136541689913429e+03 3.399523669081497593e-16
9.101177951874580685e+03 3.353523146558411813e-16
9.104219362059247942e+03 3.915965192418642691e-16
9.107260772243915198e+03 3.081140306537460474e-16
9.110302182428582455e+03 3.304499695157883322e-16
9.113343592613247893e+03 3.160397784579606798e-16
9.116385002797916968e+03 3.210261528279503483e-16
9.119426412982582406e+03 3.060601969599060375e-16
9.122467823167249662e+03 3.172565889322283728e-16
9.125509233351916919e+03 3.472049373382679344e-16
9.128550643536584175e+03 3.173697250202194103e-16
9.131592053721251432e+03 3.355442045968304058e-16
9.134633463905916869e+03 3.179244787029304735e-16
9.137674874090585945e+03 3.075024997084290328e-16
9.140716284275251382e+03 3.365790818514392945e-16
9.143757694459918639e+03 3.324172843500076852e-16
9.146799104644585896e+03 3.163406020828312914e-16
9.149840514829253152e+03 3.108497865001095347e-16
9.152881925013920409e+03 3.014088881271203140e-16
9.155923335198585846e+03 3.562477172589940570e-16
9.158964745383254922e+03 3.368296350417708843e-16
9.162006155567920359e+03 3.398525582873615009e-16
9.165047565752587616e+03 3.239640796493671517e-16
9.168088975937254872e+03 3.106645129136931830e-16
9.171130386121922129e+03 3.088965446976754490e-16
9.174171796306589385e+03 3.153462163837616980e-16
9.177213206491254823e+03 3.289764629938282767e-16
9.180254616675923899e+03 3.597860838216793432e-16
9.183296026860589336e+03 3.621560745939856857e-16
9.186337437045256593e+03 3.185000494403736324e-16
9.189378847229923849e+03 3.140288351802672987e-16
9.192420257414591106e+03 3.518829182544539755e-16
9.195461667599258362e+03 3.416492294015058553e-16
9.198503077783923800e+03 3.812713504055062415e-16
9.201544487968592875e+03 4.037273187748317089e-16
9.204585898153258313e+03 3.414013324378944034e-16
9.207627308337925570e+03 3.095442095693974923e-16
9.210668718522592826e+03 3.455349044080736546e-16
9.213710128707260083e+03 3.924695125210209584e-16
9.216751538891927339e+03 3.261368504627169500e-16
9.219792949076592777e+03 3.404264895160065033e-16
9.222834359261261852e+03 3.792083546958252469e-16
9.225875769445927290e+03 3.717329630327896412e-16
9.228917179630594546e+03 3.794434144221270290e-16
9.231958589815261803e+03 4.013326072893581928e-16
9.234999999999929059e+03 4.064833316958250779e-16
