     3.300     2.665     2.508   4.780E+10   5.230E-03   1.761E+00   6.205E-03   8.981E-03   1.332E+00   1.462    1.46165E+00  
     3.400     2.737     2.514   3.472E+10   7.200E-03   1.809E+00   6.249E-03   8.981E-03   1.354E+00   1.517	  1.51766E+00  
     3.500     2.807     2.503   2.478E+10   1.009E-02   1.861E+00   6.307E-03   8.981E-03   1.360E+00   1.556	  1.55647E+00  
     3.600     2.878     2.506   1.927E+10   1.297E-02   1.909E+00   6.342E-03   8.981E-03   1.337E+00   1.566	  1.55574E+00  
     3.700     2.948     2.510   1.563E+10   1.599E-02   1.961E+00   6.369E-03   8.981E-03   1.353E+00   1.528	  1.52774E+00  
     3.800     3.017     2.500   1.230E+10   2.033E-02   2.013E+00   6.404E-03   8.981E-03   1.375E+00   1.513	  1.51275E+00  
     3.900     3.086     2.512   1.050E+10   2.381E-02   2.073E+00   6.434E-03   8.981E-03   1.368E+00   1.514	  1.51393E+00  
     4.000     3.155     2.514   8.777E+09   2.848E-02   2.125E+00   6.457E-03   8.981E-03   1.383E+00   1.552	  1.55243E+00  
     4.100     3.222     2.510   7.465E+09   3.349E-02   2.176E+00   6.483E-03   8.981E-03   1.432E+00   1.548	  1.54831E+00  
     4.200     3.290     2.510   6.348E+09   3.938E-02   2.229E+00   6.496E-03   8.981E-03   1.392E+00   1.523	  1.52295E+00  
     4.300     3.357     2.506   5.248E+09   4.764E-02   2.281E+00   6.518E-03   8.981E-03   1.385E+00   1.532	  1.53163E+00  
     4.400     3.423     2.508   4.659E+09   5.366E-02   2.333E+00   6.531E-03   8.981E-03   1.395E+00   1.506	  1.50639E+00  
     4.500     3.490     2.510   3.576E+09   6.991E-02   2.387E+00   6.554E-03   8.981E-03   1.471E+00   1.595	  1.59485E+00  
     4.625     3.570     2.509   3.182E+09   7.857E-02   2.444E+00   6.570E-03   8.981E-03   1.421E+00   1.588    1.58836E+00 
     4.750     3.653     2.509   3.397E+09   7.359E-02   2.509E+00   6.611E-03   8.981E-03   1.432E+00   1.554    1.55441E+00 
     4.875     3.734     2.506   3.109E+09   8.041E-02   2.580E+00   6.603E-03   8.981E-03   1.540E+00   1.577    1.57716E+00 
     5.000     3.814     2.507   2.832E+09   8.828E-02   2.640E+00   6.619E-03   8.981E-03   1.549E+00   1.596    1.59583E+00 
     5.125     3.894     2.505   2.677E+09   9.339E-02   2.703E+00   6.630E-03   8.981E-03   1.518E+00   1.611    1.61081E+00 
     5.250     3.975     2.507   2.596E+09   9.630E-02   2.769E+00   6.646E-03   8.981E-03   1.568E+00   1.645    1.64503E+00 
     5.375     4.053     2.502   2.553E+09   9.792E-02   2.828E+00   6.625E-03   8.981E-03   1.419E+00   1.505    1.50515E+00 
     5.500     4.131     2.502   2.642E+09   9.463E-02   2.887E+00   6.477E-03   8.981E-03   1.567E+00   1.534    1.53421E+00 
     5.625     4.210     2.510   1.806E+09   1.384E-01   2.956E+00   6.415E-03   8.981E-03   1.476E+00   1.805    1.80487E+00 
     5.750     4.287     2.510   2.019E+09   1.238E-01   3.016E+00   6.272E-03   8.981E-03   1.465E+00   1.738    1.73796E+00 
     5.875     4.365     2.511   2.428E+09   1.030E-01   3.074E+00   6.190E-03   8.981E-03   1.498E+00   1.576    1.57595E+00 
     6.000     4.442     2.506   2.380E+09   1.050E-01   3.135E+00   6.197E-03   8.981E-03   1.523E+00   1.623    1.62349E+00 
     6.125     4.518     2.512   2.312E+09   1.081E-01   3.193E+00   6.068E-03   8.981E-03   1.511E+00   1.579    1.57875E+00 
     6.250     4.594     2.500   2.265E+09   1.104E-01   3.256E+00   5.994E-03   8.981E-03   1.520E+00   1.594    1.59448E+00 
     6.375     4.670     2.508   2.285E+09   1.094E-01   3.309E+00   5.892E-03   8.981E-03   1.513E+00   1.616    1.61611E+00 
     6.500     4.746     2.506   2.314E+09   1.080E-01   3.366E+00   5.798E-03   8.981E-03   1.609E+00   1.603    1.60354E+00 
     6.625     4.820     2.501   2.190E+09   1.142E-01   3.430E+00   5.644E-03   8.981E-03   1.516E+00   1.614    1.61384E+00 
     6.750     4.894     2.514   1.326E+09   1.885E-01   3.486E+00   5.719E-03   8.981E-03   1.572E+00   1.905    1.90525E+00 
     6.875     4.969     2.503   1.642E+09   1.523E-01   3.539E+00   5.564E-03   8.981E-03   1.543E+00   1.677    1.67739E+00 
     7.000     5.044     2.504   1.565E+09   1.597E-01   3.611E+00   5.414E-03   8.981E-03   1.499E+00   1.718    1.71818E+00 
     7.125     5.117     2.514   2.014E+09   1.241E-01   3.667E+00   5.510E-03   8.981E-03   1.548E+00   1.554    1.55446E+00 
     7.250     5.189     2.513   1.729E+09   1.446E-01   3.724E+00   5.427E-03   8.981E-03   1.404E+00   1.611    1.61082E+00 
     7.375     5.264     2.514   1.609E+09   1.554E-01   3.790E+00   5.376E-03   8.981E-03   1.452E+00   1.693    1.69252E+00 
     7.500     5.338     2.504   1.541E+09   1.622E-01   3.862E+00   5.398E-03   8.981E-03   1.480E+00   1.723    1.72267E+00 
     7.625     5.409     2.517   1.567E+09   1.595E-01   3.914E+00   5.367E-03   8.981E-03   1.465E+00   1.705    1.70547E+00 
     7.750     5.481     2.517   1.509E+09   1.657E-01   3.963E+00   5.173E-03   8.981E-03   1.490E+00   1.725    1.72564E+00 
     7.875     5.555     2.518   1.496E+09   1.671E-01   4.028E+00   4.864E-03   8.981E-03   1.487E+00   1.737    1.73691E+00 
     8.000     5.628     2.502   2.107E+09   1.187E-01   4.107E+00   5.170E-03   8.981E-03   1.414E+00   1.679    1.67930E+00 
     8.125     5.699     2.514   2.400E+09   1.042E-01   4.155E+00   5.247E-03   8.981E-03   1.392E+00   1.578    1.57808E+00 
     8.250     5.769     2.508   2.114E+09   1.183E-01   4.219E+00   5.075E-03   8.981E-03   1.429E+00   1.658    1.65819E+00 
     8.375     5.840     2.513   2.185E+09   1.144E-01   4.278E+00   4.942E-03   8.981E-03   1.420E+00   1.694    1.69394E+00 
     8.500     5.914     2.510   2.346E+09   1.066E-01   4.348E+00   4.719E-03   8.981E-03   1.412E+00   1.644    1.64355E+00 
     8.625     5.983     2.501   2.460E+09   1.016E-01   4.400E+00   4.533E-03   8.981E-03   1.392E+00   1.567    1.56775E+00 
     8.750     6.053     2.500   2.364E+09   1.058E-01   4.457E+00   4.286E-03   8.981E-03   1.412E+00   1.616    1.61658E+00 
     8.875     6.121     2.509   2.296E+09   1.089E-01   4.515E+00   4.008E-03   8.981E-03   1.415E+00   1.621    1.62176E+00 
     9.000     6.194     2.511   2.085E+09   1.199E-01   4.584E+00   3.717E-03   8.981E-03   1.450E+00   1.745    1.74530E+00 
     9.125     6.262     2.507   1.462E+09   1.710E-01   4.654E+00   3.499E-03   8.981E-03   1.480E+00   1.733    1.73376E+00 
     9.250     6.329     2.509   2.156E+09   1.160E-01   4.693E+00   3.101E-03   8.981E-03   1.442E+00   1.708    1.70810E+00 
     9.375     6.398     2.508   1.884E+09   1.327E-01   4.755E+00   2.863E-03   8.981E-03   1.405E+00   1.579    1.57926E+00 
     9.500     6.467     2.501   1.846E+09   1.354E-01   4.813E+00   2.514E-03   8.981E-03   1.399E+00   1.613    1.61277E+00 
     9.625     6.537     2.503   1.970E+09   1.269E-01   4.875E+00   2.254E-03   8.981E-03   1.432E+00   1.597    1.59705E+00 
     9.750     6.605     2.507   2.222E+09   1.125E-01   4.932E+00   1.874E-03   8.981E-03   1.377E+00   1.555    1.55547E+00 
     9.875     6.670     2.510   2.236E+09   1.118E-01   4.975E+00   1.562E-03   8.981E-03   1.488E+00   1.553    1.55251E+00 
    10.000     6.737     2.506   2.649E+09   9.438E-02   5.030E+00   1.150E-03   8.981E-03   1.444E+00   1.541    1.54141E+00 
    10.250     6.872     2.502   2.461E+09   1.016E-01   5.158E+00   4.740E-04   7.707E-03   1.407E+00   1.625    1.62485E+00 
    10.500     6.912     2.507   1.339E+09   1.867E-01   5.238E+00   5.201E-05   2.764E-05   1.491E+00   1.763    1.76260E+00 
    10.750     6.947     2.507   1.296E+09   1.929E-01   5.362E+00   1.613E-04   1.551E-10   1.518E+00   6.948    6.94823E+00 
    11.000     6.991     2.502   8.600E+08   2.907E-01   5.448E+00   1.901E-06   5.055E-14   1.628E+00   6.992    6.99200E+00 
    11.250     7.035     2.506   1.232E+09   2.029E-01   5.419E+00   3.881E-05   1.408E-13   1.516E+00   1.724    1.72433E+00 
    11.500     7.102     2.502   1.060E+09   2.358E-01   5.445E+00   4.420E-05   1.442E-13   1.543E+00   1.837    1.83674E+00 
    11.750     7.165     2.508   1.261E+09   1.983E-01   5.463E+00   1.443E-04   2.754E-13   1.607E+00   1.874    1.87477E+00 
    12.000     7.238     2.506   1.261E+09   1.983E-01   5.508E+00   1.523E-04   5.646E-13   1.606E+00   1.912    1.91173E+00 
    12.250     7.325     2.507   2.689E+09   9.297E-02   5.568E+00   8.210E-05   2.191E-12   1.415E+00   7.326    7.32607E+00 
    12.500     7.415     2.504   1.995E+09   1.253E-01   5.622E+00   1.179E-04   4.925E-12   1.411E+00   1.693    1.69280E+00 
    12.750     7.510     2.501   1.932E+09   1.294E-01   5.695E+00   1.220E-04   5.874E-12   1.413E+00   1.693    1.69339E+00 
    13.000     7.606     2.501   1.775E+09   1.408E-01   5.759E+00   1.689E-04   6.729E-12   1.492E+00   7.606    7.60679E+00 
    13.250     7.706     2.500   1.541E+09   1.622E-01   5.831E+00   1.400E-04   8.385E-12   1.472E+00   1.727    1.72694E+00 
    13.500     7.807     2.504   1.280E+09   1.953E-01   5.924E+00   1.364E-04   7.405E-12   1.519E+00   7.808    7.80818E+00 
    13.750     7.902     2.503   7.593E+08   3.293E-01   5.994E+00   8.452E-05   6.784E-12   1.607E+00   5.419    5.41901E+00 
