     3.500     2.566     2.508   8.500E+10   2.941E-03   1.726E+00   5.800E-03   8.981E-03   1.347E+00
     3.750     2.719     2.507   3.176E+10   7.872E-03   1.839E+00   5.910E-03   8.981E-03   1.349E+00
     4.000     2.869     2.503   1.679E+10   1.489E-02   1.951E+00   6.024E-03   8.981E-03   1.376E+00
     4.250     3.014     2.512   1.114E+10   2.244E-02   2.067E+00   6.089E-03   8.981E-03   1.356E+00
     4.500     3.156     2.510   7.345E+09   3.404E-02   2.173E+00   6.140E-03   8.981E-03   1.397E+00
     4.750     3.296     2.510   4.940E+09   5.061E-02   2.275E+00   6.219E-03   8.981E-03   1.399E+00
     5.000     3.431     2.508   3.857E+09   6.482E-02   2.375E+00   6.258E-03   8.981E-03   1.403E+00
     6.000     3.960     2.505   2.648E+09   9.441E-02   2.785E+00   5.722E-03   8.981E-03   1.506E+00
     7.000     4.452     2.514   1.796E+09   1.392E-01   3.177E+00   3.470E-03   8.980E-03   1.526E+00
     8.000     4.929     2.502   1.956E+09   1.278E-01   3.570E+00   3.166E-04   5.988E-03   1.462E+00
     9.000     4.914     2.508   2.056E+09   1.216E-01   3.800E+00   3.336E-06   9.363E-15   1.472E+00
    10.000     5.014     2.506   1.726E+09   1.448E-01   3.795E+00   2.744E-05   1.970E-13   1.431E+00
    11.000     5.181     2.502   1.497E+09   1.670E-01   3.842E+00   1.965E-05   6.161E-13   1.484E+00
    12.000     5.483     2.506   1.643E+09   1.522E-01   4.073E+00   5.220E-05   5.558E-13   1.462E+00
    13.000     5.705     2.502   2.105E+09   1.188E-01   4.269E+00   1.044E-05   5.000E-13   1.475E+00
    14.000     5.917     2.502   2.741E+09   9.121E-02   4.449E+00   3.125E-05   4.970E-13   1.357E+00
    15.000     6.146     2.505   1.623E+09   1.540E-01   4.640E+00   1.233E-04   6.186E-13   1.499E+00
    16.000     6.402     2.503   2.066E+09   1.210E-01   4.832E+00   1.461E-04   7.632E-13   1.456E+00
