     4.000     2.628     2.514   4.318E+10   5.790E-03   1.825E+00   5.532E-03   8.981E-03   1.368E+00
     4.250     2.759     2.503   2.108E+10   1.186E-02   1.916E+00   5.626E-03   8.981E-03   1.363E+00
     4.500     2.882     2.502   1.275E+10   1.961E-02   2.009E+00   5.709E-03   8.981E-03   1.356E+00
     4.750     3.004     2.504   1.170E+10   2.137E-02   2.099E+00   5.591E-03   8.981E-03   1.359E+00
     5.000     3.119     2.503   6.720E+09   3.720E-02   2.178E+00   5.216E-03   8.981E-03   1.438E+00
     5.250     3.235     2.503   5.360E+09   4.664E-02   2.264E+00   4.628E-03   8.981E-03   1.379E+00
     5.500     3.347     2.511   5.315E+09   4.704E-02   2.347E+00   4.109E-03   8.980E-03   1.425E+00
     5.750     3.454     2.503   4.146E+09   6.030E-02   2.424E+00   3.418E-03   8.980E-03   1.467E+00
     6.000     3.561     2.512   4.488E+09   5.570E-02   2.512E+00   2.777E-03   8.980E-03   1.503E+00
     6.250     3.666     2.500   2.666E+09   9.377E-02   2.593E+00   2.064E-03   8.979E-03   1.481E+00
     6.500     3.768     2.515   2.757E+09   9.068E-02   2.671E+00   1.327E-03   8.978E-03   1.468E+00
     6.750     3.868     2.505   3.537E+09   7.068E-02   2.757E+00   5.092E-04   8.962E-03   1.518E+00
     7.000     3.881     2.504   2.282E+09   1.096E-01   2.825E+00   2.487E-06   9.916E-07   1.502E+00
     7.250     3.771     2.504   2.148E+09   1.164E-01   2.856E+00   2.260E-06   1.152E-15   1.510E+00
     7.500     3.702     2.514   2.146E+09   1.165E-01   2.874E+00   2.492E-06   3.378E-15   1.513E+00
     7.750     3.650     2.508   2.153E+09   1.161E-01   2.863E+00   2.473E-06   7.710E-15   1.512E+00
     8.000     3.631     2.511   2.349E+09   1.064E-01   2.841E+00   2.923E-06   1.664E-14   1.478E+00
     8.500     3.649     2.510   2.736E+09   9.137E-02   2.787E+00   3.917E-06   1.250E-13   1.497E+00
     9.000     3.716     2.504   2.454E+09   1.019E-01   2.797E+00   2.833E-06   2.524E-13   1.465E+00
    10.000     3.826     2.512   2.383E+09   1.049E-01   2.847E+00   3.424E-06   2.139E-13   1.515E+00
    11.000     3.935     2.505   1.922E+09   1.301E-01   2.941E+00   5.220E-06   2.024E-13   1.515E+00
    12.000     4.034     2.506   1.978E+09   1.264E-01   3.018E+00   4.211E-06   1.777E-13   1.483E+00
    13.000     4.147     2.506   1.808E+09   1.383E-01   3.109E+00   4.583E-06   2.156E-13   1.502E+00
    14.000     4.277     2.502   2.309E+09   1.083E-01   3.198E+00   4.086E-06   2.565E-13   1.476E+00
    15.000     4.424     2.501   2.201E+09   1.136E-01   3.313E+00   2.667E-06   2.842E-13   1.477E+00
    16.000     4.578     2.506   2.193E+09   1.140E-01   3.430E+00   3.239E-06   3.271E-13   1.441E+00
    17.000     4.744     2.564   1.759E+09   1.421E-01   3.556E+00   1.981E-05   3.996E-13   1.443E+00
    18.000     4.920     2.651   1.713E+09   1.459E-01   3.696E+00   2.462E-05   4.836E-13   1.486E+00
    19.000     5.100     2.746   1.932E+09   1.294E-01   3.840E+00   2.345E-05   5.556E-13   1.465E+00
    20.000     5.285     2.837   2.108E+09   1.186E-01   3.988E+00   4.158E-05   6.305E-13   1.474E+00
    21.000     5.479     2.920   2.141E+09   1.168E-01   4.141E+00   6.160E-05   7.921E-13   1.513E+00
    22.000     5.673     2.981   3.851E+09   6.492E-02   4.300E+00   2.074E-05   9.355E-13   1.361E+00
