   5.9193159e+03   1.0667569e+00
   5.9193430e+03   9.7807712e-01
   5.9193702e+03   9.8677669e-01
   5.9193973e+03   1.1541410e+00
   5.9194245e+03   9.9697139e-01
   5.9194516e+03   1.0060545e+00
   5.9194788e+03   9.5412356e-01
   5.9195059e+03   1.1076502e+00
   5.9195331e+03   1.0336083e+00
   5.9195602e+03   9.2014157e-01
   5.9195873e+03   9.7746309e-01
   5.9196145e+03   1.0955534e+00
   5.9196416e+03   9.6154012e-01
   5.9196688e+03   1.0291071e+00
   5.9196959e+03   8.9821731e-01
   5.9197231e+03   9.7536557e-01
   5.9197502e+03   9.0210255e-01
   5.9197773e+03   9.7066497e-01
   5.9198045e+03   1.0968589e+00
   5.9198316e+03   9.5970626e-01
   5.9198587e+03   1.0471264e+00
   5.9198859e+03   1.0020110e+00
   5.9199130e+03   1.0842885e+00
   5.9199401e+03   9.9846295e-01
   5.9199673e+03   1.1633221e+00
   5.9199944e+03   1.0518067e+00
   5.9200215e+03   1.0798501e+00
   5.9200487e+03   8.9760050e-01
   5.9200758e+03   1.1177341e+00
   5.9201029e+03   1.0889831e+00
   5.9201301e+03   1.0286352e+00
   5.9201572e+03   1.0364661e+00
   5.9201843e+03   1.0758533e+00
   5.9202114e+03   1.1451061e+00
   5.9202386e+03   8.8853582e-01
   5.9202657e+03   8.5191253e-01
   5.9202928e+03   9.3027633e-01
   5.9203199e+03   1.0658146e+00
   5.9203470e+03   8.7407958e-01
   5.9203742e+03   1.0166525e+00
   5.9204013e+03   8.8144957e-01
   5.9204284e+03   1.1553265e+00
   5.9204555e+03   9.5968626e-01
   5.9204826e+03   9.5549865e-01
   5.9205098e+03   1.1062413e+00
   5.9205369e+03   8.3018211e-01
   5.9205640e+03   1.0846951e+00
   5.9205911e+03   8.6143514e-01
   5.9206182e+03   9.7169748e-01
   5.9206453e+03   9.8698745e-01
   5.9206724e+03   1.0617917e+00
   5.9206995e+03   1.1010261e+00
   5.9207267e+03   1.0618716e+00
   5.9207538e+03   1.0372871e+00
   5.9207809e+03   8.6078805e-01
   5.9208080e+03   1.0474106e+00
   5.9208351e+03   1.0167431e+00
   5.9208622e+03   9.6952837e-01
   5.9208893e+03   9.9314816e-01
   5.9209164e+03   1.0545189e+00
   5.9209435e+03   9.1765727e-01
   5.9209706e+03   9.3212163e-01
   5.9209977e+03   1.1270980e+00
   5.9210248e+03   9.5092430e-01
   5.9210519e+03   1.0214852e+00
   5.9210790e+03   9.8973283e-01
   5.9211061e+03   1.0089155e+00
   5.9211332e+03   1.0203754e+00
   5.9211603e+03   9.6837953e-01
   5.9211874e+03   1.0196909e+00
   5.9212145e+03   1.0899590e+00
   5.9212416e+03   8.9269421e-01
   5.9212687e+03   9.8510234e-01
   5.9212957e+03   9.4824409e-01
   5.9213228e+03   9.3172184e-01
   5.9213499e+03   9.9414700e-01
   5.9213770e+03   9.6084261e-01
   5.9214041e+03   9.8012291e-01
   5.9214312e+03   1.1347214e+00
   5.9214583e+03   1.1178449e+00
   5.9214854e+03   9.4870072e-01
   5.9215124e+03   1.1192387e+00
   5.9215395e+03   1.0188212e+00
   5.9215666e+03   1.2074183e+00
   5.9215937e+03   1.0993685e+00
   5.9216208e+03   1.1843710e+00
   5.9216479e+03   9.9967589e-01
   5.9216749e+03   9.8654670e-01
   5.9217020e+03   9.9921054e-01
   5.9217291e+03   1.0916881e+00
   5.9217562e+03   9.5941568e-01
   5.9217832e+03   9.0165614e-01
   5.9218103e+03   1.0431546e+00
   5.9218374e+03   8.9869536e-01
   5.9218645e+03   8.2589579e-01
   5.9218915e+03   8.5618051e-01
   5.9219186e+03   1.0345682e+00
   5.9219457e+03   1.1120743e+00
   5.9219727e+03   1.0789624e+00
   5.9219998e+03   1.0037850e+00
   5.9220269e+03   1.0360410e+00
   5.9220540e+03   1.1019612e+00
   5.9220810e+03   1.0107303e+00
   5.9221081e+03   9.3859128e-01
   5.9221351e+03   1.0538807e+00
   5.9221622e+03   1.0963216e+00
   5.9221893e+03   1.1281594e+00
   5.9222163e+03   9.6516517e-01
   5.9222434e+03   9.2483408e-01
   5.9222705e+03   1.0195734e+00
   5.9222975e+03   1.0869252e+00
   5.9223246e+03   8.8636685e-01
   5.9223516e+03   1.0565545e+00
   5.9223787e+03   9.4543124e-01
   5.9224057e+03   1.0687353e+00
   5.9224328e+03   9.4130814e-01
   5.9224599e+03   1.0491852e+00
   5.9224869e+03   9.8022848e-01
   5.9225140e+03   9.5439896e-01
   5.9225410e+03   9.8491738e-01
   5.9225681e+03   9.7189761e-01
   5.9225951e+03   9.9710536e-01
   5.9226222e+03   1.1154410e+00
   5.9226492e+03   9.8939647e-01
   5.9226763e+03   9.0794250e-01
   5.9227033e+03   8.2895164e-01
   5.9227303e+03   1.0958226e+00
   5.9227574e+03   9.0625309e-01
   5.9227844e+03   7.8276665e-01
   5.9228115e+03   1.0713035e+00
   5.9228385e+03   1.0021053e+00
   5.9228656e+03   8.9686862e-01
   5.9228926e+03   1.0206709e+00
   5.9229196e+03   9.4136326e-01
   5.9229467e+03   9.5351529e-01
   5.9229737e+03   1.0807475e+00
   5.9230008e+03   8.5676080e-01
   5.9230278e+03   1.0335173e+00
   5.9230548e+03   1.0703458e+00
   5.9230819e+03   9.7481846e-01
   5.9231089e+03   9.8766417e-01
   5.9231359e+03   8.9466124e-01
   5.9231630e+03   9.9759895e-01
   5.9231900e+03   8.8081649e-01
   5.9232170e+03   1.0750419e+00
   5.9232440e+03   1.0179635e+00
   5.9232711e+03   1.0026181e+00
   5.9232981e+03   1.1163286e+00
   5.9233251e+03   1.0056048e+00
   5.9233521e+03   1.0964556e+00
   5.9233792e+03   9.0129682e-01
   5.9234062e+03   1.1873148e+00
   5.9234332e+03   9.4580916e-01
   5.9234602e+03   9.9596283e-01
   5.9234873e+03   8.8296569e-01
   5.9235143e+03   8.7512815e-01
   5.9235413e+03   1.0672385e+00
   5.9235683e+03   1.1962920e+00
   5.9235953e+03   1.0451598e+00
   5.9236224e+03   1.0838508e+00
   5.9236494e+03   1.1166788e+00
   5.9236764e+03   9.5981873e-01
   5.9237034e+03   1.0102572e+00
   5.9237304e+03   8.2275577e-01
   5.9237574e+03   1.0488137e+00
   5.9237844e+03   1.0431289e+00
   5.9238114e+03   1.1087223e+00
   5.9238385e+03   9.5712018e-01
   5.9238655e+03   1.0697879e+00
   5.9238925e+03   1.1210957e+00
   5.9239195e+03   1.0149179e+00
   5.9239465e+03   9.4451484e-01
   5.9239735e+03   9.3617435e-01
   5.9240005e+03   8.7041703e-01
   5.9240275e+03   9.3209876e-01
   5.9240545e+03   1.0170380e+00
   5.9240815e+03   9.6805819e-01
   5.9241085e+03   1.0004948e+00
   5.9241355e+03   1.1548979e+00
   5.9241625e+03   9.6925805e-01
   5.9241895e+03   9.0076046e-01
   5.9242165e+03   1.0026753e+00
   5.9242435e+03   1.0232985e+00
   5.9242705e+03   9.5730718e-01
   5.9242975e+03   1.0322514e+00
   5.9243245e+03   1.0233470e+00
   5.9243515e+03   1.0532066e+00
   5.9243785e+03   1.0275770e+00
   5.9244054e+03   1.1752018e+00
   5.9244324e+03   1.0820985e+00
   5.9244594e+03   9.2066762e-01
   5.9244864e+03   9.9416964e-01
   5.9245134e+03   8.8352419e-01
   5.9245404e+03   1.1814095e+00
   5.9245674e+03   1.0935949e+00
   5.9245944e+03   1.1510357e+00
   5.9246213e+03   8.8507674e-01
   5.9246483e+03   1.1058884e+00
   5.9246753e+03   9.3021892e-01
   5.9247023e+03   1.0656195e+00
   5.9247293e+03   9.1634591e-01
   5.9247562e+03   1.0361809e+00
   5.9247832e+03   1.0759710e+00
   5.9248102e+03   1.0116135e+00
   5.9248372e+03   1.1022305e+00
   5.9248642e+03   9.8555699e-01
   5.9248911e+03   9.7560562e-01
   5.9249181e+03   7.8791586e-01
   5.9249451e+03   8.7821643e-01
   5.9249720e+03   7.8276710e-01
   5.9249990e+03   1.0190944e+00
   5.9250260e+03   1.0075757e+00
   5.9250530e+03   1.0321383e+00
   5.9250799e+03   9.6607732e-01
   5.9251069e+03   9.3325249e-01
   5.9251339e+03   8.8221600e-01
   5.9251608e+03   1.0280713e+00
   5.9251878e+03   1.1431110e+00
   5.9252148e+03   1.2455290e+00
   5.9252417e+03   1.0123442e+00
   5.9252687e+03   9.9551964e-01
   5.9252956e+03   9.5086831e-01
   5.9253226e+03   8.7883785e-01
   5.9253496e+03   9.5083159e-01
   5.9253765e+03   9.2700786e-01
   5.9254035e+03   1.1132487e+00
   5.9254304e+03   9.9428923e-01
   5.9254574e+03   9.5237025e-01
   5.9254843e+03   8.9170631e-01
   5.9255113e+03   1.0065018e+00
   5.9255382e+03   1.0492633e+00
   5.9255652e+03   1.0526189e+00
   5.9255922e+03   1.1501932e+00
   5.9256191e+03   1.0316234e+00
   5.9256461e+03   9.7600884e-01
   5.9256730e+03   1.0042942e+00
   5.9256999e+03   1.0156690e+00
   5.9257269e+03   8.3964132e-01
   5.9257538e+03   1.0609412e+00
   5.9257808e+03   1.0306272e+00
   5.9258077e+03   9.6458082e-01
   5.9258347e+03   9.9321333e-01
   5.9258616e+03   1.0098962e+00
   5.9258886e+03   1.0138702e+00
   5.9259155e+03   1.0695940e+00
   5.9259424e+03   8.7389390e-01
   5.9259694e+03   9.5020240e-01
   5.9259963e+03   1.0025414e+00
   5.9260232e+03   9.7000801e-01
   5.9260502e+03   8.9338831e-01
   5.9260771e+03   1.0034977e+00
   5.9261041e+03   1.0012281e+00
   5.9261310e+03   9.9601361e-01
   5.9261579e+03   9.9192859e-01
   5.9261849e+03   9.3869165e-01
   5.9262118e+03   9.1871882e-01
   5.9262387e+03   9.6858003e-01
   5.9262656e+03   9.2385660e-01
   5.9262926e+03   1.0303701e+00
   5.9263195e+03   1.0063342e+00
   5.9263464e+03   1.0635460e+00
   5.9263733e+03   1.0030864e+00
   5.9264003e+03   1.1829295e+00
   5.9264272e+03   1.1716925e+00
   5.9264541e+03   1.0917544e+00
   5.9264810e+03   1.1207770e+00
   5.9265080e+03   1.1247111e+00
   5.9265349e+03   1.2077398e+00
   5.9265618e+03   9.3064269e-01
   5.9265887e+03   8.8334489e-01
   5.9266156e+03   1.0560098e+00
   5.9266425e+03   9.8613021e-01
   5.9266695e+03   9.0390310e-01
   5.9266964e+03   1.0801220e+00
   5.9267233e+03   9.4516367e-01
   5.9267502e+03   9.4825147e-01
   5.9267771e+03   9.4905867e-01
   5.9268040e+03   9.5260257e-01
   5.9268309e+03   9.8887071e-01
   5.9268578e+03   1.0592123e+00
   5.9268847e+03   1.0090596e+00
   5.9269117e+03   1.0655091e+00
   5.9269386e+03   9.4135993e-01
   5.9269655e+03   1.2249108e+00
   5.9269924e+03   9.9304527e-01
   5.9270193e+03   7.7921772e-01
   5.9270462e+03   1.0041968e+00
   5.9270731e+03   1.0055816e+00
   5.9271000e+03   9.4778542e-01
   5.9271269e+03   9.7700114e-01
   5.9271538e+03   9.3315367e-01
   5.9271807e+03   1.1208922e+00
   5.9272076e+03   1.1277012e+00
   5.9272345e+03   1.1281114e+00
   5.9272614e+03   1.0390832e+00
   5.9272883e+03   9.1846030e-01
   5.9273151e+03   1.0489576e+00
   5.9273420e+03   1.0404733e+00
   5.9273689e+03   9.3864240e-01
   5.9273958e+03   1.0460244e+00
   5.9274227e+03   1.0380193e+00
   5.9274496e+03   1.0475657e+00
   5.9274765e+03   1.0856802e+00
   5.9275034e+03   1.1347297e+00
   5.9275303e+03   1.0283213e+00
   5.9275571e+03   1.1946720e+00
   5.9275840e+03   9.7329703e-01
   5.9276109e+03   9.3165243e-01
   5.9276378e+03   1.1013998e+00
   5.9276647e+03   1.1398819e+00
   5.9276915e+03   9.9577854e-01
   5.9277184e+03   9.8243323e-01
   5.9277453e+03   9.7834691e-01
   5.9277722e+03   1.0665082e+00
   5.9277991e+03   1.0275872e+00
   5.9278259e+03   1.0484895e+00
   5.9278528e+03   1.0551399e+00
   5.9278797e+03   7.3146348e-01
   5.9279066e+03   9.1639995e-01
   5.9279334e+03   9.9936064e-01
   5.9279603e+03   1.0607624e+00
   5.9279872e+03   9.9531290e-01
   5.9280140e+03   1.0305061e+00
   5.9280409e+03   9.9365289e-01
   5.9280678e+03   9.4836718e-01
   5.9280946e+03   1.0602368e+00
   5.9281215e+03   9.4863186e-01
   5.9281484e+03   1.0910975e+00
   5.9281752e+03   9.5057028e-01
   5.9282021e+03   9.6125384e-01
   5.9282290e+03   1.0613286e+00
   5.9282558e+03   1.0809921e+00
   5.9282827e+03   1.0136125e+00
   5.9283095e+03   1.0275961e+00
   5.9283364e+03   1.0468915e+00
   5.9283632e+03   1.0632711e+00
   5.9283901e+03   1.0761235e+00
   5.9284170e+03   1.0177586e+00
   5.9284438e+03   9.6599440e-01
   5.9284707e+03   9.4634312e-01
   5.9284975e+03   8.9570639e-01
   5.9285244e+03   9.3674764e-01
   5.9285512e+03   1.1241645e+00
   5.9285781e+03   1.1344813e+00
   5.9286049e+03   1.0050320e+00
   5.9286318e+03   1.0886049e+00
   5.9286586e+03   1.0721753e+00
   5.9286855e+03   1.0226536e+00
   5.9287123e+03   9.9503570e-01
   5.9287391e+03   9.3932435e-01
   5.9287660e+03   8.9259027e-01
   5.9287928e+03   1.0179607e+00
   5.9288197e+03   1.0624788e+00
   5.9288465e+03   8.6802820e-01
   5.9288733e+03   9.5921063e-01
   5.9289002e+03   9.6026938e-01
   5.9289270e+03   9.0733701e-01
   5.9289539e+03   1.0447983e+00
   5.9289807e+03   1.0430271e+00
   5.9290075e+03   9.5634126e-01
   5.9290344e+03   1.0901104e+00
   5.9290612e+03   1.0790610e+00
   5.9290880e+03   8.8083767e-01
   5.9291149e+03   1.0382327e+00
   5.9291417e+03   1.0627318e+00
   5.9291685e+03   9.7409530e-01
   5.9291953e+03   9.9763778e-01
   5.9292222e+03   1.0164435e+00
   5.9292490e+03   1.1218046e+00
   5.9292758e+03   1.0057573e+00
   5.9293026e+03   9.7111825e-01
   5.9293295e+03   8.7157480e-01
   5.9293563e+03   1.0243636e+00
   5.9293831e+03   9.9716960e-01
   5.9294099e+03   9.5584617e-01
   5.9294368e+03   1.0174179e+00
   5.9294636e+03   1.2084002e+00
   5.9294904e+03   8.9321550e-01
   5.9295172e+03   8.4901112e-01
   5.9295440e+03   1.1253731e+00
   5.9295708e+03   1.0571603e+00
   5.9295976e+03   1.0096849e+00
   5.9296245e+03   1.0712583e+00
   5.9296513e+03   1.1264204e+00
   5.9296781e+03   9.9712589e-01
   5.9297049e+03   1.0670590e+00
   5.9297317e+03   9.8331436e-01
   5.9297585e+03   1.0270342e+00
   5.9297853e+03   8.8015001e-01
   5.9298121e+03   1.0612071e+00
   5.9298389e+03   1.2225899e+00
   5.9298657e+03   1.0111806e+00
   5.9298925e+03   8.9705930e-01
   5.9299193e+03   1.0604432e+00
   5.9299461e+03   9.6047320e-01
   5.9299729e+03   1.1458447e+00
   5.9299997e+03   1.0262956e+00
   5.9300265e+03   1.0026868e+00
   5.9300533e+03   9.5877273e-01
   5.9300801e+03   1.0275121e+00
   5.9301069e+03   9.0404927e-01
   5.9301337e+03   9.8147862e-01
   5.9301605e+03   8.9324674e-01
   5.9301873e+03   1.0685028e+00
   5.9302141e+03   9.5292531e-01
   5.9302409e+03   1.0248217e+00
   5.9302677e+03   1.0482850e+00
   5.9302945e+03   9.8757988e-01
   5.9303213e+03   1.0681148e+00
   5.9303480e+03   1.0194961e+00
   5.9303748e+03   1.0706419e+00
   5.9304016e+03   1.0435460e+00
   5.9304284e+03   9.4978379e-01
   5.9304552e+03   1.0900972e+00
   5.9304820e+03   9.7562671e-01
   5.9305087e+03   1.1669715e+00
   5.9305355e+03   1.0662704e+00
   5.9305623e+03   9.1373159e-01
   5.9305891e+03   9.3142357e-01
   5.9306159e+03   9.9502325e-01
   5.9306426e+03   9.9267272e-01
   5.9306694e+03   9.5553183e-01
   5.9306962e+03   1.0119379e+00
   5.9307230e+03   1.0465262e+00
   5.9307497e+03   1.0513298e+00
   5.9307765e+03   1.0090669e+00
   5.9308033e+03   1.0984554e+00
   5.9308300e+03   1.0101817e+00
   5.9308568e+03   9.6356754e-01
   5.9308836e+03   9.5254269e-01
   5.9309104e+03   1.0003367e+00
   5.9309371e+03   1.0121886e+00
   5.9309639e+03   9.0363050e-01
   5.9309906e+03   1.0022483e+00
   5.9310174e+03   1.1068586e+00
   5.9310442e+03   1.1524962e+00
   5.9310709e+03   9.7070478e-01
   5.9310977e+03   9.3034155e-01
   5.9311245e+03   1.0060798e+00
   5.9311512e+03   1.0075409e+00
   5.9311780e+03   9.9994472e-01
   5.9312047e+03   1.0023848e+00
   5.9312315e+03   8.9481164e-01
   5.9312582e+03   1.0476931e+00
   5.9312850e+03   9.6666879e-01
   5.9313117e+03   8.9581149e-01
   5.9313385e+03   1.1329771e+00
   5.9313652e+03   9.1776796e-01
   5.9313920e+03   9.5920028e-01
   5.9314187e+03   9.6692911e-01
   5.9314455e+03   9.0705167e-01
   5.9314722e+03   1.0975668e+00
   5.9314990e+03   9.7787414e-01
   5.9315257e+03   8.8653277e-01
   5.9315525e+03   8.9461093e-01
   5.9315792e+03   9.8911066e-01
   5.9316060e+03   9.6037594e-01
   5.9316327e+03   1.0448967e+00
   5.9316594e+03   1.1429889e+00
   5.9316862e+03   1.0433472e+00
   5.9317129e+03   1.1208489e+00
   5.9317397e+03   9.4462208e-01
   5.9317664e+03   1.0143065e+00
   5.9317931e+03   9.3445798e-01
   5.9318199e+03   9.5871222e-01
   5.9318466e+03   1.0776394e+00
   5.9318733e+03   1.0122361e+00
   5.9319001e+03   1.0062669e+00
   5.9319268e+03   9.8394500e-01
   5.9319535e+03   9.4837915e-01
   5.9319802e+03   8.6742756e-01
   5.9320070e+03   8.3748786e-01
   5.9320337e+03   8.9976046e-01
   5.9320604e+03   9.0013328e-01
   5.9320871e+03   8.6238887e-01
   5.9321139e+03   9.3165448e-01
   5.9321406e+03   9.8624279e-01
   5.9321673e+03   9.4542995e-01
   5.9321940e+03   1.0955430e+00
   5.9322208e+03   1.0002402e+00
   5.9322475e+03   1.0181449e+00
   5.9322742e+03   9.5158593e-01
   5.9323009e+03   8.8362334e-01
   5.9323276e+03   8.9442004e-01
   5.9323543e+03   9.2376047e-01
   5.9323811e+03   9.2953288e-01
   5.9324078e+03   5.9747236e-01
   5.9324345e+03   5.7166589e-01
   5.9324612e+03   4.8180937e-01
   5.9324879e+03   3.0410778e-01
   5.9325146e+03   2.1870314e-01
   5.9325413e+03   6.9870410e-02
   5.9325680e+03   6.3355777e-02
   5.9325947e+03   4.6555790e-02
   5.9326214e+03   1.0756248e-01
   5.9326481e+03   4.2684746e-02
   5.9326748e+03   2.3190913e-02
   5.9327015e+03  -3.1847182e-02
   5.9327282e+03   2.7890854e-03
   5.9327549e+03  -3.1275728e-02
   5.9327816e+03   1.2597192e-03
   5.9328083e+03   2.7630208e-02
   5.9328350e+03   1.7767660e-03
   5.9328617e+03  -3.9547028e-02
   5.9328884e+03  -3.8986222e-04
   5.9329151e+03  -3.0833302e-02
   5.9329418e+03  -8.2464344e-03
   5.9329685e+03  -1.5885679e-02
   5.9329952e+03  -2.9738406e-02
   5.9330219e+03   6.0729453e-02
   5.9330486e+03   9.3151027e-02
   5.9330753e+03   7.4574933e-02
   5.9331020e+03   1.8001767e-01
   5.9331286e+03   3.5734504e-01
   5.9331553e+03   2.8044718e-01
   5.9331820e+03   5.6158752e-01
   5.9332087e+03   7.1945007e-01
   5.9332354e+03   7.9457066e-01
   5.9332621e+03   7.7759255e-01
   5.9332887e+03   1.0271158e+00
   5.9333154e+03   8.9226800e-01
   5.9333421e+03   6.7744437e-01
   5.9333688e+03   8.6489809e-01
   5.9333955e+03   8.4578222e-01
   5.9334221e+03   9.4899974e-01
   5.9334488e+03   8.4863184e-01
   5.9334755e+03   9.9038301e-01
   5.9335022e+03   9.7026439e-01
   5.9335288e+03   9.6251210e-01
   5.9335555e+03   1.0173328e+00
   5.9335822e+03   9.5945212e-01
   5.9336088e+03   1.0991453e+00
   5.9336355e+03   1.0281168e+00
   5.9336622e+03   8.9670767e-01
   5.9336888e+03   9.5654965e-01
   5.9337155e+03   9.4556781e-01
   5.9337422e+03   9.5995274e-01
   5.9337688e+03   1.0301078e+00
   5.9337955e+03   1.0151126e+00
   5.9338221e+03   8.8245284e-01
   5.9338488e+03   1.0037925e+00
   5.9338755e+03   8.2861314e-01
   5.9339021e+03   1.0586601e+00
   5.9339288e+03   9.4817053e-01
   5.9339554e+03   9.4200951e-01
   5.9339821e+03   9.2096541e-01
   5.9340087e+03   1.0072448e+00
   5.9340354e+03   9.1134882e-01
   5.9340621e+03   1.0640445e+00
   5.9340887e+03   9.6267452e-01
   5.9341154e+03   8.8429176e-01
   5.9341420e+03   9.8559329e-01
   5.9341687e+03   1.0466412e+00
   5.9341953e+03   1.0127872e+00
   5.9342219e+03   9.2994066e-01
   5.9342486e+03   9.0211450e-01
   5.9342752e+03   1.0298176e+00
   5.9343019e+03   1.0539320e+00
   5.9343285e+03   9.1316866e-01
   5.9343552e+03   9.0739450e-01
   5.9343818e+03   1.0117083e+00
   5.9344084e+03   1.0939170e+00
   5.9344351e+03   1.0127104e+00
   5.9344617e+03   1.0619279e+00
   5.9344883e+03   9.2315442e-01
   5.9345150e+03   1.0511784e+00
   5.9345416e+03   1.1835254e+00
   5.9345683e+03   1.1899013e+00
   5.9345949e+03   1.0287254e+00
   5.9346215e+03   1.0531290e+00
   5.9346481e+03   1.0795019e+00
   5.9346748e+03   8.0463735e-01
   5.9347014e+03   1.0604765e+00
   5.9347280e+03   1.0610731e+00
   5.9347547e+03   9.6551140e-01
   5.9347813e+03   9.0116128e-01
   5.9348079e+03   9.9233738e-01
   5.9348345e+03   1.1354158e+00
   5.9348612e+03   1.0519271e+00
   5.9348878e+03   8.5176328e-01
   5.9349144e+03   1.0206775e+00
   5.9349410e+03   9.0864346e-01
   5.9349676e+03   9.0892006e-01
   5.9349942e+03   9.4352609e-01
   5.9350209e+03   9.9504294e-01
   5.9350475e+03   1.0153906e+00
   5.9350741e+03   1.1566808e+00
   5.9351007e+03   9.5935123e-01
   5.9351273e+03   9.9424570e-01
   5.9351539e+03   9.9408988e-01
   5.9351805e+03   9.6056376e-01
   5.9352071e+03   8.7125190e-01
   5.9352338e+03   9.4467576e-01
   5.9352604e+03   1.0403449e+00
   5.9352870e+03   9.9501642e-01
   5.9353136e+03   1.0895248e+00
   5.9353402e+03   9.0187883e-01
   5.9353668e+03   1.0568124e+00
   5.9353934e+03   1.0641633e+00
   5.9354200e+03   9.4186698e-01
   5.9354466e+03   9.0286894e-01
   5.9354732e+03   9.9796179e-01
   5.9354998e+03   9.5162057e-01
   5.9355264e+03   9.7369525e-01
   5.9355530e+03   9.2024612e-01
   5.9355796e+03   9.6234580e-01
   5.9356062e+03   1.0902117e+00
   5.9356328e+03   8.9306315e-01
   5.9356593e+03   1.0432098e+00
   5.9356859e+03   1.0462858e+00
   5.9357125e+03   1.0481682e+00
   5.9357391e+03   9.1201485e-01
   5.9357657e+03   9.1164043e-01
   5.9357923e+03   9.0207202e-01
   5.9358189e+03   9.1056192e-01
   5.9358455e+03   9.5098332e-01
   5.9358720e+03   1.0478957e+00
   5.9358986e+03   8.7810715e-01
   5.9359252e+03   7.6112525e-01
   5.9359518e+03   9.7310776e-01
   5.9359784e+03   1.0411901e+00
   5.9360050e+03   9.4875557e-01
   5.9360315e+03   9.8346854e-01
   5.9360581e+03   9.8932877e-01
   5.9360847e+03   1.0266354e+00
   5.9361113e+03   1.0927742e+00
   5.9361378e+03   9.3890660e-01
   5.9361644e+03   1.1461910e+00
   5.9361910e+03   1.1956171e+00
   5.9362175e+03   1.2544338e+00
   5.9362441e+03   1.0945995e+00
   5.9362707e+03   1.0415734e+00
   5.9362973e+03   1.0110765e+00
   5.9363238e+03   9.1141943e-01
   5.9363504e+03   1.0179628e+00
   5.9363770e+03   1.0201736e+00
   5.9364035e+03   9.8119280e-01
   5.9364301e+03   1.0329050e+00
   5.9364566e+03   1.0943127e+00
   5.9364832e+03   8.6709126e-01
   5.9365098e+03   1.0035040e+00
   5.9365363e+03   9.3199816e-01
   5.9365629e+03   1.1440402e+00
   5.9365894e+03   8.8197487e-01
   5.9366160e+03   1.0324610e+00
   5.9366425e+03   1.0644807e+00
   5.9366691e+03   9.6238694e-01
   5.9366957e+03   9.9473410e-01
   5.9367222e+03   9.7925839e-01
   5.9367488e+03   9.6367666e-01
   5.9367753e+03   8.7878889e-01
   5.9368019e+03   8.5079932e-01
   5.9368284e+03   1.1060916e+00
   5.9368549e+03   9.4413818e-01
   5.9368815e+03   1.0320430e+00
   5.9369080e+03   1.0437288e+00
   5.9369346e+03   9.5588566e-01
   5.9369611e+03   1.0191488e+00
   5.9369877e+03   1.0444721e+00
   5.9370142e+03   9.4389443e-01
   5.9370407e+03   9.8250529e-01
   5.9370673e+03   1.0541527e+00
   5.9370938e+03   9.9245442e-01
   5.9371204e+03   1.0785210e+00
   5.9371469e+03   9.7529259e-01
   5.9371734e+03   1.0983861e+00
   5.9372000e+03   1.0253830e+00
   5.9372265e+03   1.0435734e+00
   5.9372530e+03   1.1250194e+00
   5.9372795e+03   1.0202633e+00
   5.9373061e+03   1.0724254e+00
   5.9373326e+03   9.3115951e-01
   5.9373591e+03   1.0098924e+00
   5.9373857e+03   9.4075684e-01
   5.9374122e+03   8.5122226e-01
   5.9374387e+03   9.7438301e-01
   5.9374652e+03   1.0839997e+00
   5.9374918e+03   9.4320955e-01
   5.9375183e+03   1.0473937e+00
   5.9375448e+03   1.1197733e+00
   5.9375713e+03   1.0009223e+00
   5.9375978e+03   1.0238912e+00
   5.9376243e+03   9.1024684e-01
   5.9376509e+03   9.7710422e-01
   5.9376774e+03   9.3933787e-01
   5.9377039e+03   1.0332754e+00
   5.9377304e+03   1.1187302e+00
   5.9377569e+03   1.0178637e+00
   5.9377834e+03   9.5382391e-01
   5.9378099e+03   9.3675975e-01
   5.9378364e+03   9.5056038e-01
   5.9378630e+03   9.7448547e-01
   5.9378895e+03   9.7325498e-01
   5.9379160e+03   1.0941753e+00
   5.9379425e+03   9.8461525e-01
   5.9379690e+03   1.0416076e+00
   5.9379955e+03   1.1322281e+00
   5.9380220e+03   1.0058123e+00
   5.9380485e+03   1.0462320e+00
   5.9380750e+03   9.6855293e-01
   5.9381015e+03   1.1493880e+00
   5.9381280e+03   1.0398776e+00
   5.9381545e+03   9.0543863e-01
   5.9381810e+03   8.9181723e-01
   5.9382075e+03   1.0121811e+00
   5.9382339e+03   9.1537355e-01
   5.9382604e+03   9.9333058e-01
   5.9382869e+03   1.0053096e+00
   5.9383134e+03   9.9061400e-01
   5.9383399e+03   1.0202552e+00
   5.9383664e+03   9.0276334e-01
   5.9383929e+03   1.0405406e+00
   5.9384194e+03   8.2534933e-01
   5.9384459e+03   9.7301800e-01
   5.9384723e+03   6.8987805e-01
   5.9384988e+03   5.1659130e-01
   5.9385253e+03   2.9011922e-01
   5.9385518e+03   2.2316772e-01
   5.9385783e+03   8.1036305e-02
   5.9386047e+03   2.4414366e-02
   5.9386312e+03  -4.7567691e-03
   5.9386577e+03   7.3095773e-02
   5.9386842e+03   9.4549787e-03
   5.9387106e+03   1.1242079e-01
   5.9387371e+03   4.0454608e-02
   5.9387636e+03   6.3009787e-02
   5.9387901e+03   1.2206287e-01
   5.9388165e+03   8.7685818e-02
   5.9388430e+03   9.7635604e-02
   5.9388695e+03   6.8199019e-02
   5.9388959e+03   3.1434436e-02
   5.9389224e+03  -6.8880423e-02
   5.9389489e+03   2.4673226e-02
   5.9389753e+03  -6.2316537e-03
   5.9390018e+03  -1.7057940e-02
   5.9390283e+03   5.4708544e-02
   5.9390547e+03   1.6290801e-01
   5.9390812e+03   2.4126845e-01
   5.9391076e+03   4.0979861e-01
   5.9391341e+03   5.5232397e-01
   5.9391606e+03   4.3512992e-01
   5.9391870e+03   5.6053222e-01
   5.9392135e+03   5.5472862e-01
   5.9392399e+03   7.9854090e-01
   5.9392664e+03   7.5322974e-01
   5.9392928e+03   9.8445713e-01
   5.9393193e+03   1.1112296e+00
   5.9393457e+03   1.1043134e+00
   5.9393722e+03   1.0541402e+00
   5.9393986e+03   9.3071782e-01
   5.9394251e+03   9.8610224e-01
   5.9394515e+03   9.4157976e-01
   5.9394780e+03   1.0910556e+00
   5.9395044e+03   1.1305956e+00
   5.9395308e+03   1.0021963e+00
   5.9395573e+03   1.0718455e+00
   5.9395837e+03   8.9783189e-01
   5.9396102e+03   9.9666617e-01
   5.9396366e+03   9.2889170e-01
   5.9396630e+03   1.0753280e+00
   5.9396895e+03   1.0822883e+00
   5.9397159e+03   1.1164092e+00
   5.9397423e+03   9.5816297e-01
   5.9397688e+03   1.0698298e+00
   5.9397952e+03   8.9638662e-01
   5.9398216e+03   1.1415640e+00
   5.9398481e+03   1.0712026e+00
   5.9398745e+03   1.1480633e+00
   5.9399009e+03   1.0486264e+00
   5.9399273e+03   9.3310351e-01
   5.9399538e+03   9.1703446e-01
   5.9399802e+03   1.0525251e+00
   5.9400066e+03   1.0621416e+00
   5.9400330e+03   1.0242242e+00
   5.9400595e+03   9.5167714e-01
   5.9400859e+03   1.1141253e+00
   5.9401123e+03   1.0967750e+00
   5.9401387e+03   1.1346655e+00
   5.9401651e+03   1.0857171e+00
   5.9401916e+03   1.0293424e+00
   5.9402180e+03   1.1289723e+00
   5.9402444e+03   9.1222482e-01
   5.9402708e+03   1.0746800e+00
   5.9402972e+03   9.6234237e-01
   5.9403236e+03   1.0489195e+00
   5.9403500e+03   1.0548112e+00
   5.9403764e+03   1.1061226e+00
   5.9404028e+03   9.5694523e-01
   5.9404293e+03   8.5731541e-01
   5.9404557e+03   1.0556267e+00
   5.9404821e+03   1.0091502e+00
   5.9405085e+03   1.0912956e+00
   5.9405349e+03   9.7368915e-01
   5.9405613e+03   9.6613790e-01
   5.9405877e+03   1.1053273e+00
   5.9406141e+03   1.0911339e+00
   5.9406405e+03   9.6269143e-01
   5.9406669e+03   1.1260686e+00
   5.9406933e+03   1.0189811e+00
   5.9407197e+03   1.1500319e+00
   5.9407460e+03   1.0661823e+00
   5.9407724e+03   9.7252754e-01
   5.9407988e+03   8.1352336e-01
   5.9408252e+03   9.8630549e-01
   5.9408516e+03   9.5158606e-01
   5.9408780e+03   8.7747457e-01
   5.9409044e+03   1.2152344e+00
   5.9409308e+03   1.0832237e+00
   5.9409572e+03   1.1156158e+00
   5.9409835e+03   1.0067735e+00
   5.9410099e+03   9.8600024e-01
   5.9410363e+03   1.0207011e+00
   5.9410627e+03   1.0071229e+00
   5.9410891e+03   9.8083579e-01
   5.9411154e+03   1.0055880e+00
   5.9411418e+03   1.1233554e+00
   5.9411682e+03   1.0137463e+00
   5.9411946e+03   1.0913926e+00
   5.9412210e+03   1.1106364e+00
   5.9412473e+03   1.0775962e+00
   5.9412737e+03   9.9763257e-01
   5.9413001e+03   9.1585051e-01
   5.9413264e+03   1.1031902e+00
   5.9413528e+03   1.0970270e+00
   5.9413792e+03   9.7980484e-01
   5.9414055e+03   9.8813103e-01
   5.9414319e+03   1.0597298e+00
   5.9414583e+03   8.6436615e-01
   5.9414846e+03   1.0455112e+00
   5.9415110e+03   1.0105037e+00
   5.9415374e+03   1.0248839e+00
   5.9415637e+03   1.0679261e+00
   5.9415901e+03   9.5488342e-01
   5.9416164e+03   9.8693507e-01
   5.9416428e+03   9.7141559e-01
   5.9416692e+03   1.0102129e+00
   5.9416955e+03   1.1309681e+00
   5.9417219e+03   1.0354551e+00
   5.9417482e+03   9.6214920e-01
   5.9417746e+03   9.1972663e-01
   5.9418009e+03   1.0674761e+00
   5.9418273e+03   1.0155217e+00
   5.9418536e+03   8.5522119e-01
   5.9418800e+03   9.6225106e-01
   5.9419063e+03   1.1051620e+00
   5.9419327e+03   1.0687247e+00
   5.9419590e+03   9.8799646e-01
   5.9419854e+03   1.0835440e+00
   5.9420117e+03   9.5410738e-01
   5.9420380e+03   1.0757234e+00
   5.9420644e+03   1.0900946e+00
   5.9420907e+03   1.0079479e+00
   5.9421171e+03   1.0533016e+00
   5.9421434e+03   9.9028606e-01
   5.9421697e+03   8.5743006e-01
   5.9421961e+03   1.0927225e+00
   5.9422224e+03   9.3551728e-01
   5.9422487e+03   9.8063847e-01
   5.9422751e+03   1.0079985e+00
   5.9423014e+03   1.0198638e+00
   5.9423277e+03   9.7412970e-01
   5.9423541e+03   9.9673362e-01
   5.9423804e+03   1.0169760e+00
   5.9424067e+03   9.6839160e-01
   5.9424330e+03   9.8203371e-01
   5.9424594e+03   1.0340125e+00
   5.9424857e+03   9.4773241e-01
   5.9425120e+03   1.0898133e+00
   5.9425383e+03   1.0998254e+00
   5.9425647e+03   9.4293588e-01
   5.9425910e+03   8.5824191e-01
   5.9426173e+03   1.0081945e+00
   5.9426436e+03   1.0722550e+00
   5.9426699e+03   9.5588115e-01
   5.9426962e+03   8.8672583e-01
   5.9427225e+03   1.0664258e+00
   5.9427489e+03   1.0293418e+00
   5.9427752e+03   1.0230566e+00
   5.9428015e+03   9.7202133e-01
   5.9428278e+03   1.1180808e+00
   5.9428541e+03   8.5396124e-01
   5.9428804e+03   8.8606776e-01
   5.9429067e+03   9.2988425e-01
   5.9429330e+03   1.0809334e+00
   5.9429593e+03   8.8757123e-01
   5.9429856e+03   1.1060408e+00
   5.9430119e+03   9.4781682e-01
   5.9430382e+03   1.0041961e+00
   5.9430645e+03   9.7775329e-01
   5.9430908e+03   1.0965742e+00
   5.9431171e+03   1.0239119e+00
   5.9431434e+03   1.1682482e+00
   5.9431697e+03   1.0722972e+00
   5.9431960e+03   9.9319794e-01
   5.9432223e+03   1.0388120e+00
   5.9432486e+03   1.0122083e+00
   5.9432749e+03   9.3809545e-01
   5.9433012e+03   8.8841277e-01
   5.9433275e+03   7.9716457e-01
   5.9433538e+03   1.0294573e+00
   5.9433800e+03   8.7065474e-01
   5.9434063e+03   9.4039219e-01
   5.9434326e+03   9.9110385e-01
   5.9434589e+03   9.6254894e-01
   5.9434852e+03   9.5083349e-01
   5.9435115e+03   1.1454935e+00
   5.9435377e+03   1.0492305e+00
   5.9435640e+03   1.0891379e+00
   5.9435903e+03   8.8830038e-01
   5.9436166e+03   9.8563527e-01
   5.9436428e+03   1.0576316e+00
   5.9436691e+03   9.9434686e-01
   5.9436954e+03   1.0042685e+00
   5.9437217e+03   1.0185138e+00
   5.9437479e+03   1.0504092e+00
   5.9437742e+03   9.7078323e-01
   5.9438005e+03   8.6104511e-01
   5.9438267e+03   8.7558576e-01
   5.9438530e+03   1.0215776e+00
   5.9438793e+03   1.0199545e+00
   5.9439055e+03   8.5504880e-01
   5.9439318e+03   8.7494758e-01
   5.9439581e+03   1.0054358e+00
   5.9439843e+03   9.2573692e-01
   5.9440106e+03   9.5199522e-01
   5.9440369e+03   1.0602940e+00
   5.9440631e+03   9.0146214e-01
   5.9440894e+03   9.9159559e-01
   5.9441156e+03   8.8212632e-01
   5.9441419e+03   9.3461970e-01
   5.9441681e+03   1.0276813e+00
   5.9441944e+03   8.6256763e-01
   5.9442206e+03   9.4448990e-01
   5.9442469e+03   9.6658993e-01
   5.9442731e+03   9.7652026e-01
   5.9442994e+03   9.6291756e-01
   5.9443256e+03   1.0517065e+00
   5.9443519e+03   1.1019597e+00
   5.9443781e+03   1.0031907e+00
   5.9444044e+03   1.0346778e+00
   5.9444306e+03   1.1351868e+00
   5.9444569e+03   1.0790423e+00
   5.9444831e+03   1.1059160e+00
   5.9445093e+03   1.0316790e+00
   5.9445356e+03   1.0451756e+00
   5.9445618e+03   1.0879119e+00
   5.9445881e+03   1.0056098e+00
   5.9446143e+03   9.7529341e-01
   5.9446405e+03   1.1345229e+00
   5.9446668e+03   1.0042115e+00
   5.9446930e+03   1.0251962e+00
   5.9447192e+03   1.0516237e+00
   5.9447454e+03   8.4405572e-01
   5.9447717e+03   1.0048029e+00
   5.9447979e+03   8.2293649e-01
   5.9448241e+03   9.3670136e-01
   5.9448504e+03   9.6435941e-01
   5.9448766e+03   9.2757754e-01
   5.9449028e+03   8.5352299e-01
   5.9449290e+03   9.8494756e-01
   5.9449553e+03   8.9634569e-01
   5.9449815e+03   1.0947325e+00
   5.9450077e+03   8.4625008e-01
   5.9450339e+03   9.0893079e-01
   5.9450601e+03   9.0599133e-01
   5.9450863e+03   8.9702581e-01
   5.9451126e+03   9.9533883e-01
   5.9451388e+03   9.9199123e-01
   5.9451650e+03   9.5980097e-01
   5.9451912e+03   9.5299601e-01
   5.9452174e+03   9.3414503e-01
   5.9452436e+03   1.0516725e+00
   5.9452698e+03   9.2687388e-01
   5.9452960e+03   1.1335813e+00
   5.9453222e+03   1.0422787e+00
   5.9453484e+03   1.0035401e+00
   5.9453746e+03   9.4584002e-01
   5.9454008e+03   8.5036698e-01
   5.9454270e+03   1.1831444e+00
   5.9454532e+03   1.0487760e+00
   5.9454794e+03   9.5367874e-01
   5.9455056e+03   1.1306823e+00
   5.9455318e+03   1.0261379e+00
   5.9455580e+03   9.5220435e-01
   5.9455842e+03   1.1197557e+00
   5.9456104e+03   1.1194264e+00
   5.9456366e+03   1.0870566e+00
   5.9456628e+03   1.0944193e+00
   5.9456890e+03   1.0254238e+00
   5.9457152e+03   9.8570810e-01
   5.9457414e+03   9.5200019e-01
   5.9457676e+03   1.0643464e+00
   5.9457937e+03   1.0299880e+00
   5.9458199e+03   1.0378773e+00
   5.9458461e+03   1.1772228e+00
   5.9458723e+03   1.1001103e+00
   5.9458985e+03   9.9175962e-01
   5.9459247e+03   1.0935330e+00
   5.9459508e+03   1.0371254e+00
   5.9459770e+03   1.1341306e+00
   5.9460032e+03   1.0510393e+00
   5.9460294e+03   9.6591375e-01
   5.9460555e+03   9.4766605e-01
   5.9460817e+03   9.4765310e-01
   5.9461079e+03   9.9407123e-01
   5.9461341e+03   9.7357074e-01
   5.9461602e+03   1.0679019e+00
   5.9461864e+03   9.7158942e-01
   5.9462126e+03   1.0621911e+00
   5.9462387e+03   1.1593505e+00
   5.9462649e+03   1.1089125e+00
   5.9462911e+03   9.3772964e-01
   5.9463172e+03   1.0265594e+00
   5.9463434e+03   9.2238195e-01
   5.9463696e+03   1.0860869e+00
   5.9463957e+03   8.7700539e-01
   5.9464219e+03   9.1998092e-01
   5.9464480e+03   9.5759747e-01
   5.9464742e+03   1.0210165e+00
   5.9465003e+03   1.0476401e+00
   5.9465265e+03   9.8864258e-01
   5.9465527e+03   9.0814954e-01
   5.9465788e+03   8.1429143e-01
   5.9466050e+03   9.0500442e-01
   5.9466311e+03   9.3520449e-01
   5.9466573e+03   1.0414152e+00
   5.9466834e+03   1.0826395e+00
   5.9467096e+03   1.0711120e+00
   5.9467357e+03   1.2882843e+00
   5.9467618e+03   1.0809923e+00
   5.9467880e+03   9.9950513e-01
   5.9468141e+03   9.0627426e-01
   5.9468403e+03   1.1338473e+00
   5.9468664e+03   9.5112200e-01
   5.9468926e+03   9.8766813e-01
   5.9469187e+03   9.9782074e-01
   5.9469448e+03   9.0762283e-01
   5.9469710e+03   1.0264180e+00
   5.9469971e+03   9.4519241e-01
   5.9470232e+03   8.9427639e-01
   5.9470494e+03   9.8561504e-01
   5.9470755e+03   1.0229681e+00
   5.9471016e+03   9.5418795e-01
   5.9471278e+03   1.1107071e+00
   5.9471539e+03   1.0409274e+00
   5.9471800e+03   1.0609520e+00
   5.9472061e+03   9.8974717e-01
   5.9472323e+03   9.8422468e-01
   5.9472584e+03   1.0921204e+00
   5.9472845e+03   1.0489297e+00
   5.9473106e+03   9.1014404e-01
   5.9473367e+03   9.9047141e-01
   5.9473629e+03   9.7334390e-01
   5.9473890e+03   1.0645866e+00
   5.9474151e+03   1.2405099e+00
   5.9474412e+03   1.1520274e+00
   5.9474673e+03   1.0360043e+00
   5.9474934e+03   8.8646142e-01
   5.9475196e+03   1.2162326e+00
   5.9475457e+03   1.0585735e+00
   5.9475718e+03   1.0459087e+00
   5.9475979e+03   8.6649029e-01
   5.9476240e+03   9.2271962e-01
   5.9476501e+03   9.2245836e-01
   5.9476762e+03   1.0136652e+00
   5.9477023e+03   1.0022429e+00
   5.9477284e+03   1.0906630e+00
   5.9477545e+03   9.9781061e-01
   5.9477806e+03   9.5496945e-01
   5.9478067e+03   9.2957701e-01
   5.9478328e+03   9.2036339e-01
   5.9478589e+03   1.1077343e+00
   5.9478850e+03   1.0225125e+00
   5.9479111e+03   1.0482193e+00
   5.9479372e+03   9.2332369e-01
   5.9479633e+03   9.9220261e-01
   5.9479894e+03   1.0388115e+00
   5.9480155e+03   9.1784778e-01
   5.9480416e+03   1.0283949e+00
   5.9480677e+03   1.0203481e+00
   5.9480937e+03   1.0621280e+00
   5.9481198e+03   9.0080683e-01
   5.9481459e+03   1.0629972e+00
   5.9481720e+03   1.1404054e+00
   5.9481981e+03   9.8208492e-01
   5.9482242e+03   9.8878213e-01
   5.9482502e+03   9.8995800e-01
   5.9482763e+03   9.9183479e-01
   5.9483024e+03   1.0841853e+00
   5.9483285e+03   8.3838655e-01
   5.9483546e+03   8.8491992e-01
   5.9483806e+03   1.0914045e+00
   5.9484067e+03   1.0874926e+00
   5.9484328e+03   9.3452470e-01
   5.9484588e+03   8.9392904e-01
   5.9484849e+03   7.9280090e-01
   5.9485110e+03   9.0673034e-01
   5.9485371e+03   8.6268681e-01
   5.9485631e+03   8.8204258e-01
   5.9485892e+03   1.0043289e+00
   5.9486153e+03   1.1284905e+00
   5.9486413e+03   9.0419253e-01
   5.9486674e+03   9.2936031e-01
   5.9486934e+03   9.7054469e-01
   5.9487195e+03   1.0980757e+00
   5.9487456e+03   1.0095465e+00
   5.9487716e+03   1.0252151e+00
   5.9487977e+03   1.0052731e+00
   5.9488237e+03   1.0365810e+00
   5.9488498e+03   9.9516007e-01
   5.9488758e+03   1.0212400e+00
   5.9489019e+03   9.5399214e-01
   5.9489279e+03   1.0061086e+00
   5.9489540e+03   1.0297322e+00
   5.9489800e+03   9.9793672e-01
   5.9490061e+03   1.0689595e+00
   5.9490321e+03   1.1248535e+00
   5.9490582e+03   1.0767749e+00
   5.9490842e+03   9.9387610e-01
   5.9491103e+03   1.0322592e+00
   5.9491363e+03   1.1056603e+00
   5.9491624e+03   1.0848615e+00
   5.9491884e+03   1.1139745e+00
   5.9492144e+03   9.0922943e-01
   5.9492405e+03   1.0254802e+00
   5.9492665e+03   9.4931724e-01
   5.9492925e+03   1.1111349e+00
   5.9493186e+03   9.6851733e-01
   5.9493446e+03   1.0032276e+00
   5.9493706e+03   9.6650246e-01
   5.9493967e+03   9.7683028e-01
   5.9494227e+03   8.2757096e-01
   5.9494487e+03   9.7994036e-01
   5.9494748e+03   9.1724482e-01
   5.9495008e+03   1.0044231e+00
   5.9495268e+03   1.1663026e+00
   5.9495528e+03   1.0968060e+00
   5.9495789e+03   1.1463788e+00
   5.9496049e+03   1.3161577e+00
   5.9496309e+03   1.1884336e+00
   5.9496569e+03   1.3131239e+00
   5.9496829e+03   1.1873173e+00
   5.9497089e+03   1.0692695e+00
   5.9497350e+03   9.1164147e-01
   5.9497610e+03   9.2116619e-01
   5.9497870e+03   9.0122077e-01
   5.9498130e+03   1.0218988e+00
   5.9498390e+03   1.0052898e+00
   5.9498650e+03   1.0291407e+00
   5.9498910e+03   1.0463103e+00
   5.9499170e+03   1.0650267e+00
   5.9499430e+03   1.0323670e+00
   5.9499691e+03   9.9995910e-01
   5.9499951e+03   1.0315185e+00
   5.9500211e+03   9.2736094e-01
   5.9500471e+03   9.0014668e-01
   5.9500731e+03   1.0146920e+00
   5.9500991e+03   1.0113993e+00
   5.9501251e+03   9.8404848e-01
   5.9501511e+03   8.5731297e-01
   5.9501771e+03   1.0003950e+00
   5.9502030e+03   9.3257369e-01
   5.9502290e+03   1.0751663e+00
   5.9502550e+03   1.0596137e+00
   5.9502810e+03   1.0343101e+00
   5.9503070e+03   1.0133966e+00
   5.9503330e+03   1.0629153e+00
   5.9503590e+03   1.0278197e+00
   5.9503850e+03   1.0841049e+00
   5.9504110e+03   9.1036056e-01
   5.9504370e+03   9.8379232e-01
   5.9504629e+03   1.0588702e+00
   5.9504889e+03   1.0553191e+00
   5.9505149e+03   1.0104070e+00
   5.9505409e+03   9.3625636e-01
   5.9505669e+03   8.6617330e-01
   5.9505928e+03   1.0440967e+00
   5.9506188e+03   9.6902227e-01
   5.9506448e+03   9.2618155e-01
   5.9506708e+03   9.9610275e-01
   5.9506967e+03   1.0402422e+00
   5.9507227e+03   1.0981131e+00
   5.9507487e+03   1.0688633e+00
   5.9507747e+03   1.1053190e+00
   5.9508006e+03   9.1541726e-01
   5.9508266e+03   9.2332892e-01
   5.9508526e+03   9.7617645e-01
   5.9508785e+03   9.6614172e-01
   5.9509045e+03   9.4042712e-01
   5.9509304e+03   1.0121142e+00
   5.9509564e+03   9.4959612e-01
   5.9509824e+03   9.3724169e-01
   5.9510083e+03   1.1148388e+00
   5.9510343e+03   1.0745548e+00
   5.9510602e+03   1.0974385e+00
   5.9510862e+03   1.1020052e+00
   5.9511122e+03   1.0264074e+00
   5.9511381e+03   9.9165404e-01
   5.9511641e+03   9.6128336e-01
   5.9511900e+03   9.7665120e-01
   5.9512160e+03   9.3790264e-01
   5.9512419e+03   1.0014785e+00
   5.9512679e+03   1.1150228e+00
   5.9512938e+03   1.0005650e+00
   5.9513197e+03   1.1300719e+00
   5.9513457e+03   9.3389973e-01
   5.9513716e+03   1.1188992e+00
   5.9513976e+03   9.6842306e-01
   5.9514235e+03   9.3594848e-01
   5.9514495e+03   9.1254697e-01
   5.9514754e+03   1.0186363e+00
   5.9515013e+03   1.0091837e+00
   5.9515273e+03   9.5483790e-01
   5.9515532e+03   9.8399311e-01
   5.9515791e+03   8.9841153e-01
   5.9516051e+03   1.0116161e+00
   5.9516310e+03   1.0378195e+00
   5.9516569e+03   9.8832914e-01
   5.9516829e+03   1.0240320e+00
   5.9517088e+03   1.0199158e+00
   5.9517347e+03   9.7170491e-01
   5.9517606e+03   9.5045879e-01
   5.9517866e+03   9.4838071e-01
   5.9518125e+03   8.9906718e-01
   5.9518384e+03   1.0150997e+00
   5.9518643e+03   9.7524619e-01
   5.9518903e+03   9.8684432e-01
   5.9519162e+03   9.3113727e-01
   5.9519421e+03   9.0984599e-01
   5.9519680e+03   1.0920692e+00
   5.9519939e+03   8.2104279e-01
   5.9520198e+03   1.0184669e+00
   5.9520457e+03   9.8499665e-01
   5.9520717e+03   8.7029061e-01
   5.9520976e+03   1.0579189e+00
   5.9521235e+03   1.1093468e+00
   5.9521494e+03   1.1405253e+00
   5.9521753e+03   1.1232850e+00
   5.9522012e+03   1.0566898e+00
   5.9522271e+03   1.0635110e+00
   5.9522530e+03   1.0434528e+00
   5.9522789e+03   1.0393404e+00
   5.9523048e+03   1.0723487e+00
   5.9523307e+03   1.0614228e+00
   5.9523566e+03   9.5547884e-01
   5.9523825e+03   1.1294806e+00
   5.9524084e+03   1.0212017e+00
   5.9524343e+03   1.0639558e+00
   5.9524602e+03   1.0772970e+00
   5.9524861e+03   9.7934452e-01
   5.9525120e+03   1.1723562e+00
   5.9525379e+03   9.9388484e-01
   5.9525638e+03   1.0465446e+00
   5.9525896e+03   9.3612237e-01
   5.9526155e+03   1.0571110e+00
   5.9526414e+03   9.0825895e-01
   5.9526673e+03   1.0197787e+00
   5.9526932e+03   9.6179436e-01
   5.9527191e+03   1.0093195e+00
   5.9527450e+03   9.8244422e-01
   5.9527708e+03   8.6870500e-01
   5.9527967e+03   1.0166455e+00
   5.9528226e+03   9.1712222e-01
   5.9528485e+03   7.6206723e-01
   5.9528743e+03   9.4128587e-01
   5.9529002e+03   9.4777639e-01
   5.9529261e+03   1.0092205e+00
   5.9529520e+03   1.0191104e+00
   5.9529778e+03   9.2762147e-01
   5.9530037e+03   1.0127347e+00
   5.9530296e+03   8.7739006e-01
   5.9530554e+03   9.5259389e-01
   5.9530813e+03   1.0690173e+00
   5.9531072e+03   1.0747891e+00
   5.9531330e+03   9.1566418e-01
   5.9531589e+03   1.0993859e+00
   5.9531848e+03   1.0198592e+00
   5.9532106e+03   1.0768593e+00
   5.9532365e+03   9.6442808e-01
   5.9532623e+03   1.0787305e+00
   5.9532882e+03   9.6023435e-01
   5.9533140e+03   1.0127906e+00
   5.9533399e+03   9.4677068e-01
   5.9533657e+03   9.0433863e-01
   5.9533916e+03   1.0469789e+00
   5.9534175e+03   1.0673224e+00
   5.9534433e+03   1.0757602e+00
   5.9534691e+03   9.6193214e-01
   5.9534950e+03   8.7787671e-01
   5.9535208e+03   9.9127704e-01
   5.9535467e+03   1.0618676e+00
   5.9535725e+03   1.1123020e+00
   5.9535984e+03   9.5432930e-01
   5.9536242e+03   9.2866547e-01
   5.9536501e+03   9.2625989e-01
   5.9536759e+03   9.4093450e-01
   5.9537017e+03   1.1009212e+00
   5.9537276e+03   1.0925667e+00
   5.9537534e+03   1.0346835e+00
   5.9537792e+03   1.1149723e+00
   5.9538051e+03   9.1864589e-01
   5.9538309e+03   9.0528497e-01
   5.9538567e+03   9.0348776e-01
   5.9538826e+03   9.5337124e-01
   5.9539084e+03   1.0407722e+00
   5.9539342e+03   8.2491439e-01
   5.9539600e+03   1.0071524e+00
   5.9539859e+03   1.1518876e+00
   5.9540117e+03   9.9422004e-01
   5.9540375e+03   1.0540331e+00
   5.9540633e+03   9.9804569e-01
   5.9540892e+03   9.4480257e-01
   5.9541150e+03   8.8470289e-01
   5.9541408e+03   1.0415148e+00
   5.9541666e+03   1.1298212e+00
   5.9541924e+03   1.0963330e+00
   5.9542182e+03   1.0498950e+00
   5.9542440e+03   9.5616146e-01
   5.9542699e+03   1.0115320e+00
   5.9542957e+03   1.0337201e+00
   5.9543215e+03   9.0672202e-01
   5.9543473e+03   1.0562855e+00
   5.9543731e+03   1.0063286e+00
   5.9543989e+03   9.5201693e-01
   5.9544247e+03   1.0874185e+00
   5.9544505e+03   9.4511227e-01
   5.9544763e+03   9.6837946e-01
   5.9545021e+03   1.0014576e+00
   5.9545279e+03   8.9170852e-01
   5.9545537e+03   9.7860223e-01
   5.9545795e+03   9.8976848e-01
   5.9546053e+03   9.7679592e-01
   5.9546311e+03   9.8016018e-01
   5.9546569e+03   1.0342900e+00
   5.9546827e+03   9.9989737e-01
   5.9547085e+03   1.0182471e+00
   5.9547343e+03   8.8745984e-01
   5.9547600e+03   9.9360895e-01
   5.9547858e+03   1.2904332e+00
   5.9548116e+03   1.1048864e+00
   5.9548374e+03   1.1375793e+00
   5.9548632e+03   1.0881727e+00
   5.9548890e+03   1.0479563e+00
   5.9549148e+03   1.0241650e+00
   5.9549405e+03   9.2802578e-01
   5.9549663e+03   9.2400670e-01
   5.9549921e+03   9.0108790e-01
   5.9550179e+03   9.2809059e-01
   5.9550436e+03   9.3202872e-01
   5.9550694e+03   1.0437786e+00
   5.9550952e+03   1.2565541e+00
   5.9551210e+03   1.0713801e+00
   5.9551467e+03   1.0407223e+00
   5.9551725e+03   1.0691837e+00
   5.9551983e+03   8.6305777e-01
   5.9552240e+03   9.3622698e-01
   5.9552498e+03   1.1526495e+00
   5.9552756e+03   9.7576258e-01
   5.9553013e+03   1.1181501e+00
   5.9553271e+03   1.2167682e+00
   5.9553529e+03   1.0132121e+00
   5.9553786e+03   9.8129177e-01
   5.9554044e+03   1.0040838e+00
   5.9554301e+03   9.1165581e-01
   5.9554559e+03   9.3576838e-01
   5.9554817e+03   9.4380341e-01
   5.9555074e+03   1.0277090e+00
   5.9555332e+03   9.8617798e-01
   5.9555589e+03   1.1467671e+00
   5.9555847e+03   9.7614291e-01
   5.9556104e+03   1.0689719e+00
   5.9556362e+03   1.0619962e+00
   5.9556619e+03   1.1005892e+00
   5.9556877e+03   1.0318617e+00
   5.9557134e+03   1.1106460e+00
   5.9557391e+03   1.1061785e+00
   5.9557649e+03   1.0540355e+00
   5.9557906e+03   1.2455130e+00
   5.9558164e+03   9.7299579e-01
   5.9558421e+03   9.9598364e-01
   5.9558678e+03   9.9096091e-01
   5.9558936e+03   9.2895689e-01
   5.9559193e+03   1.0845713e+00
   5.9559450e+03   1.0115493e+00
   5.9559708e+03   9.4636925e-01
   5.9559965e+03   9.9469246e-01
   5.9560222e+03   1.0250743e+00
   5.9560480e+03   9.5746572e-01
   5.9560737e+03   1.0603156e+00
   5.9560994e+03   1.0095892e+00
   5.9561251e+03   8.5878344e-01
   5.9561509e+03   9.7336735e-01
   5.9561766e+03   1.0313578e+00
   5.9562023e+03   9.3072921e-01
   5.9562280e+03   9.3929972e-01
   5.9562538e+03   9.4860844e-01
   5.9562795e+03   9.2482673e-01
   5.9563052e+03   1.1294984e+00
   5.9563309e+03   1.0145731e+00
   5.9563566e+03   1.1554092e+00
   5.9563823e+03   9.8447215e-01
   5.9564080e+03   1.0529452e+00
   5.9564338e+03   1.0025314e+00
   5.9564595e+03   8.1425406e-01
   5.9564852e+03   1.1243382e+00
   5.9565109e+03   9.7224178e-01
   5.9565366e+03   1.1548771e+00
   5.9565623e+03   9.4997509e-01
   5.9565880e+03   9.2009074e-01
   5.9566137e+03   1.0226555e+00
   5.9566394e+03   9.9544801e-01
   5.9566651e+03   8.5533371e-01
   5.9566908e+03   9.7674978e-01
   5.9567165e+03   9.4747595e-01
   5.9567422e+03   9.4359802e-01
   5.9567679e+03   1.1232243e+00
   5.9567936e+03   1.0186539e+00
   5.9568193e+03   1.0124147e+00
   5.9568450e+03   9.6434627e-01
   5.9568706e+03   9.2554427e-01
   5.9568963e+03   1.0464273e+00
   5.9569220e+03   8.7367429e-01
   5.9569477e+03   9.6404131e-01
   5.9569734e+03   1.0534961e+00
   5.9569991e+03   1.1496636e+00
   5.9570248e+03   9.8185000e-01
   5.9570504e+03   9.5683765e-01
   5.9570761e+03   9.8983261e-01
   5.9571018e+03   9.5251266e-01
   5.9571275e+03   1.1326537e+00
   5.9571532e+03   8.6408007e-01
   5.9571788e+03   1.1260333e+00
   5.9572045e+03   9.5707164e-01
   5.9572302e+03   1.0203101e+00
   5.9572559e+03   1.0298253e+00
   5.9572815e+03   1.0112256e+00
   5.9573072e+03   9.2567932e-01
   5.9573329e+03   9.5350653e-01
   5.9573585e+03   9.7774961e-01
   5.9573842e+03   9.1450381e-01
   5.9574099e+03   9.8431140e-01
   5.9574355e+03   1.0364019e+00
   5.9574612e+03   9.4603600e-01
   5.9574868e+03   1.0033316e+00
   5.9575125e+03   9.0600884e-01
   5.9575382e+03   1.0793921e+00
   5.9575638e+03   9.6393517e-01
   5.9575895e+03   9.3070662e-01
   5.9576151e+03   9.3026717e-01
   5.9576408e+03   1.0913941e+00
   5.9576664e+03   1.0147956e+00
   5.9576921e+03   1.0973629e+00
   5.9577177e+03   1.1135612e+00
   5.9577434e+03   1.0305250e+00
   5.9577690e+03   9.4542468e-01
   5.9577947e+03   9.0952272e-01
   5.9578203e+03   9.6713487e-01
   5.9578460e+03   1.0701721e+00
   5.9578716e+03   1.1447095e+00
   5.9578973e+03   1.0184255e+00
   5.9579229e+03   9.9289036e-01
   5.9579485e+03   9.8509313e-01
   5.9579742e+03   1.0784869e+00
   5.9579998e+03   9.0904416e-01
   5.9580254e+03   9.9837946e-01
   5.9580511e+03   1.0354180e+00
   5.9580767e+03   1.0193320e+00
   5.9581023e+03   8.3390699e-01
   5.9581280e+03   9.5917693e-01
   5.9581536e+03   9.8503632e-01
   5.9581792e+03   9.7766810e-01
   5.9582049e+03   1.0921425e+00
   5.9582305e+03   1.0328198e+00
   5.9582561e+03   1.0336156e+00
   5.9582817e+03   9.7207662e-01
   5.9583074e+03   9.1099268e-01
   5.9583330e+03   1.0909474e+00
   5.9583586e+03   9.1533700e-01
   5.9583842e+03   1.0740553e+00
   5.9584098e+03   8.6989132e-01
   5.9584354e+03   9.9013706e-01
   5.9584611e+03   1.0881135e+00
   5.9584867e+03   9.9370716e-01
   5.9585123e+03   1.1287399e+00
   5.9585379e+03   1.0012430e+00
   5.9585635e+03   9.3740468e-01
   5.9585891e+03   9.5190315e-01
   5.9586147e+03   1.0846282e+00
   5.9586403e+03   9.7322469e-01
   5.9586659e+03   8.8907778e-01
   5.9586915e+03   1.0765352e+00
   5.9587171e+03   9.9500262e-01
   5.9587427e+03   1.0068457e+00
   5.9587683e+03   1.0467876e+00
   5.9587939e+03   1.1266968e+00
   5.9588195e+03   1.1428494e+00
   5.9588451e+03   1.0215344e+00
   5.9588707e+03   1.0876304e+00
   5.9588963e+03   9.6825440e-01
   5.9589219e+03   9.9908060e-01
   5.9589475e+03   1.0037604e+00
   5.9589731e+03   9.3599211e-01
   5.9589987e+03   1.0470735e+00
   5.9590243e+03   1.0238798e+00
   5.9590499e+03   1.0714002e+00
   5.9590754e+03   1.0582496e+00
   5.9591010e+03   9.3243547e-01
   5.9591266e+03   9.3500658e-01
   5.9591522e+03   9.9504075e-01
   5.9591778e+03   1.0722223e+00
   5.9592033e+03   1.0446538e+00
   5.9592289e+03   9.0535211e-01
   5.9592545e+03   1.0410577e+00
   5.9592801e+03   1.0124378e+00
   5.9593056e+03   1.0451447e+00
   5.9593312e+03   1.1131332e+00
   5.9593568e+03   8.6537513e-01
   5.9593824e+03   9.6454793e-01
   5.9594079e+03   8.3349508e-01
   5.9594335e+03   1.0503364e+00
   5.9594591e+03   8.7069498e-01
   5.9594846e+03   9.6903063e-01
   5.9595102e+03   9.6954929e-01
   5.9595358e+03   9.8784938e-01
   5.9595613e+03   9.1878557e-01
   5.9595869e+03   8.1019801e-01
   5.9596124e+03   1.0582536e+00
   5.9596380e+03   9.1357805e-01
   5.9596635e+03   9.5498005e-01
   5.9596891e+03   1.0475113e+00
   5.9597147e+03   9.4986308e-01
   5.9597402e+03   9.4015625e-01
   5.9597658e+03   1.1499420e+00
   5.9597913e+03   9.2805991e-01
   5.9598169e+03   8.5377316e-01
   5.9598424e+03   9.7413083e-01
   5.9598680e+03   1.1582698e+00
   5.9598935e+03   9.6203979e-01
   5.9599190e+03   1.1366747e+00
   5.9599446e+03   9.4701998e-01
   5.9599701e+03   1.0501108e+00
   5.9599957e+03   1.0518192e+00
   5.9600212e+03   1.0073853e+00
   5.9600467e+03   1.0205264e+00
   5.9600723e+03   1.0314018e+00
   5.9600978e+03   9.2454021e-01
   5.9601233e+03   1.1217609e+00
   5.9601489e+03   1.1596404e+00
   5.9601744e+03   1.1790785e+00
   5.9601999e+03   1.1796320e+00
   5.9602255e+03   1.0362277e+00
   5.9602510e+03   8.8058203e-01
   5.9602765e+03   9.6893634e-01
   5.9603021e+03   9.3847700e-01
   5.9603276e+03   1.0605884e+00
   5.9603531e+03   9.8827942e-01
   5.9603786e+03   1.0670626e+00
