   5.8857876e+03   1.0738845e+00
   5.8858115e+03   1.0434010e+00
   5.8858353e+03   9.2353942e-01
   5.8858592e+03   1.0624701e+00
   5.8858830e+03   1.0068535e+00
   5.8859068e+03   9.6909530e-01
   5.8859307e+03   9.9313853e-01
   5.8859545e+03   1.0075263e+00
   5.8859783e+03   9.4480683e-01
   5.8860022e+03   1.0645020e+00
   5.8860260e+03   1.0009043e+00
   5.8860498e+03   1.1372320e+00
   5.8860736e+03   1.0213491e+00
   5.8860975e+03   9.2048022e-01
   5.8861213e+03   1.0864739e+00
   5.8861451e+03   8.5219723e-01
   5.8861689e+03   9.6252755e-01
   5.8861928e+03   8.8290815e-01
   5.8862166e+03   9.6976938e-01
   5.8862404e+03   1.0394052e+00
   5.8862642e+03   8.6129966e-01
   5.8862880e+03   1.0239312e+00
   5.8863118e+03   1.0065858e+00
   5.8863356e+03   1.0794668e+00
   5.8863595e+03   1.0479088e+00
   5.8863833e+03   1.0161394e+00
   5.8864071e+03   1.0763471e+00
   5.8864309e+03   1.0827854e+00
   5.8864547e+03   9.5450618e-01
   5.8864785e+03   8.1222439e-01
   5.8865023e+03   1.1270574e+00
   5.8865261e+03   1.0938171e+00
   5.8865499e+03   9.2684165e-01
   5.8865737e+03   9.6884100e-01
   5.8865975e+03   9.2983908e-01
   5.8866213e+03   9.3598163e-01
   5.8866451e+03   1.0767884e+00
   5.8866688e+03   1.0751920e+00
   5.8866926e+03   1.0861037e+00
   5.8867164e+03   1.0345948e+00
   5.8867402e+03   1.0320168e+00
   5.8867640e+03   1.0178180e+00
   5.8867878e+03   1.0921655e+00
   5.8868116e+03   8.9850150e-01
   5.8868353e+03   1.0258767e+00
   5.8868591e+03   1.0664512e+00
   5.8868829e+03   8.7599444e-01
   5.8869067e+03   1.1216966e+00
   5.8869305e+03   9.0605153e-01
   5.8869542e+03   9.4895581e-01
   5.8869780e+03   9.7642150e-01
   5.8870018e+03   1.0035587e+00
   5.8870255e+03   8.7579215e-01
   5.8870493e+03   1.2491646e+00
   5.8870731e+03   9.0393617e-01
   5.8870968e+03   1.0016061e+00
   5.8871206e+03   1.2293826e+00
   5.8871444e+03   9.1732439e-01
   5.8871681e+03   1.0942593e+00
   5.8871919e+03   1.0611816e+00
   5.8872156e+03   8.7584810e-01
   5.8872394e+03   1.0928443e+00
   5.8872632e+03   9.5146374e-01
   5.8872869e+03   1.0964147e+00
   5.8873107e+03   9.5518809e-01
   5.8873344e+03   9.7953931e-01
   5.8873582e+03   8.3747462e-01
   5.8873819e+03   8.7735794e-01
   5.8874056e+03   9.2335119e-01
   5.8874294e+03   9.1163093e-01
   5.8874531e+03   1.1564751e+00
   5.8874769e+03   1.0341043e+00
   5.8875006e+03   9.7172207e-01
   5.8875244e+03   1.0174310e+00
   5.8875481e+03   9.4467501e-01
   5.8875718e+03   8.3293228e-01
   5.8875956e+03   9.9232151e-01
   5.8876193e+03   1.1334716e+00
   5.8876430e+03   9.2110550e-01
   5.8876668e+03   8.8456166e-01
   5.8876905e+03   8.8376679e-01
   5.8877142e+03   9.6429056e-01
   5.8877379e+03   8.9055833e-01
   5.8877617e+03   9.1725045e-01
   5.8877854e+03   9.5933340e-01
   5.8878091e+03   1.1855882e+00
   5.8878328e+03   1.1028275e+00
   5.8878565e+03   1.2361668e+00
   5.8878803e+03   1.0242795e+00
   5.8879040e+03   9.4110493e-01
   5.8879277e+03   9.3314713e-01
   5.8879514e+03   9.7772771e-01
   5.8879751e+03   8.9058577e-01
   5.8879988e+03   1.1463862e+00
   5.8880225e+03   9.8208846e-01
   5.8880462e+03   1.1427813e+00
   5.8880700e+03   1.0796628e+00
   5.8880937e+03   1.2503614e+00
   5.8881174e+03   8.5967894e-01
   5.8881411e+03   1.1417078e+00
   5.8881648e+03   9.5486409e-01
   5.8881885e+03   9.7762646e-01
   5.8882122e+03   9.8477216e-01
   5.8882358e+03   9.0389242e-01
   5.8882595e+03   9.1231096e-01
   5.8882832e+03   8.4399809e-01
   5.8883069e+03   1.1177241e+00
   5.8883306e+03   1.1357770e+00
   5.8883543e+03   8.8440630e-01
   5.8883780e+03   1.1336296e+00
   5.8884017e+03   9.8583566e-01
   5.8884254e+03   8.6899820e-01
   5.8884490e+03   1.0079676e+00
   5.8884727e+03   1.0078459e+00
   5.8884964e+03   1.0052320e+00
   5.8885201e+03   1.0179284e+00
   5.8885438e+03   1.2243663e+00
   5.8885674e+03   9.9698442e-01
   5.8885911e+03   1.1088039e+00
   5.8886148e+03   9.8536343e-01
   5.8886384e+03   9.8584722e-01
   5.8886621e+03   9.8703960e-01
   5.8886858e+03   1.0455705e+00
   5.8887094e+03   8.5952967e-01
   5.8887331e+03   1.1107462e+00
   5.8887568e+03   9.9032295e-01
   5.8887804e+03   1.1771811e+00
   5.8888041e+03   8.7713843e-01
   5.8888278e+03   9.4222581e-01
   5.8888514e+03   8.2821528e-01
   5.8888751e+03   9.6746118e-01
   5.8888987e+03   1.0637841e+00
   5.8889224e+03   1.0487225e+00
   5.8889460e+03   9.4246103e-01
   5.8889697e+03   8.6739455e-01
   5.8889933e+03   1.0225010e+00
   5.8890170e+03   8.9870977e-01
   5.8890406e+03   9.0039456e-01
   5.8890643e+03   7.7805540e-01
   5.8890879e+03   1.1157895e+00
   5.8891115e+03   1.0772516e+00
   5.8891352e+03   1.1329420e+00
   5.8891588e+03   1.1495903e+00
   5.8891825e+03   1.1799101e+00
   5.8892061e+03   9.3773258e-01
   5.8892297e+03   8.4411000e-01
   5.8892534e+03   1.0156781e+00
   5.8892770e+03   1.0101334e+00
   5.8893006e+03   1.0483007e+00
   5.8893243e+03   9.3191038e-01
   5.8893479e+03   1.0383494e+00
   5.8893715e+03   9.5205804e-01
   5.8893951e+03   8.4940164e-01
   5.8894188e+03   9.3235134e-01
   5.8894424e+03   9.2878245e-01
   5.8894660e+03   9.8746988e-01
   5.8894896e+03   9.5827076e-01
   5.8895132e+03   9.2601064e-01
   5.8895368e+03   9.1448414e-01
   5.8895605e+03   1.0352056e+00
   5.8895841e+03   1.1712314e+00
   5.8896077e+03   9.9715611e-01
   5.8896313e+03   8.6664688e-01
   5.8896549e+03   1.0692137e+00
   5.8896785e+03   9.7666356e-01
   5.8897021e+03   1.0238648e+00
   5.8897257e+03   1.0978131e+00
   5.8897493e+03   8.6873283e-01
   5.8897729e+03   1.0917225e+00
   5.8897965e+03   9.7811703e-01
   5.8898201e+03   8.6358127e-01
   5.8898437e+03   1.0303375e+00
   5.8898673e+03   8.3757449e-01
   5.8898909e+03   9.7818744e-01
   5.8899145e+03   1.1381949e+00
   5.8899381e+03   8.2287389e-01
   5.8899617e+03   1.1256000e+00
   5.8899852e+03   1.1352753e+00
   5.8900088e+03   1.3149570e+00
   5.8900324e+03   1.2221597e+00
   5.8900560e+03   1.0506966e+00
   5.8900796e+03   1.0562258e+00
   5.8901032e+03   1.1512318e+00
   5.8901267e+03   1.0946882e+00
   5.8901503e+03   1.0926904e+00
   5.8901739e+03   9.3955180e-01
   5.8901975e+03   8.7592027e-01
   5.8902210e+03   9.2651538e-01
   5.8902446e+03   1.0065232e+00
   5.8902682e+03   9.6883560e-01
   5.8902917e+03   9.9150389e-01
   5.8903153e+03   7.9765507e-01
   5.8903389e+03   9.5392889e-01
   5.8903624e+03   1.0445576e+00
   5.8903860e+03   1.0216638e+00
   5.8904096e+03   1.0100070e+00
   5.8904331e+03   1.1514604e+00
   5.8904567e+03   8.4418024e-01
   5.8904802e+03   1.0183919e+00
   5.8905038e+03   9.3181811e-01
   5.8905273e+03   1.0894783e+00
   5.8905509e+03   1.1392897e+00
   5.8905744e+03   1.0348549e+00
   5.8905980e+03   1.1398948e+00
   5.8906215e+03   9.0971642e-01
   5.8906451e+03   1.0750102e+00
   5.8906686e+03   9.3964067e-01
   5.8906922e+03   9.7303315e-01
   5.8907157e+03   9.8191570e-01
   5.8907393e+03   8.4327120e-01
   5.8907628e+03   1.0416056e+00
   5.8907863e+03   8.9477696e-01
   5.8908099e+03   9.1847040e-01
   5.8908334e+03   8.0568294e-01
   5.8908569e+03   9.1430092e-01
   5.8908805e+03   8.3931443e-01
   5.8909040e+03   9.9014971e-01
   5.8909275e+03   9.0424820e-01
   5.8909510e+03   9.4142522e-01
   5.8909746e+03   8.9294528e-01
   5.8909981e+03   1.1168428e+00
   5.8910216e+03   9.4526304e-01
   5.8910451e+03   1.0086400e+00
   5.8910687e+03   1.0354878e+00
   5.8910922e+03   9.3795084e-01
   5.8911157e+03   9.9725014e-01
   5.8911392e+03   7.9414168e-01
   5.8911627e+03   9.2498060e-01
   5.8911862e+03   8.2522313e-01
   5.8912097e+03   8.4431601e-01
   5.8912333e+03   8.3187541e-01
   5.8912568e+03   1.0094394e+00
   5.8912803e+03   9.8934184e-01
   5.8913038e+03   7.8060228e-01
   5.8913273e+03   6.7221912e-01
   5.8913508e+03   8.3759406e-01
   5.8913743e+03   7.9482778e-01
   5.8913978e+03   8.7243332e-01
   5.8914213e+03   9.3299865e-01
   5.8914448e+03   7.5933150e-01
   5.8914683e+03   6.1408098e-01
   5.8914918e+03   4.6017628e-01
   5.8915152e+03   4.6503953e-01
   5.8915387e+03   6.1654083e-01
   5.8915622e+03   5.2355143e-01
   5.8915857e+03   6.1713175e-01
   5.8916092e+03   9.2718634e-01
   5.8916327e+03   8.8623975e-01
   5.8916562e+03   8.0951639e-01
   5.8916796e+03   1.1225893e+00
   5.8917031e+03   1.3542151e+00
   5.8917266e+03   1.2044398e+00
   5.8917501e+03   8.5919861e-01
   5.8917735e+03   4.1746250e-01
   5.8917970e+03   5.3539095e-01
   5.8918205e+03   5.9942664e-01
   5.8918440e+03   7.2024033e-01
   5.8918674e+03   8.8543825e-01
   5.8918909e+03   1.0251259e+00
   5.8919144e+03   1.1118772e+00
   5.8919378e+03   1.0609900e+00
   5.8919613e+03   9.2457421e-01
   5.8919848e+03   1.0665522e+00
   5.8920082e+03   1.0077937e+00
   5.8920317e+03   8.5696015e-01
   5.8920551e+03   1.1288398e+00
   5.8920786e+03   9.3445865e-01
   5.8921020e+03   8.8574275e-01
   5.8921255e+03   9.2938644e-01
   5.8921489e+03   1.1987652e+00
   5.8921724e+03   1.0861074e+00
   5.8921958e+03   9.2451064e-01
   5.8922193e+03   1.0989354e+00
   5.8922427e+03   9.5927413e-01
   5.8922662e+03   9.7313594e-01
   5.8922896e+03   1.1303157e+00
   5.8923131e+03   1.0268862e+00
   5.8923365e+03   1.0433031e+00
   5.8923599e+03   9.6144820e-01
   5.8923834e+03   9.9909469e-01
   5.8924068e+03   1.0908134e+00
   5.8924302e+03   9.6123858e-01
   5.8924537e+03   9.4053285e-01
   5.8924771e+03   9.6249291e-01
   5.8925005e+03   1.0859665e+00
   5.8925240e+03   9.5714533e-01
   5.8925474e+03   8.9741214e-01
   5.8925708e+03   8.5001200e-01
   5.8925942e+03   1.1720091e+00
   5.8926177e+03   1.0476767e+00
   5.8926411e+03   8.7610048e-01
   5.8926645e+03   1.0407561e+00
   5.8926879e+03   1.0132767e+00
   5.8927113e+03   1.1613133e+00
   5.8927347e+03   9.0193920e-01
   5.8927581e+03   8.6687289e-01
   5.8927816e+03   1.0894575e+00
   5.8928050e+03   9.0114669e-01
   5.8928284e+03   9.3809393e-01
   5.8928518e+03   1.0028292e+00
   5.8928752e+03   9.0099403e-01
   5.8928986e+03   9.6540028e-01
   5.8929220e+03   1.0232239e+00
   5.8929454e+03   9.5238177e-01
   5.8929688e+03   9.6782238e-01
   5.8929922e+03   1.0803571e+00
   5.8930156e+03   8.5097195e-01
   5.8930390e+03   9.3888109e-01
   5.8930624e+03   1.1002201e+00
   5.8930858e+03   1.0524197e+00
   5.8931092e+03   8.2706959e-01
   5.8931325e+03   1.1188944e+00
   5.8931559e+03   1.1497103e+00
   5.8931793e+03   9.7460304e-01
   5.8932027e+03   9.4677676e-01
   5.8932261e+03   1.0499886e+00
   5.8932495e+03   1.0628697e+00
   5.8932728e+03   1.1801587e+00
   5.8932962e+03   8.7834815e-01
   5.8933196e+03   1.1011503e+00
   5.8933430e+03   9.6119912e-01
   5.8933663e+03   1.0738522e+00
   5.8933897e+03   9.2368488e-01
   5.8934131e+03   9.5604682e-01
   5.8934365e+03   9.5558783e-01
   5.8934598e+03   1.0055029e+00
   5.8934832e+03   1.1007119e+00
   5.8935066e+03   1.1846188e+00
   5.8935299e+03   9.2453331e-01
   5.8935533e+03   9.9286087e-01
   5.8935766e+03   1.0665553e+00
   5.8936000e+03   1.0312747e+00
   5.8936234e+03   9.2435619e-01
   5.8936467e+03   1.2489247e+00
   5.8936701e+03   9.2799855e-01
   5.8936934e+03   1.0596473e+00
   5.8937168e+03   8.6187694e-01
   5.8937401e+03   9.9277252e-01
   5.8937635e+03   1.0829156e+00
   5.8937868e+03   1.0186373e+00
   5.8938102e+03   1.0143394e+00
   5.8938335e+03   9.8045382e-01
   5.8938568e+03   8.8417236e-01
   5.8938802e+03   8.7160060e-01
   5.8939035e+03   9.5476397e-01
   5.8939269e+03   1.1378037e+00
   5.8939502e+03   1.0160998e+00
   5.8939735e+03   8.6260756e-01
   5.8939969e+03   9.8321441e-01
   5.8940202e+03   9.4169436e-01
   5.8940435e+03   9.3335720e-01
   5.8940669e+03   1.0136335e+00
   5.8940902e+03   9.8602133e-01
   5.8941135e+03   8.2456300e-01
   5.8941368e+03   7.5137552e-01
   5.8941602e+03   1.0401263e+00
   5.8941835e+03   8.9554016e-01
   5.8942068e+03   1.0718968e+00
   5.8942301e+03   1.1291389e+00
   5.8942534e+03   8.5012174e-01
   5.8942768e+03   9.5744667e-01
   5.8943001e+03   7.8389427e-01
   5.8943234e+03   1.1395166e+00
   5.8943467e+03   9.3892349e-01
   5.8943700e+03   8.8759196e-01
   5.8943933e+03   1.1126904e+00
   5.8944166e+03   9.7289308e-01
   5.8944399e+03   9.2459628e-01
   5.8944632e+03   9.7987358e-01
   5.8944865e+03   9.0540138e-01
   5.8945098e+03   1.0008665e+00
   5.8945331e+03   1.0539908e+00
   5.8945564e+03   9.7621768e-01
   5.8945797e+03   1.0197748e+00
   5.8946030e+03   1.0266688e+00
   5.8946263e+03   8.7807987e-01
   5.8946496e+03   9.3057386e-01
   5.8946729e+03   1.0165608e+00
   5.8946962e+03   9.7804095e-01
   5.8947195e+03   1.0661140e+00
   5.8947427e+03   1.0509564e+00
   5.8947660e+03   9.3537930e-01
   5.8947893e+03   1.1877834e+00
   5.8948126e+03   9.4992079e-01
   5.8948359e+03   1.0329943e+00
   5.8948591e+03   1.1384934e+00
   5.8948824e+03   1.0298293e+00
   5.8949057e+03   1.1385396e+00
   5.8949290e+03   1.1425633e+00
   5.8949522e+03   9.3053073e-01
   5.8949755e+03   1.0048098e+00
   5.8949988e+03   9.3365131e-01
   5.8950220e+03   9.6459604e-01
   5.8950453e+03   1.2055318e+00
   5.8950686e+03   9.4680153e-01
   5.8950918e+03   9.9615744e-01
   5.8951151e+03   9.5883586e-01
   5.8951384e+03   1.0653128e+00
   5.8951616e+03   8.0841023e-01
   5.8951849e+03   1.0250936e+00
   5.8952081e+03   9.8458216e-01
   5.8952314e+03   9.3954902e-01
   5.8952546e+03   9.8266261e-01
   5.8952779e+03   9.2541973e-01
   5.8953011e+03   1.0179445e+00
   5.8953244e+03   1.0849479e+00
   5.8953476e+03   9.2765094e-01
   5.8953709e+03   9.7659695e-01
   5.8953941e+03   8.1705996e-01
   5.8954174e+03   1.0080812e+00
   5.8954406e+03   1.1185333e+00
   5.8954638e+03   9.4540569e-01
   5.8954871e+03   8.6928989e-01
   5.8955103e+03   9.8689397e-01
   5.8955335e+03   1.0831676e+00
   5.8955568e+03   8.7445348e-01
   5.8955800e+03   1.0435030e+00
   5.8956032e+03   1.1263347e+00
   5.8956265e+03   1.2358806e+00
   5.8956497e+03   1.1632943e+00
   5.8956729e+03   1.0325882e+00
   5.8956961e+03   8.9048136e-01
   5.8957194e+03   1.1323637e+00
   5.8957426e+03   8.1422913e-01
   5.8957658e+03   8.8102947e-01
   5.8957890e+03   9.3558647e-01
   5.8958122e+03   1.0361227e+00
   5.8958354e+03   1.1371089e+00
   5.8958587e+03   1.0013674e+00
   5.8958819e+03   1.0687628e+00
   5.8959051e+03   1.0275087e+00
   5.8959283e+03   1.0095100e+00
   5.8959515e+03   1.0262810e+00
   5.8959747e+03   9.4022704e-01
   5.8959979e+03   9.5447753e-01
   5.8960211e+03   1.0612362e+00
   5.8960443e+03   9.9007353e-01
   5.8960675e+03   1.0183534e+00
   5.8960907e+03   1.0308767e+00
   5.8961139e+03   1.0735753e+00
   5.8961371e+03   1.0771778e+00
   5.8961603e+03   9.4802103e-01
   5.8961835e+03   1.0548929e+00
   5.8962067e+03   1.1695017e+00
   5.8962299e+03   1.2008977e+00
   5.8962530e+03   8.8633575e-01
   5.8962762e+03   8.9928590e-01
   5.8962994e+03   9.3830959e-01
   5.8963226e+03   1.0975914e+00
   5.8963458e+03   1.0369062e+00
   5.8963690e+03   1.0449791e+00
   5.8963921e+03   1.0111800e+00
   5.8964153e+03   7.6321639e-01
   5.8964385e+03   1.0177287e+00
   5.8964617e+03   1.1053594e+00
   5.8964848e+03   8.8763493e-01
   5.8965080e+03   1.0049878e+00
   5.8965220e+03   1.0596243e+00
   5.8965498e+03   1.0107562e+00
   5.8965775e+03   1.0256151e+00
   5.8966052e+03   1.1803917e+00
   5.8966330e+03   9.4847798e-01
   5.8966607e+03   9.0753475e-01
   5.8966884e+03   9.0583223e-01
   5.8967162e+03   8.9605425e-01
   5.8967439e+03   1.1127656e+00
   5.8967716e+03   8.2162937e-01
   5.8967994e+03   9.9766574e-01
   5.8968271e+03   9.8203778e-01
   5.8968548e+03   1.1466589e+00
   5.8968825e+03   9.9476210e-01
   5.8969103e+03   1.1631530e+00
   5.8969380e+03   7.8461784e-01
   5.8969657e+03   1.0945036e+00
   5.8969934e+03   1.0084574e+00
   5.8970212e+03   9.4290851e-01
   5.8970489e+03   8.1568288e-01
   5.8970766e+03   7.6677727e-01
   5.8971043e+03   9.4562382e-01
   5.8971321e+03   1.0241194e+00
   5.8971598e+03   8.4577121e-01
   5.8971875e+03   1.0189740e+00
   5.8972152e+03   1.1317289e+00
   5.8972429e+03   9.6860448e-01
   5.8972707e+03   8.9034832e-01
   5.8972984e+03   1.0799383e+00
   5.8973261e+03   1.0368630e+00
   5.8973538e+03   8.6484934e-01
   5.8973815e+03   1.0229610e+00
   5.8974092e+03   9.3624072e-01
   5.8974370e+03   7.3851544e-01
   5.8974647e+03   6.0327099e-01
   5.8974924e+03   8.4703026e-01
   5.8975201e+03   8.7324389e-01
   5.8975478e+03   7.7789679e-01
   5.8975755e+03   7.6359737e-01
   5.8976032e+03   7.4544535e-01
   5.8976309e+03   8.9407877e-01
   5.8976587e+03   1.1638071e+00
   5.8976864e+03   1.4712533e+00
   5.8977141e+03   1.2578871e+00
   5.8977418e+03   7.5249827e-01
   5.8977695e+03   6.0106429e-01
   5.8977972e+03   7.9925800e-01
   5.8978249e+03   7.4752463e-01
   5.8978526e+03   8.0317526e-01
   5.8978803e+03   1.0206113e+00
   5.8979080e+03   1.0247188e+00
   5.8979357e+03   1.0445926e+00
   5.8979634e+03   8.5636675e-01
   5.8979911e+03   9.3049148e-01
   5.8980188e+03   8.5092825e-01
   5.8980465e+03   9.6273982e-01
   5.8980743e+03   1.0319091e+00
   5.8981020e+03   1.0756616e+00
   5.8981297e+03   1.1744832e+00
   5.8981574e+03   1.0454777e+00
   5.8981851e+03   9.2361024e-01
   5.8982128e+03   1.0182237e+00
   5.8982405e+03   9.4487836e-01
   5.8982682e+03   1.1303164e+00
   5.8982958e+03   1.0798875e+00
   5.8983235e+03   1.0920447e+00
   5.8983512e+03   9.5751893e-01
   5.8983789e+03   1.0339981e+00
   5.8984066e+03   1.0433735e+00
   5.8984343e+03   9.8819337e-01
   5.8984620e+03   9.6680212e-01
   5.8984897e+03   1.0009931e+00
   5.8985174e+03   9.4984394e-01
   5.8985451e+03   9.1604577e-01
   5.8985728e+03   9.8983470e-01
   5.8986005e+03   9.7903487e-01
   5.8986282e+03   1.0910504e+00
   5.8986559e+03   1.0691127e+00
   5.8986836e+03   9.6258554e-01
   5.8987112e+03   9.3279246e-01
   5.8987389e+03   1.1049276e+00
   5.8987666e+03   9.1242766e-01
   5.8987943e+03   1.0571153e+00
   5.8988220e+03   1.1181020e+00
   5.8988497e+03   9.7257743e-01
   5.8988774e+03   9.5860057e-01
   5.8989051e+03   9.7739889e-01
   5.8989327e+03   1.1109597e+00
   5.8989604e+03   1.1666316e+00
   5.8989881e+03   9.9446711e-01
   5.8990158e+03   9.4316998e-01
   5.8990435e+03   1.0952241e+00
   5.8990711e+03   8.4485437e-01
   5.8990988e+03   9.5773183e-01
   5.8991265e+03   1.0531844e+00
   5.8991542e+03   1.0430769e+00
   5.8991819e+03   9.8853482e-01
   5.8992095e+03   9.3775006e-01
   5.8992372e+03   9.7272896e-01
   5.8992649e+03   9.7402698e-01
   5.8992926e+03   9.2459708e-01
   5.8993203e+03   9.9083832e-01
   5.8993479e+03   9.4846809e-01
   5.8993756e+03   8.8866029e-01
   5.8994033e+03   9.2223142e-01
   5.8994310e+03   1.0330326e+00
   5.8994586e+03   1.0274350e+00
   5.8994863e+03   9.8497967e-01
   5.8995140e+03   7.7332807e-01
   5.8995416e+03   1.0539302e+00
   5.8995693e+03   9.3569427e-01
   5.8995970e+03   1.0593602e+00
   5.8996247e+03   1.0867999e+00
   5.8996523e+03   1.2354955e+00
   5.8996800e+03   1.0218613e+00
   5.8997077e+03   9.2668261e-01
   5.8997353e+03   1.0318905e+00
   5.8997630e+03   1.1236538e+00
   5.8997907e+03   1.2466374e+00
   5.8998183e+03   1.1498181e+00
   5.8998460e+03   1.2359424e+00
   5.8998736e+03   1.0795193e+00
   5.8999013e+03   9.9183361e-01
   5.8999290e+03   9.7360431e-01
   5.8999566e+03   9.6084719e-01
   5.8999843e+03   1.0234449e+00
   5.9000120e+03   8.9381445e-01
   5.9000396e+03   8.5787500e-01
   5.9000673e+03   1.0240076e+00
   5.9000949e+03   1.0020041e+00
   5.9001226e+03   9.0984118e-01
   5.9001503e+03   9.1743139e-01
   5.9001779e+03   9.6643539e-01
   5.9002056e+03   1.0469638e+00
   5.9002332e+03   1.1085422e+00
   5.9002609e+03   9.7741692e-01
   5.9002885e+03   9.7253691e-01
   5.9003162e+03   9.9193246e-01
   5.9003438e+03   8.4755343e-01
   5.9003715e+03   9.6735298e-01
   5.9003992e+03   8.3982762e-01
   5.9004268e+03   8.9766017e-01
   5.9004545e+03   8.5397711e-01
   5.9004821e+03   9.4628580e-01
   5.9005098e+03   9.7827690e-01
   5.9005374e+03   9.6641210e-01
   5.9005651e+03   1.1354345e+00
   5.9005927e+03   8.7369284e-01
   5.9006204e+03   1.0993603e+00
   5.9006480e+03   1.0534196e+00
   5.9006756e+03   1.0990997e+00
   5.9007033e+03   8.8553484e-01
   5.9007309e+03   9.8905379e-01
   5.9007586e+03   9.7194691e-01
   5.9007862e+03   9.5487877e-01
   5.9008139e+03   8.8031154e-01
   5.9008415e+03   9.8597398e-01
   5.9008692e+03   1.0077543e+00
   5.9008968e+03   9.3003161e-01
   5.9009244e+03   1.0331648e+00
   5.9009521e+03   1.0852680e+00
   5.9009797e+03   9.9724895e-01
   5.9010074e+03   8.8159162e-01
   5.9010350e+03   9.0443546e-01
   5.9010626e+03   9.1486195e-01
   5.9010903e+03   1.1133062e+00
   5.9011179e+03   1.0585595e+00
   5.9011455e+03   9.5500490e-01
   5.9011732e+03   1.0365587e+00
   5.9012008e+03   9.9287734e-01
   5.9012284e+03   9.4299668e-01
   5.9012561e+03   1.1508147e+00
   5.9012837e+03   9.5588106e-01
   5.9013113e+03   1.0042339e+00
   5.9013390e+03   8.2729426e-01
   5.9013666e+03   8.6668819e-01
   5.9013942e+03   8.8364309e-01
   5.9014219e+03   8.9520042e-01
   5.9014495e+03   9.5549323e-01
   5.9014771e+03   1.0312412e+00
   5.9015048e+03   1.1401873e+00
   5.9015324e+03   9.3756844e-01
   5.9015600e+03   1.1208598e+00
   5.9015876e+03   1.1239264e+00
   5.9016153e+03   1.0865541e+00
   5.9016429e+03   9.9103101e-01
   5.9016705e+03   1.0046768e+00
   5.9016981e+03   9.0506909e-01
   5.9017258e+03   1.1952368e+00
   5.9017534e+03   1.0318243e+00
   5.9017810e+03   1.1396396e+00
   5.9018086e+03   9.4806243e-01
   5.9018362e+03   9.2484024e-01
   5.9018639e+03   9.2526026e-01
   5.9018915e+03   9.8127968e-01
   5.9019191e+03   1.0377597e+00
   5.9019467e+03   1.0873782e+00
   5.9019743e+03   1.0042524e+00
   5.9020020e+03   9.8682267e-01
   5.9020296e+03   1.0826944e+00
   5.9020572e+03   1.0777830e+00
   5.9020848e+03   9.2800534e-01
   5.9021124e+03   1.0513465e+00
   5.9021400e+03   9.3270192e-01
   5.9021676e+03   1.1803689e+00
   5.9021953e+03   1.0924169e+00
   5.9022229e+03   1.0643459e+00
   5.9022505e+03   9.9908405e-01
   5.9022781e+03   1.0690778e+00
   5.9023057e+03   8.9094592e-01
   5.9023333e+03   1.0941539e+00
   5.9023609e+03   1.0617886e+00
   5.9023885e+03   1.1461525e+00
   5.9024161e+03   9.5031648e-01
   5.9024437e+03   1.0929191e+00
   5.9024713e+03   1.0645793e+00
   5.9024990e+03   8.9307511e-01
   5.9025266e+03   9.9908052e-01
   5.9025542e+03   1.0872011e+00
   5.9025818e+03   1.0062232e+00
   5.9026094e+03   1.0439518e+00
   5.9026370e+03   9.4210156e-01
   5.9026646e+03   1.0362386e+00
   5.9026922e+03   1.0679077e+00
   5.9027198e+03   1.0909666e+00
   5.9027474e+03   9.4401607e-01
   5.9027750e+03   9.1812234e-01
   5.9028026e+03   9.5355970e-01
   5.9028302e+03   9.9721989e-01
   5.9028578e+03   9.6871285e-01
   5.9028854e+03   1.0024306e+00
   5.9029130e+03   9.7405127e-01
   5.9029406e+03   1.1057168e+00
   5.9029682e+03   9.5977587e-01
   5.9029957e+03   9.6788288e-01
   5.9030233e+03   9.6620493e-01
   5.9030509e+03   9.8014669e-01
   5.9030785e+03   1.1109946e+00
   5.9031061e+03   8.7671190e-01
   5.9031337e+03   9.4175169e-01
   5.9031613e+03   9.7388828e-01
   5.9031889e+03   8.6201702e-01
   5.9032165e+03   9.8325088e-01
   5.9032441e+03   1.0909706e+00
   5.9032716e+03   1.0149618e+00
   5.9032992e+03   1.0248334e+00
   5.9033268e+03   9.7826719e-01
   5.9033544e+03   1.0191993e+00
   5.9033820e+03   1.0148437e+00
   5.9034096e+03   8.5933957e-01
   5.9034372e+03   9.7507585e-01
   5.9034647e+03   9.9017921e-01
   5.9034923e+03   9.4707067e-01
   5.9035199e+03   1.0293917e+00
   5.9035475e+03   1.0738531e+00
   5.9035751e+03   1.0625518e+00
   5.9036027e+03   9.9058991e-01
   5.9036302e+03   9.6498145e-01
   5.9036578e+03   1.0591619e+00
   5.9036854e+03   9.6656576e-01
   5.9037130e+03   9.4159493e-01
   5.9037405e+03   1.1127891e+00
   5.9037681e+03   1.0153290e+00
   5.9037957e+03   1.0717852e+00
   5.9038233e+03   1.0435474e+00
   5.9038508e+03   9.3229633e-01
   5.9038784e+03   1.1272782e+00
   5.9039060e+03   1.0165008e+00
   5.9039336e+03   9.9317587e-01
   5.9039611e+03   1.1520846e+00
   5.9039887e+03   9.1119857e-01
   5.9040163e+03   9.8528092e-01
   5.9040438e+03   9.8191263e-01
   5.9040714e+03   9.3242477e-01
   5.9040990e+03   9.5033481e-01
   5.9041265e+03   1.1583283e+00
   5.9041541e+03   1.0070040e+00
   5.9041817e+03   9.0666685e-01
   5.9042092e+03   9.8101967e-01
   5.9042368e+03   1.1093475e+00
   5.9042644e+03   8.5896741e-01
   5.9042919e+03   9.0341191e-01
   5.9043195e+03   8.7684030e-01
   5.9043471e+03   9.9796054e-01
   5.9043746e+03   9.9469631e-01
   5.9044022e+03   1.0143752e+00
   5.9044297e+03   9.3151702e-01
   5.9044573e+03   1.0297422e+00
   5.9044849e+03   7.1597476e-01
   5.9045124e+03   9.4143062e-01
   5.9045400e+03   8.3604389e-01
   5.9045675e+03   8.9630865e-01
   5.9045951e+03   8.9568216e-01
   5.9046226e+03   9.5320972e-01
   5.9046502e+03   8.8612824e-01
   5.9046778e+03   9.6330983e-01
   5.9047053e+03   1.0713775e+00
   5.9047329e+03   9.1606240e-01
   5.9047604e+03   1.0029492e+00
   5.9047880e+03   1.0959856e+00
   5.9048155e+03   8.5571980e-01
   5.9048431e+03   1.0968518e+00
   5.9048706e+03   1.1802918e+00
   5.9048982e+03   1.0275435e+00
   5.9049257e+03   1.0100744e+00
   5.9049533e+03   9.9678786e-01
   5.9049808e+03   1.2083164e+00
   5.9050084e+03   1.1259570e+00
   5.9050359e+03   1.0207804e+00
   5.9050634e+03   1.1718059e+00
   5.9050910e+03   1.0693284e+00
   5.9051185e+03   1.0215088e+00
   5.9051461e+03   1.0911361e+00
   5.9051736e+03   1.0583071e+00
   5.9052012e+03   1.1174545e+00
   5.9052287e+03   9.8215044e-01
   5.9052562e+03   9.6850193e-01
   5.9052838e+03   1.0828100e+00
   5.9053113e+03   1.1103194e+00
   5.9053389e+03   9.3010596e-01
   5.9053664e+03   1.0680878e+00
   5.9053939e+03   9.2520740e-01
   5.9054215e+03   8.3362546e-01
   5.9054490e+03   1.1523754e+00
   5.9054765e+03   9.6823573e-01
   5.9055041e+03   1.0342043e+00
   5.9055316e+03   1.0084055e+00
   5.9055591e+03   8.9107108e-01
   5.9055867e+03   1.0519095e+00
   5.9056142e+03   1.0977370e+00
   5.9056417e+03   9.4397384e-01
   5.9056693e+03   1.0374844e+00
   5.9056968e+03   1.0726795e+00
   5.9057243e+03   9.2820500e-01
   5.9057519e+03   1.1429793e+00
   5.9057794e+03   8.6808164e-01
   5.9058069e+03   8.4545928e-01
   5.9058344e+03   1.0582164e+00
   5.9058620e+03   9.8287121e-01
   5.9058895e+03   1.0747166e+00
   5.9059170e+03   1.0190339e+00
   5.9059445e+03   1.1064799e+00
   5.9059721e+03   9.7609496e-01
   5.9059996e+03   1.0103363e+00
   5.9060271e+03   1.0353697e+00
   5.9060546e+03   1.1435006e+00
   5.9060821e+03   1.0048485e+00
   5.9061097e+03   1.0117395e+00
   5.9061372e+03   8.9599120e-01
   5.9061647e+03   1.0197219e+00
   5.9061922e+03   1.0785645e+00
   5.9062197e+03   9.6596721e-01
   5.9062472e+03   1.0780763e+00
   5.9062748e+03   8.7758791e-01
   5.9063023e+03   9.9766855e-01
   5.9063298e+03   8.3547563e-01
   5.9063573e+03   1.0537135e+00
   5.9063848e+03   1.0370185e+00
   5.9064123e+03   8.9094777e-01
   5.9064398e+03   8.0207976e-01
   5.9064674e+03   9.9995421e-01
   5.9064949e+03   9.0830324e-01
   5.9065224e+03   9.3887002e-01
   5.9065499e+03   1.1191189e+00
   5.9065774e+03   9.0206830e-01
   5.9066049e+03   9.8988843e-01
   5.9066324e+03   9.1676349e-01
   5.9066599e+03   9.1442800e-01
   5.9066874e+03   8.5895268e-01
   5.9067149e+03   9.1726880e-01
   5.9067424e+03   1.0700922e+00
   5.9067699e+03   1.0166130e+00
   5.9067974e+03   1.1060933e+00
   5.9068249e+03   9.8624670e-01
   5.9068524e+03   1.0148871e+00
   5.9068799e+03   1.0186692e+00
   5.9069074e+03   9.8805188e-01
   5.9069349e+03   1.0297221e+00
   5.9069624e+03   9.8348731e-01
   5.9069899e+03   1.1319527e+00
   5.9070174e+03   1.0533068e+00
   5.9070449e+03   1.0110674e+00
   5.9070724e+03   1.0339635e+00
   5.9070999e+03   9.1381037e-01
   5.9071274e+03   1.0966261e+00
   5.9071549e+03   1.1414088e+00
   5.9071824e+03   8.9901306e-01
