                    Fe/He      Si/S    O/Si/S   O/Ne/Mg       O/C He/C_core He/N_core  He/C_env  He/N_env  He/N_env  He/N_env  He/N_env  He/N_env
           Mass     0.052     0.033      0.11      0.32      0.15      0.04      0.15      0.16       0.2      0.17     0.098     0.068     0.041
           V_in         0   2.5e+03   2.7e+03   3.2e+03   3.8e+03   4.3e+03   4.5e+03   5.1e+03   5.8e+03     7e+03   8.3e+03     1e+04   1.2e+04
          V_out   2.5e+03   2.7e+03   3.2e+03   3.8e+03   4.3e+03   4.5e+03   5.1e+03   5.8e+03     7e+03   8.3e+03     1e+04   1.2e+04   1.5e+04
             ff      0.64     0.041     0.047      0.13     0.063     0.017      0.06         1         1         1         1         1         1
       rho_100d     2e-15   6.4e-15   6.3e-15     1e-14   4.6e-15   3.3e-13   2.5e-13   4.8e-14     1e-15   5.1e-16   1.7e-16   6.8e-17   1.5e-17
 -------------------------------------------------------------------------
           56Ni      0.68      0.28   2.1e-06     7e-07   7.8e-08   3.4e-08   1.9e-08   3.4e-08   1.9e-08   1.9e-08   1.9e-08   1.9e-08   1.9e-08
           57Ni     0.034    0.0052   2.7e-05   1.3e-06   4.7e-08   1.7e-08   1.4e-09   1.7e-08   1.4e-09   1.4e-09   1.4e-09   1.4e-09   1.4e-09
           44Ti   0.00033   2.4e-05   5.4e-07   2.2e-10   4.7e-12   5.9e-13   6.9e-14   5.9e-13   6.9e-14   6.9e-14   6.9e-14   6.9e-14   6.9e-14
 -------------------------------------------------------------------------
              2      0.18   9.5e-06   6.1e-06     5e-06     0.048      0.81      0.99      0.81      0.99      0.99      0.99      0.99      0.99
              6   7.4e-07   4.8e-06    0.0025     0.019       0.4      0.15   0.00036      0.15   0.00036   0.00036   0.00036   0.00036   0.00036
              7   7.1e-07   1.1e-07   5.4e-06   3.1e-05   2.3e-05   0.00013    0.0086   0.00013    0.0086    0.0086    0.0086    0.0086    0.0086
              8   1.5e-05   0.00013      0.58      0.51      0.51      0.02   0.00063      0.02   0.00063   0.00063   0.00063   0.00063   0.00063
             10   1.8e-05   2.4e-06    0.0057      0.34     0.034     0.014    0.0013     0.014    0.0013    0.0013    0.0013    0.0013    0.0013
             11   4.3e-07   7.9e-07   5.7e-05    0.0079   0.00018   0.00015   0.00015   0.00015   0.00015   0.00015   0.00015   0.00015   0.00015
             12   2.2e-05   0.00015     0.035       0.1    0.0079   0.00097   0.00073   0.00097   0.00073   0.00073   0.00073   0.00073   0.00073
             14   0.00021      0.39      0.29     0.011   0.00095   0.00084   0.00082   0.00084   0.00082   0.00082   0.00082   0.00082   0.00082
             16   0.00013      0.19     0.061   0.00049    0.0003   0.00041   0.00042   0.00041   0.00042   0.00042   0.00042   0.00042   0.00042
             18   0.00013     0.031     0.008     9e-05   8.5e-05    0.0001   0.00011    0.0001   0.00011   0.00011   0.00011   0.00011   0.00011
             19   0.00012   5.7e-05   0.00018   8.6e-06   4.4e-06   5.4e-06   4.5e-06   5.4e-06   4.5e-06   4.5e-06   4.5e-06   4.5e-06   4.5e-06
             20    0.0019     0.027     0.002   4.7e-05   4.1e-05     7e-05   7.3e-05     7e-05   7.3e-05   7.3e-05   7.3e-05   7.3e-05   7.3e-05
             21   1.4e-05   9.3e-08   6.9e-07   4.6e-07   2.1e-07   7.8e-08     6e-08   7.8e-08     6e-08     6e-08     6e-08     6e-08     6e-08
             22   8.3e-07   7.1e-06     4e-05   4.5e-06   4.3e-06   3.4e-06   3.4e-06   3.4e-06   3.4e-06   3.4e-06   3.4e-06   3.4e-06   3.4e-06
             24   0.00097    0.0013   0.00023   1.7e-05   1.8e-05     2e-05     2e-05     2e-05     2e-05     2e-05     2e-05     2e-05     2e-05
             26    0.0015     0.071    0.0033    0.0011    0.0012    0.0014    0.0014    0.0014    0.0014    0.0014    0.0014    0.0014    0.0014
             27   0.00083    0.0057   0.00015   9.9e-05   7.8e-05   9.6e-06   4.8e-06   9.6e-06   4.8e-06   4.8e-06   4.8e-06   4.8e-06   4.8e-06
             28     0.055    0.0077   0.00041   0.00025   0.00023   7.7e-05   8.1e-05   7.7e-05   8.1e-05   8.1e-05   8.1e-05   8.1e-05   8.1e-05
