                    Fe/He      Si/S    O/Si/S   O/Ne/Mg       O/C He/C_core  He/C_env  He/N_env  He/N_env  He/N_env  He/N_env  He/N_env
           Mass      0.13     0.046      0.17      0.37      0.23     0.029      0.18      0.26       0.2      0.13     0.082     0.054
           V_in         0   3.3e+03   3.7e+03   4.4e+03   5.3e+03   6.1e+03   6.2e+03   7.1e+03   8.5e+03     1e+04   1.2e+04   1.5e+04
          V_out   3.3e+03   3.7e+03   4.4e+03   5.3e+03   6.1e+03   6.2e+03   7.1e+03   8.5e+03     1e+04   1.2e+04   1.5e+04   1.9e+04
             ff       0.8     0.029     0.037     0.079     0.048    0.0061         1         1         1         1         1         1
       rho_100d   2.1e-15   2.6e-15   3.7e-15   4.5e-15   1.9e-15   1.7e-15   1.1e-15   7.4e-16   3.3e-16   1.2e-16   4.5e-17     1e-17
 -------------------------------------------------------------------------
           56Ni      0.69      0.26   2.1e-06     5e-07   5.7e-08   9.5e-09   9.5e-09   2.7e-08   2.7e-08   2.7e-08   2.7e-08   2.7e-08
           57Ni     0.032    0.0039   2.5e-05   1.7e-06     3e-08   7.6e-09   7.6e-09   2.3e-09   2.3e-09   2.3e-09   2.3e-09   2.3e-09
           44Ti   0.00033   2.6e-05   9.3e-07   3.6e-10     3e-12   2.2e-13   2.2e-13   1.1e-13   1.1e-13   1.1e-13   1.1e-13   1.1e-13
 -------------------------------------------------------------------------
              2      0.19   7.5e-06   4.9e-06   3.7e-06     0.055      0.83      0.83      0.99      0.99      0.99      0.99      0.99
              6   1.1e-06   4.2e-06    0.0025     0.021      0.41      0.12      0.12   0.00035   0.00035   0.00035   0.00035   0.00035
              7   7.1e-07   7.8e-08   5.2e-06   2.5e-05   1.8e-05   0.00012   0.00012    0.0086    0.0086    0.0086    0.0086    0.0086
              8   1.6e-05   7.3e-05      0.64      0.53      0.48     0.027     0.027   0.00064   0.00064   0.00064   0.00064   0.00064
             10   1.9e-05   1.3e-06    0.0053      0.32     0.048     0.015     0.015    0.0013    0.0013    0.0013    0.0013    0.0013
             11   4.4e-07     6e-07   5.3e-05    0.0065   0.00017   0.00015   0.00015   0.00015   0.00015   0.00015   0.00015   0.00015
             12   2.6e-05   0.00011     0.037       0.1     0.013    0.0017    0.0017   0.00073   0.00073   0.00073   0.00073   0.00073
             14   0.00021      0.37      0.25     0.013    0.0011   0.00086   0.00086   0.00082   0.00082   0.00082   0.00082   0.00082
             16   0.00014      0.21     0.049   0.00057   0.00028   0.00039   0.00039   0.00042   0.00042   0.00042   0.00042   0.00042
             18   0.00013     0.039    0.0063   9.1e-05   8.1e-05   9.8e-05   9.8e-05   0.00011   0.00011   0.00011   0.00011   0.00011
             19   0.00011   2.5e-05   0.00012   9.2e-06   4.9e-06   5.1e-06   5.1e-06   4.5e-06   4.5e-06   4.5e-06   4.5e-06   4.5e-06
             20    0.0019     0.036    0.0024   4.6e-05   3.5e-05   6.3e-05   6.3e-05   7.3e-05   7.3e-05   7.3e-05   7.3e-05   7.3e-05
             21   1.5e-05   3.6e-08   6.3e-07   5.2e-07   2.2e-07   7.7e-08   7.7e-08     6e-08     6e-08     6e-08     6e-08     6e-08
             22   7.1e-07   2.4e-06   2.6e-05   4.5e-06   4.2e-06   3.5e-06   3.5e-06   3.4e-06   3.4e-06   3.4e-06   3.4e-06   3.4e-06
             24     0.001    0.0011   0.00015   1.7e-05   1.8e-05     2e-05     2e-05     2e-05     2e-05     2e-05     2e-05     2e-05
             26    0.0017     0.058    0.0033    0.0011    0.0013    0.0014    0.0014    0.0014    0.0014    0.0014    0.0014    0.0014
             27   0.00071    0.0051   0.00015    0.0001   7.1e-05   1.2e-05   1.2e-05   4.7e-06   4.7e-06   4.7e-06   4.7e-06   4.7e-06
             28     0.045    0.0047   0.00046   0.00026    0.0002   7.5e-05   7.5e-05   8.2e-05   8.2e-05   8.2e-05   8.2e-05   8.2e-05
