                    Fe/He      Si/S    O/Si/S   O/Ne/Mg       O/C He/C_core  He/C_env  He/N_env  He/N_env  He/N_env  He/N_env
           Mass      0.15     0.034      0.17      0.64      0.22     0.026      0.23      0.28       0.2      0.14      0.11
           V_in         0   3.4e+03   3.6e+03   4.4e+03   6.1e+03   6.9e+03     7e+03     8e+03   9.6e+03   1.2e+04   1.4e+04
          V_out   3.4e+03   3.6e+03   4.4e+03   6.1e+03   6.9e+03     7e+03     8e+03   9.6e+03   1.2e+04   1.4e+04     2e+04
             ff       0.8     0.018     0.029      0.11     0.038    0.0045         1         1         1         1         1
       rho_100d   2.3e-15   2.7e-15   3.1e-15   3.5e-15   1.6e-15   1.3e-15   9.7e-16   5.4e-16   2.3e-16   9.1e-17   1.6e-17
 -------------------------------------------------------------------------
           56Ni      0.68      0.22   3.3e-06   3.1e-07     2e-08   1.1e-08   1.1e-08   4.1e-08   4.1e-08   4.1e-08   4.1e-08
           57Ni     0.032    0.0034   2.5e-05   9.5e-07   1.6e-08   1.1e-08   1.1e-08   2.6e-09   2.6e-09   2.6e-09   2.6e-09
           44Ti   0.00036   3.1e-05   1.4e-06   2.4e-10   1.5e-12   3.9e-13   3.9e-13   1.2e-13   1.2e-13   1.2e-13   1.2e-13
 -------------------------------------------------------------------------
              2      0.21   6.3e-06   4.8e-06   2.6e-06     0.058       0.7       0.7      0.99      0.99      0.99      0.99
              6   1.1e-06   1.8e-06    0.0029      0.02      0.41       0.2       0.2   0.00033   0.00033   0.00033   0.00033
              7     8e-07   3.8e-08   5.1e-06   1.9e-05   1.3e-05   0.00015   0.00015    0.0086    0.0086    0.0086    0.0086
              8   1.6e-05   1.4e-05      0.65      0.55       0.5     0.084     0.084   0.00062   0.00062   0.00062   0.00062
             10   1.8e-05     9e-07    0.0047      0.31     0.025     0.014     0.014    0.0012    0.0012    0.0012    0.0012
             11   5.4e-07   5.9e-07   4.9e-05    0.0064   0.00018   0.00015   0.00015   0.00015   0.00015   0.00015   0.00015
             12   2.2e-05   9.6e-05     0.031     0.091    0.0054   0.00095   0.00095   0.00073   0.00073   0.00073   0.00073
             14   0.00019       0.4      0.23    0.0096   0.00091   0.00083   0.00083   0.00082   0.00082   0.00082   0.00082
             16   0.00014      0.23     0.052   0.00045   0.00032   0.00041   0.00041   0.00042   0.00042   0.00042   0.00042
             18   0.00014     0.044    0.0071   8.8e-05   8.9e-05    0.0001    0.0001   0.00011   0.00011   0.00011   0.00011
             19   8.7e-05   2.3e-05   0.00013   8.8e-06   4.7e-06   5.4e-06   5.4e-06   4.4e-06   4.4e-06   4.4e-06   4.4e-06
             20     0.002     0.041    0.0032   4.3e-05   4.8e-05     7e-05     7e-05   7.3e-05   7.3e-05   7.3e-05   7.3e-05
             21   1.5e-05   3.2e-08   6.4e-07   4.4e-07   2.2e-07   8.1e-08   8.1e-08     6e-08     6e-08     6e-08     6e-08
             22   1.1e-06   2.2e-06   2.8e-05   4.7e-06   4.2e-06   3.4e-06   3.4e-06   3.4e-06   3.4e-06   3.4e-06   3.4e-06
             24    0.0011    0.0012   0.00015   1.7e-05   1.8e-05     2e-05     2e-05     2e-05     2e-05     2e-05     2e-05
             26     0.002     0.055    0.0036    0.0011    0.0012    0.0014    0.0014    0.0014    0.0014    0.0014    0.0014
             27    0.0006    0.0048   0.00016   0.00012   9.5e-05   9.4e-06   9.4e-06   4.6e-06   4.6e-06   4.6e-06   4.6e-06
             28     0.032     0.004   0.00056   0.00031   0.00018   7.7e-05   7.7e-05   8.2e-05   8.2e-05   8.2e-05   8.2e-05
