3398.0	2.310657e-17
3401.0480160713196	2.3141782e-16
3404.096032142639	5.2692257e-18
3407.1440482139587	5.959212e-17
3410.1920642852783	3.2744475e-16
3413.240080356598	4.2771874e-16
3416.2880964279175	3.1477433e-16
3419.336112499237	2.6635324e-16
3422.3841285705566	4.113121e-16
3425.432144641876	2.070655e-17
3428.480160713196	1.8663715e-16
3431.5281767845154	2.2005818e-16
3434.576192855835	2.8777351e-16
3437.6242089271545	3.967534e-16
3440.672224998474	2.907869e-16
3443.7202410697937	2.4025428e-16
3446.7682571411133	2.172831e-16
3449.816273212433	1.7597075e-17
3452.8642892837524	2.6646105e-16
3455.912305355072	4.4228148e-16
3458.9603214263916	4.039354e-17
3462.008337497711	3.3792128e-16
3465.0563535690308	4.759015e-16
3468.1043696403503	5.9489195e-17
3471.15238571167	3.6204414e-16
3474.2004017829895	2.6164054e-16
3477.248417854309	2.8517437e-16
3480.2964339256287	1.4457389e-16
3483.3444499969482	2.637794e-16
3486.392466068268	2.9419283e-16
3489.4404821395874	1.8606926e-16
3492.488498210907	3.8893355e-16
3495.5365142822266	1.7663362e-16
3498.584530353546	1.779639e-16
3501.6325464248657	2.5349184e-16
3504.6805624961853	3.3312075e-16
3507.728578567505	2.2704565e-16
3510.7765946388245	1.4808477e-16
3513.824610710144	2.733636e-16
3516.8726267814636	8.2222084e-17
3519.920642852783	1.9857993e-16
3522.968658924103	1.3110729e-16
3526.0166749954224	2.5814983e-16
3529.064691066742	2.3554184e-16
3532.1127071380615	1.7730743e-16
3535.160723209381	1.8649543e-16
3538.2087392807007	1.7151836e-16
3541.2567553520203	4.9793073e-17
3544.30477142334	2.2207642e-16
3547.3527874946594	1.763944e-16
3550.400803565979	1.6596855e-16
3553.4488196372986	1.3512027e-16
3556.496835708618	2.532813e-16
3559.5448517799377	1.69907e-16
3562.5928678512573	2.1861718e-16
3565.640883922577	2.4594973e-16
3568.6888999938965	2.3641555e-16
3571.736916065216	2.0262808e-16
3574.7849321365356	1.2766494e-16
3577.832948207855	1.1019515e-16
3580.880964279175	2.0847135e-16
3583.9289803504944	1.6670523e-16
3586.976996421814	1.7596231e-16
3590.0250124931335	1.5745077e-16
3593.073028564453	1.5442046e-16
3596.1210446357727	1.559828e-16
3599.1690607070923	9.822624e-17
3602.217076778412	1.8267675e-16
3605.2650928497314	2.2659563e-16
3608.313108921051	1.3768584e-16
3611.3611249923706	2.1914749e-16
3614.40914106369	1.978273e-16
3617.4571571350098	2.359406e-16
3620.5051732063293	1.5646463e-16
3623.553189277649	1.9760598e-16
3626.6012053489685	1.7321657e-16
3629.649221420288	1.9555618e-16
3632.6972374916077	1.483409e-16
3635.7452535629272	1.8996722e-16
3638.793269634247	2.6879627e-16
3641.8412857055664	2.0444599e-16
3644.889301776886	2.1732196e-16
3647.9373178482056	2.1474133e-16
3650.985333919525	1.8253095e-16
3654.0333499908447	1.9777833e-16
3657.0813660621643	2.1353151e-16
3660.129382133484	2.3118788e-16
3663.1773982048035	2.1118527e-16
3666.225414276123	1.9897153e-16
3669.2734303474426	2.331348e-16
3672.321446418762	1.8429063e-16
3675.369462490082	1.7530088e-16
3678.4174785614014	2.5931945e-16
3681.465494632721	2.3414082e-16
3684.5135107040405	1.727578e-16
3687.56152677536	2.4108982e-16
3690.6095428466797	2.557062e-16
3693.6575589179993	2.0623251e-16
3696.705574989319	2.1350295e-16
3699.7535910606384	2.5883831e-16
3702.801607131958	2.225946e-16
3705.8496232032776	1.5643706e-16
3708.897639274597	2.1866028e-16
3711.9456553459167	2.0855113e-16
3714.9936714172363	2.311298e-16
3718.041687488556	2.196183e-16
3721.0897035598755	2.5178097e-16
3724.137719631195	2.36983e-16
3727.1857357025146	2.4423647e-16
3730.2337517738342	2.371081e-16
3733.281767845154	2.2153144e-16
3736.3297839164734	1.816629e-16
3739.377799987793	2.1278945e-16
3742.4258160591125	2.1312649e-16
3745.473832130432	1.9062817e-16
3748.5218482017517	2.0122121e-16
3751.5698642730713	1.699413e-16
3754.617880344391	1.9100613e-16
3757.6658964157104	1.6675599e-16
3760.71391248703	1.6901248e-16
3763.7619285583496	1.7192729e-16
3766.809944629669	1.7198005e-16
3769.8579607009888	1.3668207e-16
3772.9059767723083	1.2033756e-16
3775.953992843628	1.3895789e-16
3779.0020089149475	1.2321325e-16
3782.050024986267	1.1855191e-16
3785.0980410575867	1.3055548e-16
3788.1460571289062	1.2705413e-16
3791.194073200226	1.1689646e-16
3794.2420892715454	9.650459e-17
3797.290105342865	1.0775085e-16
3800.3381214141846	1.0856767e-16
3803.386137485504	9.3925425e-17
3806.4341535568237	1.1505684e-16
3809.4821696281433	8.291721e-17
3812.530185699463	8.792688e-17
3815.5782017707825	8.3575967e-17
3818.626217842102	1.0106675e-16
3821.6742339134216	9.651873e-17
3824.722249984741	9.1373514e-17
3827.770266056061	9.843585e-17
3830.8182821273804	1.0868212e-16
3833.8662981987	9.7733414e-17
3836.9143142700195	1.1608564e-16
3839.962330341339	1.0915897e-16
3843.0103464126587	1.1348978e-16
3846.0583624839783	1.1078016e-16
3849.106378555298	9.5962474e-17
3852.1543946266174	1.02990716e-16
3855.202410697937	1.0891739e-16
3858.2504267692566	1.1134803e-16
3861.298442840576	1.2004073e-16
3864.3464589118958	1.1380592e-16
3867.3944749832153	1.3063438e-16
3870.442491054535	1.2267709e-16
3873.4905071258545	1.2825482e-16
3876.538523197174	1.3325537e-16
3879.5865392684937	1.2620647e-16
3882.6345553398132	1.388911e-16
3885.682571411133	1.3942807e-16
3888.7305874824524	1.3279753e-16
3891.778603553772	1.3587367e-16
3894.8266196250916	1.5044707e-16
3897.874635696411	1.5073465e-16
3900.9226517677307	1.7061761e-16
3903.9706678390503	1.6859553e-16
3907.01868391037	1.7697242e-16
3910.0666999816895	2.1308441e-16
3913.114716053009	2.1207762e-16
3916.1627321243286	2.2574325e-16
3919.210748195648	2.103731e-16
3922.258764266968	2.235809e-16
3925.3067803382874	2.5236336e-16
3928.354796409607	2.440115e-16
3931.4028124809265	2.4470636e-16
3934.450828552246	2.3816428e-16
3937.4988446235657	2.2971028e-16
3940.5468606948853	2.6139508e-16
3943.594876766205	2.5327537e-16
3946.6428928375244	2.6043756e-16
3949.690908908844	2.7230023e-16
3952.7389249801636	2.4865907e-16
3955.786941051483	2.56013e-16
3958.8349571228027	2.5438382e-16
3961.8829731941223	2.5404186e-16
3964.930989265442	2.536815e-16
3967.9790053367615	2.889007e-16
3971.027021408081	2.6420728e-16
3974.0750374794006	2.885719e-16
3977.12305355072	2.815018e-16
3980.17106962204	2.8826636e-16
3983.2190856933594	3.0273016e-16
3986.267101764679	3.1591952e-16
3989.3151178359985	3.1311097e-16
3992.363133907318	3.1396094e-16
3995.4111499786377	3.3077452e-16
3998.4591660499573	3.6128832e-16
4001.507182121277	3.3995752e-16
4004.5551981925964	3.3845488e-16
4007.603214263916	3.659216e-16
4010.6512303352356	3.6525646e-16
4013.699246406555	3.6128846e-16
4016.7472624778748	3.6614926e-16
4019.7952785491943	3.5664373e-16
4022.843294620514	3.9099327e-16
4025.8913106918335	3.9136774e-16
4028.939326763153	3.751448e-16
4031.9873428344727	3.8241814e-16
4035.0353589057922	3.7739013e-16
4038.083374977112	4.217131e-16
4041.1313910484314	3.980827e-16
4044.179407119751	3.857122e-16
4047.2274231910706	4.0443788e-16
4050.27543926239	3.907153e-16
4053.3234553337097	4.1033736e-16
4056.3714714050293	3.8592322e-16
4059.419487476349	3.7690952e-16
4062.4675035476685	3.7656726e-16
4065.515519618988	3.8672875e-16
4068.5635356903076	3.7992474e-16
4071.611551761627	3.9737958e-16
4074.659567832947	3.831884e-16
4077.7075839042664	3.867792e-16
4080.755599975586	3.8766212e-16
4083.8036160469055	3.8838928e-16
4086.851632118225	3.9291513e-16
4089.8996481895447	3.8669563e-16
4092.9476642608643	3.7652642e-16
4095.995680332184	3.714146e-16
4099.043696403503	3.7851957e-16
4102.091712474823	3.6749634e-16
4105.139728546143	3.6217022e-16
4108.187744617462	3.638937e-16
4111.235760688782	3.5019137e-16
4114.283776760101	3.638792e-16
4117.331792831421	3.6264223e-16
4120.3798089027405	3.6340906e-16
4123.42782497406	3.8557355e-16
4126.47584104538	3.7627342e-16
4129.523857116699	3.9002717e-16
4132.571873188019	3.6370777e-16
4135.619889259338	3.6936428e-16
4138.667905330658	3.6835732e-16
4141.7159214019775	3.6154908e-16
4144.763937473297	3.7373344e-16
4147.811953544617	3.7488042e-16
4150.859969615936	3.501376e-16
4153.907985687256	3.7048e-16
4156.956001758575	3.6817862e-16
4160.004017829895	3.5355478e-16
4163.052033901215	3.6380362e-16
4166.100049972534	3.667468e-16
4169.148066043854	3.6522793e-16
4172.196082115173	3.6620318e-16
4175.244098186493	3.4556353e-16
4178.2921142578125	3.2553705e-16
4181.340130329132	3.3778372e-16
4184.388146400452	3.3263455e-16
4187.436162471771	3.422541e-16
4190.484178543091	3.4902202e-16
4193.53219461441	3.3646473e-16
4196.58021068573	3.292459e-16
4199.62822675705	3.2789492e-16
4202.676242828369	3.1202415e-16
4205.724258899689	3.1190183e-16
4208.772274971008	3.2045528e-16
4211.820291042328	3.0954565e-16
4214.8683071136475	3.1699538e-16
4217.916323184967	3.0315015e-16
4220.964339256287	3.118469e-16
4224.012355327606	3.0972498e-16
4227.060371398926	2.9913792e-16
4230.108387470245	3.0869772e-16
4233.156403541565	3.1130398e-16
4236.2044196128845	3.129226e-16
4239.252435684204	3.1333427e-16
4242.300451755524	3.2246984e-16
4245.348467826843	3.257334e-16
4248.396483898163	3.1345802e-16
4251.444499969482	3.3301466e-16
4254.492516040802	3.3876498e-16
4257.540532112122	3.345193e-16
4260.588548183441	3.301665e-16
4263.636564254761	3.3551766e-16
4266.68458032608	3.4905267e-16
4269.7325963974	3.4270717e-16
4272.7806124687195	3.335142e-16
4275.828628540039	3.4797254e-16
4278.876644611359	3.449089e-16
4281.924660682678	3.4920005e-16
4284.972676753998	3.3809235e-16
4288.020692825317	3.3384575e-16
4291.068708896637	3.397373e-16
4294.1167249679565	3.531116e-16
4297.164741039276	3.5282377e-16
4300.212757110596	3.451094e-16
4303.260773181915	3.5709594e-16
4306.308789253235	3.47647e-16
4309.356805324554	3.324011e-16
4312.404821395874	3.2177974e-16
4315.452837467194	3.2152767e-16
4318.500853538513	3.3541803e-16
4321.548869609833	3.2673052e-16
4324.596885681152	3.0767434e-16
4327.644901752472	3.093038e-16
4330.6929178237915	3.2302123e-16
4333.740933895111	3.0503888e-16
4336.788949966431	3.144771e-16
4339.83696603775	2.9997674e-16
4342.88498210907	3.0234193e-16
4345.932998180389	3.2085132e-16
4348.981014251709	3.2336962e-16
4352.029030323029	3.1206473e-16
4355.077046394348	3.1220232e-16
4358.125062465668	3.2237783e-16
4361.173078536987	3.316323e-16
4364.221094608307	3.2127682e-16
4367.2691106796265	3.1452432e-16
4370.317126750946	3.1690488e-16
4373.365142822266	3.0433576e-16
4376.413158893585	2.9148047e-16
4379.461174964905	2.8647125e-16
4382.509191036224	2.791104e-16
4385.557207107544	2.8764172e-16
4388.6052231788635	2.8609398e-16
4391.653239250183	2.7818995e-16
4394.701255321503	2.8864072e-16
4397.749271392822	2.7560777e-16
4400.797287464142	2.8123156e-16
4403.845303535461	2.867813e-16
4406.893319606781	3.0606482e-16
4409.941335678101	2.9448638e-16
4412.98935174942	3.101402e-16
4416.03736782074	2.870637e-16
4419.085383892059	2.9489526e-16
4422.133399963379	3.0764575e-16
4425.1814160346985	2.9851527e-16
4428.229432106018	3.034971e-16
4431.277448177338	2.99142e-16
4434.325464248657	3.1015218e-16
4437.373480319977	3.2362418e-16
4440.421496391296	3.1200964e-16
4443.469512462616	3.2002633e-16
4446.517528533936	3.177475e-16
4449.565544605255	3.2053071e-16
4452.613560676575	3.152228e-16
4455.661576747894	3.254275e-16
4458.709592819214	3.2491864e-16
4461.757608890533	3.1946427e-16
4464.805624961853	3.235087e-16
4467.853641033173	3.3546928e-16
4470.901657104492	3.3286997e-16
4473.949673175812	3.3063857e-16
4476.997689247131	3.4075302e-16
4480.045705318451	3.4353512e-16
4483.0937213897705	3.1916575e-16
4486.14173746109	3.3154053e-16
4489.18975353241	3.5512534e-16
4492.237769603729	3.49535e-16
4495.285785675049	3.6109364e-16
4498.333801746368	3.6041088e-16
4501.381817817688	3.836361e-16
4504.429833889008	3.777965e-16
4507.477849960327	4.0302235e-16
4510.525866031647	3.8413413e-16
4513.573882102966	3.8471194e-16
4516.621898174286	3.98264e-16
4519.6699142456055	4.1076725e-16
4522.717930316925	4.1289765e-16
4525.765946388245	4.137541e-16
4528.813962459564	4.2281738e-16
4531.861978530884	4.2700678e-16
4534.909994602203	4.214796e-16
4537.958010673523	4.2794855e-16
4541.0060267448425	4.3542359e-16
4544.054042816162	4.3913634e-16
4547.102058887482	4.438756e-16
4550.150074958801	4.3802893e-16
4553.198091030121	4.5290566e-16
4556.24610710144	4.605634e-16
4559.29412317276	4.5267315e-16
4562.34213924408	4.679546e-16
4565.390155315399	4.701389e-16
4568.438171386719	4.7411065e-16
4571.486187458038	4.835653e-16
4574.534203529358	4.797506e-16
4577.5822196006775	4.8109274e-16
4580.630235671997	4.8862816e-16
4583.678251743317	4.88456e-16
4586.726267814636	4.9376325e-16
4589.774283885956	5.0880046e-16
4592.822299957275	5.162942e-16
4595.870316028595	5.1718e-16
4598.918332099915	5.27011e-16
4601.966348171234	5.0692884e-16
4605.014364242554	5.2999413e-16
4608.062380313873	5.236644e-16
4611.110396385193	5.386297e-16
4614.158412456512	5.4289184e-16
4617.206428527832	5.546856e-16
4620.254444599152	5.4013973e-16
4623.302460670471	5.2483204e-16
4626.350476741791	5.1503616e-16
4629.39849281311	5.006994e-16
4632.44650888443	5.162485e-16
4635.4945249557495	5.150213e-16
4638.542541027069	4.963656e-16
4641.590557098389	4.994809e-16
4644.638573169708	4.924964e-16
4647.686589241028	4.9969735e-16
4650.734605312347	4.911068e-16
4653.782621383667	4.936097e-16
4656.830637454987	4.795267e-16
4659.878653526306	4.7551747e-16
4662.926669597626	4.81585e-16
4665.974685668945	4.741483e-16
4669.022701740265	4.658673e-16
4672.0707178115845	4.6392524e-16
4675.118733882904	4.6940157e-16
4678.166749954224	4.6364143e-16
4681.214766025543	4.4353263e-16
4684.262782096863	4.5163336e-16
4687.310798168182	4.1878103e-16
4690.358814239502	4.135682e-16
4693.4068303108215	3.9460345e-16
4696.454846382141	3.7814632e-16
4699.502862453461	3.796229e-16
4702.55087852478	3.7634084e-16
4705.5988945961	3.6668189e-16
4708.646910667419	3.6715117e-16
4711.694926738739	3.716105e-16
4714.742942810059	3.6713555e-16
4717.790958881378	3.6978306e-16
4720.838974952698	3.7751954e-16
4723.886991024017	3.7340955e-16
4726.935007095337	3.93148e-16
4729.9830231666565	4.0912125e-16
4733.031039237976	4.0357745e-16
4736.079055309296	4.124262e-16
4739.127071380615	4.3585248e-16
4742.175087451935	4.414004e-16
4745.223103523254	4.3472155e-16
4748.271119594574	4.3628896e-16
4751.319135665894	4.4589747e-16
4754.367151737213	4.586938e-16
4757.415167808533	4.649539e-16
4760.463183879852	4.740037e-16
4763.511199951172	4.7241293e-16
4766.5592160224915	4.8713087e-16
4769.607232093811	4.989859e-16
4772.655248165131	4.97408e-16
4775.70326423645	4.8383094e-16
4778.75128030777	4.873387e-16
4781.799296379089	4.790998e-16
4784.847312450409	4.704062e-16
4787.8953285217285	4.7768847e-16
4790.943344593048	4.5860545e-16
4793.991360664368	4.702206e-16
4797.039376735687	4.5952395e-16
4800.087392807007	4.550842e-16
4803.135408878326	4.533242e-16
4806.183424949646	4.686028e-16
4809.231441020966	4.609865e-16
4812.279457092285	4.588732e-16
4815.327473163605	4.6329166e-16
4818.375489234924	4.6492617e-16
4821.423505306244	4.695889e-16
4824.4715213775635	4.6293876e-16
4827.519537448883	4.497696e-16
4830.567553520203	4.443526e-16
4833.615569591522	4.4401904e-16
4836.663585662842	4.444693e-16
4839.711601734161	4.6103924e-16
4842.759617805481	4.5872065e-16
4845.8076338768005	4.6397876e-16
4848.85564994812	4.771305e-16
4851.90366601944	4.715413e-16
4854.951682090759	4.671803e-16
4857.999698162079	4.6982276e-16
4861.047714233398	4.481634e-16
4864.095730304718	4.363795e-16
4867.143746376038	4.191092e-16
4870.191762447357	4.1319575e-16
4873.239778518677	3.9293575e-16
4876.287794589996	3.809847e-16
4879.335810661316	3.6879174e-16
4882.3838267326355	3.5841225e-16
4885.431842803955	3.4901257e-16
4888.479858875275	3.4220872e-16
4891.527874946594	3.3506651e-16
4894.575891017914	3.1324522e-16
4897.623907089233	3.0435741e-16
4900.671923160553	2.982036e-16
4903.719939231873	3.068622e-16
4906.767955303192	2.9538318e-16
4909.815971374512	2.9516607e-16
4912.863987445831	2.9345748e-16
4915.912003517151	2.9080272e-16
4918.9600195884705	2.8988236e-16
4922.00803565979	2.9499548e-16
4925.05605173111	3.082329e-16
4928.104067802429	3.2470926e-16
4931.152083873749	3.3467717e-16
4934.200099945068	3.431286e-16
4937.248116016388	3.6852257e-16
4940.2961320877075	3.8134254e-16
4943.344148159027	3.9088752e-16
4946.392164230347	4.1064957e-16
4949.440180301666	4.3351692e-16
4952.488196372986	4.54475e-16
4955.536212444305	4.62718e-16
4958.584228515625	4.6714343e-16
4961.632244586945	4.940565e-16
4964.680260658264	5.015882e-16
4967.728276729584	4.9990715e-16
4970.776292800903	5.203062e-16
4973.824308872223	5.3538994e-16
4976.8723249435425	5.380281e-16
4979.920341014862	5.530966e-16
4982.968357086182	5.5180035e-16
4986.016373157501	5.4914215e-16
4989.064389228821	5.685171e-16
4992.11240530014	5.640566e-16
4995.16042137146	5.7686893e-16
4998.2084374427795	5.8378305e-16
5001.256453514099	5.8261515e-16
5004.304469585419	5.895991e-16
5007.352485656738	5.8651865e-16
5010.400501728058	6.001628e-16
5013.448517799377	6.103454e-16
5016.496533870697	6.0001257e-16
5019.544549942017	6.06522e-16
5022.592566013336	6.209889e-16
5025.640582084656	6.2237233e-16
5028.688598155975	5.969194e-16
5031.736614227295	6.0029834e-16
5034.7846302986145	6.255538e-16
5037.832646369934	6.0555757e-16
5040.880662441254	5.848655e-16
5043.928678512573	5.8366727e-16
5046.976694583893	5.7839613e-16
5050.024710655212	5.800949e-16
5053.072726726532	5.8494274e-16
5056.120742797852	5.732864e-16
5059.168758869171	5.6377354e-16
5062.216774940491	5.4609416e-16
5065.26479101181	5.439947e-16
5068.31280708313	5.4003004e-16
5071.3608231544495	5.398909e-16
5074.408839225769	5.3069123e-16
5077.456855297089	5.1423365e-16
5080.504871368408	5.056634e-16
5083.552887439728	4.9380226e-16
5086.600903511047	4.89483e-16
5089.648919582367	4.7994353e-16
5092.6969356536865	4.85084e-16
5095.744951725006	4.6163253e-16
5098.792967796326	4.6517784e-16
5101.840983867645	4.606155e-16
5104.888999938965	4.646351e-16
5107.937016010284	4.789315e-16
5110.985032081604	4.5947514e-16
5114.033048152924	4.6761587e-16
5117.081064224243	4.691592e-16
5120.129080295563	4.655853e-16
5123.177096366882	4.649506e-16
5126.225112438202	4.7088854e-16
5129.2731285095215	4.712508e-16
5132.321144580841	4.695111e-16
5135.369160652161	4.6463976e-16
5138.41717672348	4.5993344e-16
5141.4651927948	4.7068456e-16
5144.513208866119	4.604019e-16
5147.561224937439	4.6581735e-16
5150.6092410087585	4.5808463e-16
5153.657257080078	4.432161e-16
5156.705273151398	4.5481434e-16
5159.753289222717	4.6599496e-16
5162.801305294037	4.594237e-16
5165.849321365356	4.576033e-16
5168.897337436676	4.612272e-16
5171.945353507996	4.6733624e-16
5174.993369579315	4.752085e-16
5178.041385650635	4.6417236e-16
5181.089401721954	4.757085e-16
5184.137417793274	4.747886e-16
5187.1854338645935	4.6813674e-16
5190.233449935913	4.6612964e-16
5193.281466007233	4.6406325e-16
5196.329482078552	4.750182e-16
5199.377498149872	4.8978134e-16
5202.425514221191	4.9855687e-16
5205.473530292511	5.149935e-16
5208.521546363831	5.028104e-16
5211.56956243515	5.0392955e-16
5214.61757850647	5.119548e-16
5217.665594577789	5.1100423e-16
5220.713610649109	5.1480005e-16
5223.7616267204285	5.2237687e-16
5226.809642791748	5.251889e-16
5229.857658863068	5.251039e-16
5232.905674934387	5.1367985e-16
5235.953691005707	5.138601e-16
5239.001707077026	5.135443e-16
5242.049723148346	5.177333e-16
5245.0977392196655	5.239039e-16
5248.145755290985	5.2320203e-16
5251.193771362305	5.1764333e-16
5254.241787433624	5.1603306e-16
5257.289803504944	5.154645e-16
5260.337819576263	5.170491e-16
5263.385835647583	5.193807e-16
5266.433851718903	5.29518e-16
5269.481867790222	5.2933296e-16
5272.529883861542	5.352159e-16
5275.577899932861	5.423312e-16
5278.625916004181	5.347602e-16
5281.6739320755005	5.406509e-16
5284.72194814682	5.3997053e-16
5287.76996421814	5.488116e-16
5290.817980289459	5.347043e-16
5293.865996360779	5.3031293e-16
5296.914012432098	5.476049e-16
5299.962028503418	5.450675e-16
5303.010044574738	5.388153e-16
5306.058060646057	5.54423e-16
5309.106076717377	5.466021e-16
5312.154092788696	5.6237837e-16
5315.202108860016	5.5974923e-16
5318.250124931335	5.613919e-16
5321.298141002655	5.679522e-16
5324.346157073975	5.70279e-16
5327.394173145294	5.7116014e-16
5330.442189216614	5.721629e-16
5333.490205287933	5.741245e-16
5336.538221359253	5.7637437e-16
5339.5862374305725	5.845672e-16
5342.634253501892	5.84712e-16
5345.682269573212	5.814197e-16
5348.730285644531	5.925877e-16
5351.778301715851	5.98356e-16
5354.82631778717	5.942832e-16
5357.87433385849	5.909322e-16
5360.92234992981	5.9162996e-16
5363.970366001129	6.139857e-16
5367.018382072449	6.058464e-16
5370.066398143768	6.1377225e-16
5373.114414215088	6.0406186e-16
5376.1624302864075	5.964117e-16
5379.210446357727	6.0615864e-16
5382.258462429047	6.097874e-16
5385.306478500366	6.1335524e-16
5388.354494571686	6.1368077e-16
5391.402510643005	6.112488e-16
5394.450526714325	6.003947e-16
5397.4985427856445	5.9531244e-16
5400.546558856964	5.9960515e-16
5403.594574928284	5.953302e-16
5406.642590999603	5.8483914e-16
5409.690607070923	5.878107e-16
5412.738623142242	5.994366e-16
5415.786639213562	5.960489e-16
5418.834655284882	5.958869e-16
5421.882671356201	6.022944e-16
5424.930687427521	5.9752896e-16
5427.97870349884	6.0435436e-16
5431.02671957016	6.0821254e-16
5434.0747356414795	6.0086437e-16
5437.122751712799	6.189339e-16
5440.170767784119	6.195968e-16
5443.218783855438	6.129344e-16
5446.266799926758	6.197163e-16
5449.314815998077	6.232128e-16
5452.362832069397	6.250586e-16
5455.410848140717	6.3048246e-16
5458.458864212036	6.428801e-16
5461.506880283356	6.5545045e-16
5464.554896354675	6.5212495e-16
5467.602912425995	6.893832e-16
5470.650928497314	6.907624e-16
5473.698944568634	6.795647e-16
5476.746960639954	6.8756825e-16
5479.794976711273	6.9561766e-16
5482.842992782593	7.042337e-16
5485.891008853912	7.1360546e-16
5488.939024925232	6.981198e-16
5491.9870409965515	7.270001e-16
5495.035057067871	7.3545674e-16
5498.083073139191	7.3511364e-16
5501.13108921051	7.434416e-16
5504.17910528183	7.518293e-16
5507.227121353149	7.4597953e-16
5510.275137424469	7.3071484e-16
5513.323153495789	7.2332193e-16
5516.371169567108	7.158685e-16
5519.419185638428	7.298504e-16
5522.467201709747	7.214979e-16
5525.515217781067	7.183035e-16
5528.5632338523865	7.256386e-16
5531.611249923706	7.280221e-16
5534.659265995026	7.3722603e-16
5537.707282066345	7.447945e-16
5540.755298137665	7.252897e-16
5543.803314208984	7.2732787e-16
5546.851330280304	7.2883797e-16
5549.8993463516235	7.300621e-16
5552.947362422943	7.362901e-16
5555.995378494263	7.3856694e-16
5559.043394565582	7.2989014e-16
5562.091410636902	7.159746e-16
5565.139426708221	7.1856923e-16
5568.187442779541	7.1981294e-16
5571.235458850861	7.0614225e-16
5574.28347492218	6.9166963e-16
5577.3314909935	6.945109e-16
5580.379507064819	6.9423064e-16
5583.427523136139	6.884055e-16
5586.4755392074585	7.063628e-16
5589.523555278778	7.16241e-16
5592.571571350098	7.189124e-16
5595.619587421417	7.255747e-16
5598.667603492737	7.35659e-16
5601.715619564056	7.402817e-16
5604.763635635376	7.4839225e-16
5607.811651706696	7.6294116e-16
5610.859667778015	7.6035887e-16
5613.907683849335	7.5310716e-16
5616.955699920654	7.6333625e-16
5620.003715991974	7.50806e-16
5623.0517320632935	7.514847e-16
5626.099748134613	7.671587e-16
5629.147764205933	7.6484206e-16
5632.195780277252	7.629208e-16
5635.243796348572	7.7086324e-16
5638.291812419891	7.553989e-16
5641.339828491211	7.6726685e-16
5644.3878445625305	7.563543e-16
5647.43586063385	7.51222e-16
5650.48387670517	7.586452e-16
5653.531892776489	7.498554e-16
5656.579908847809	7.460857e-16
5659.627924919128	7.4195735e-16
5662.675940990448	7.394868e-16
5665.723957061768	7.2160547e-16
5668.771973133087	7.21769e-16
5671.819989204407	7.212248e-16
5674.868005275726	7.1646187e-16
5677.916021347046	7.1398255e-16
5680.9640374183655	6.856564e-16
5684.012053489685	6.674235e-16
5687.060069561005	6.6138667e-16
5690.108085632324	6.3796314e-16
5693.156101703644	6.320246e-16
5696.204117774963	6.1817703e-16
5699.252133846283	5.809589e-16
5702.3001499176025	5.622344e-16
5705.348165988922	5.448127e-16
5708.396182060242	5.324798e-16
5711.444198131561	5.0463354e-16
5714.492214202881	4.7854074e-16
5717.5402302742	4.7466424e-16
5720.58824634552	4.704318e-16
5723.63626241684	4.4682094e-16
5726.684278488159	4.2733548e-16
5729.732294559479	4.0753024e-16
5732.780310630798	3.9165395e-16
5735.828326702118	3.8826876e-16
5738.8763427734375	3.7056352e-16
5741.924358844757	3.587347e-16
5744.972374916077	3.518557e-16
5748.020390987396	3.342382e-16
5751.068407058716	3.2923586e-16
5754.116423130035	3.2838485e-16
5757.164439201355	3.2752718e-16
5760.212455272675	3.222711e-16
5763.260471343994	3.1909055e-16
5766.308487415314	3.2556932e-16
5769.356503486633	3.305592e-16
5772.404519557953	3.3445694e-16
5775.4525356292725	3.3824276e-16
5778.500551700592	3.6437052e-16
5781.548567771912	3.7587304e-16
5784.596583843231	3.7990963e-16
5787.644599914551	3.932055e-16
5790.69261598587	4.07137e-16
5793.74063205719	4.208274e-16
5796.7886481285095	4.4072858e-16
5799.836664199829	4.5920615e-16
5802.884680271149	4.7519184e-16
5805.932696342468	4.8844885e-16
5808.980712413788	5.1096527e-16
5812.028728485107	5.318065e-16
5815.076744556427	5.4497465e-16
5818.124760627747	5.5941645e-16
5821.172776699066	5.678827e-16
5824.220792770386	5.826983e-16
5827.268808841705	6.071792e-16
5830.316824913025	6.2082983e-16
5833.3648409843445	6.3970146e-16
5836.412857055664	6.5912816e-16
5839.460873126984	6.6796245e-16
5842.508889198303	6.915973e-16
5845.556905269623	7.0172826e-16
5848.604921340942	7.212483e-16
5851.652937412262	7.32912e-16
5854.7009534835815	7.3204187e-16
5857.748969554901	7.327308e-16
5860.796985626221	7.4622994e-16
5863.84500169754	7.570612e-16
5866.89301776886	7.553276e-16
5869.941033840179	7.6467477e-16
5872.989049911499	7.7841613e-16
5876.037065982819	7.8664347e-16
5879.085082054138	7.896744e-16
5882.133098125458	7.9637117e-16
5885.181114196777	8.156404e-16
5888.229130268097	8.1437183e-16
5891.2771463394165	8.080289e-16
5894.325162410736	8.000674e-16
5897.373178482056	8.2107843e-16
5900.421194553375	8.4063213e-16
5903.469210624695	8.2759164e-16
5906.517226696014	8.2123603e-16
5909.565242767334	8.3742145e-16
5912.613258838654	8.2379767e-16
5915.661274909973	8.165341e-16
5918.709290981293	8.2198687e-16
5921.757307052612	8.302819e-16
5924.805323123932	8.272633e-16
5927.8533391952515	8.190774e-16
5930.901355266571	8.1763926e-16
5933.949371337891	8.07468e-16
5936.99738740921	8.081304e-16
5940.04540348053	8.103589e-16
5943.093419551849	8.1075866e-16
5946.141435623169	8.130194e-16
5949.1894516944885	8.1474373e-16
5952.237467765808	8.0822814e-16
5955.285483837128	8.137306e-16
5958.333499908447	7.9715547e-16
5961.381515979767	7.9841304e-16
5964.429532051086	7.997242e-16
5967.477548122406	7.935862e-16
5970.525564193726	7.936962e-16
5973.573580265045	7.9544033e-16
5976.621596336365	8.007045e-16
5979.669612407684	7.883508e-16
5982.717628479004	7.802047e-16
5985.7656445503235	7.703503e-16
5988.813660621643	7.7380615e-16
5991.861676692963	7.7758853e-16
5994.909692764282	7.6468287e-16
5997.957708835602	7.6081913e-16
6001.005724906921	7.576665e-16
6004.053740978241	7.608991e-16
6007.101757049561	7.5232916e-16
6010.14977312088	7.4209435e-16
6013.1977891922	7.2918547e-16
6016.245805263519	7.1194766e-16
6019.293821334839	7.1372743e-16
6022.341837406158	7.0377405e-16
6025.389853477478	6.941075e-16
6028.437869548798	6.769206e-16
6031.485885620117	6.7939496e-16
6034.533901691437	6.821542e-16
6037.581917762756	6.628352e-16
6040.629933834076	6.537814e-16
6043.6779499053955	6.5324176e-16
6046.725965976715	6.533041e-16
6049.773982048035	6.417621e-16
6052.821998119354	6.2627557e-16
6055.870014190674	6.107221e-16
6058.918030261993	6.0243196e-16
6061.966046333313	6.007733e-16
6065.014062404633	5.911018e-16
6068.062078475952	5.825109e-16
6071.110094547272	5.836229e-16
6074.158110618591	5.842969e-16
6077.206126689911	5.736036e-16
6080.2541427612305	5.6719634e-16
6083.30215883255	5.7160547e-16
6086.35017490387	5.624439e-16
6089.398190975189	5.50051e-16
6092.446207046509	5.495011e-16
6095.494223117828	5.4564433e-16
6098.542239189148	5.376553e-16
6101.5902552604675	5.3423993e-16
6104.638271331787	5.290837e-16
6107.686287403107	5.1581157e-16
6110.734303474426	5.2331135e-16
6113.782319545746	5.2665856e-16
6116.830335617065	5.205118e-16
6119.878351688385	5.1634737e-16
6122.926367759705	5.1069813e-16
6125.974383831024	5.044303e-16
6129.022399902344	5.056111e-16
6132.070415973663	4.9434823e-16
6135.118432044983	4.941828e-16
6138.1664481163025	5.066091e-16
6141.214464187622	5.0388037e-16
6144.262480258942	5.0113153e-16
6147.310496330261	5.10485e-16
6150.358512401581	4.8893897e-16
6153.4065284729	5.1274054e-16
6156.45454454422	5.145103e-16
6159.50256061554	5.044586e-16
6162.550576686859	5.1085573e-16
6165.598592758179	5.191122e-16
6168.646608829498	5.171697e-16
6171.694624900818	5.087936e-16
6174.742640972137	5.10428e-16
6177.790657043457	5.1215524e-16
6180.838673114777	5.2028136e-16
6183.886689186096	5.1994366e-16
6186.934705257416	5.159307e-16
6189.982721328735	5.3007804e-16
6193.030737400055	5.2210094e-16
6196.0787534713745	5.273272e-16
6199.126769542694	5.3710814e-16
6202.174785614014	5.394504e-16
6205.222801685333	5.455763e-16
6208.270817756653	5.506677e-16
6211.318833827972	5.474832e-16
6214.366849899292	5.6467917e-16
6217.414865970612	5.635195e-16
6220.462882041931	5.574047e-16
6223.510898113251	5.6787423e-16
6226.55891418457	5.7091376e-16
6229.60693025589	5.5589565e-16
6232.6549463272095	5.5947474e-16
6235.702962398529	5.577927e-16
6238.750978469849	5.620027e-16
6241.798994541168	5.627221e-16
6244.847010612488	5.553032e-16
6247.895026683807	5.5429423e-16
6250.943042755127	5.52279e-16
6253.9910588264465	5.3261575e-16
6257.039074897766	5.4470794e-16
6260.087090969086	5.435489e-16
6263.135107040405	5.2717007e-16
6266.183123111725	5.138505e-16
6269.231139183044	5.0919227e-16
6272.279155254364	5.045038e-16
6275.327171325684	4.877196e-16
6278.375187397003	4.7421785e-16
6281.423203468323	4.527239e-16
6284.471219539642	4.4267893e-16
6287.519235610962	4.2284824e-16
6290.5672516822815	3.9824376e-16
6293.615267753601	3.9497234e-16
6296.663283824921	3.702566e-16
6299.71129989624	3.4955528e-16
6302.75931596756	3.3527766e-16
6305.807332038879	3.1646189e-16
6308.855348110199	2.9000103e-16
6311.903364181519	2.7121317e-16
6314.951380252838	2.6199372e-16
6317.999396324158	2.41448e-16
6321.047412395477	2.3020164e-16
6324.095428466797	2.2782502e-16
6327.1434445381165	2.2071423e-16
6330.191460609436	2.0578086e-16
6333.239476680756	1.9491152e-16
6336.287492752075	1.9391745e-16
6339.335508823395	1.8891737e-16
6342.383524894714	1.8048785e-16
6345.431540966034	1.8220118e-16
6348.4795570373535	1.8944356e-16
6351.527573108673	1.929787e-16
6354.575589179993	1.9873992e-16
6357.623605251312	2.1865879e-16
6360.671621322632	2.4626578e-16
6363.719637393951	2.6825515e-16
6366.767653465271	2.891387e-16
6369.815669536591	3.1831186e-16
6372.86368560791	3.55792e-16
6375.91170167923	3.8906518e-16
6378.959717750549	4.065848e-16
6382.007733821869	4.323697e-16
6385.0557498931885	4.6021756e-16
6388.103765964508	4.8931166e-16
6391.151782035828	5.1467077e-16
6394.199798107147	5.2444066e-16
6397.247814178467	5.304193e-16
6400.295830249786	5.565331e-16
6403.343846321106	5.690668e-16
6406.3918623924255	5.738688e-16
6409.439878463745	5.8288863e-16
6412.487894535065	5.9036974e-16
6415.535910606384	5.9627895e-16
6418.583926677704	6.1399565e-16
6421.631942749023	6.2594867e-16
6424.679958820343	6.168307e-16
6427.727974891663	6.2382526e-16
6430.775990962982	6.390612e-16
6433.824007034302	6.4118255e-16
6436.872023105621	6.4582054e-16
6439.920039176941	6.63074e-16
6442.9680552482605	6.5570165e-16
6446.01607131958	6.5247906e-16
6449.0640873909	6.441466e-16
6452.112103462219	6.470296e-16
6455.160119533539	6.620805e-16
6458.208135604858	6.539074e-16
6461.256151676178	6.536901e-16
6464.304167747498	6.65778e-16
6467.352183818817	6.6645315e-16
6470.400199890137	6.567355e-16
6473.448215961456	6.500906e-16
6476.496232032776	6.412682e-16
6479.5442481040955	6.285267e-16
6482.592264175415	6.3804154e-16
6485.640280246735	6.4316943e-16
6488.688296318054	6.29411e-16
6491.736312389374	6.1597014e-16
6494.784328460693	6.155949e-16
6497.832344532013	6.1540734e-16
6500.8803606033325	6.148526e-16
6503.928376674652	6.2765364e-16
6506.976392745972	6.1572207e-16
6510.024408817291	6.054331e-16
6513.072424888611	6.104161e-16
6516.12044095993	6.051704e-16
6519.16845703125	5.9705394e-16
6522.21647310257	5.987035e-16
6525.264489173889	5.800737e-16
6528.312505245209	5.65438e-16
6531.360521316528	5.6157506e-16
6534.408537387848	5.564521e-16
6537.4565534591675	5.5074786e-16
6540.504569530487	5.446607e-16
6543.552585601807	5.3881666e-16
6546.600601673126	5.360151e-16
6549.648617744446	5.286648e-16
6552.696633815765	5.2234357e-16
6555.744649887085	5.2648466e-16
6558.7926659584045	5.3476573e-16
6561.840682029724	5.3791976e-16
6564.888698101044	5.5931147e-16
6567.936714172363	5.646542e-16
6570.984730243683	5.7790136e-16
6574.032746315002	6.025017e-16
6577.080762386322	6.0691086e-16
6580.128778457642	6.166294e-16
6583.176794528961	6.1857164e-16
6586.224810600281	6.217796e-16
6589.2728266716	6.2819e-16
6592.32084274292	6.3675014e-16
6595.3688588142395	6.425952e-16
6598.416874885559	6.397936e-16
6601.464890956879	6.29507e-16
6604.512907028198	6.463716e-16
6607.560923099518	6.576207e-16
6610.608939170837	6.6641095e-16
6613.656955242157	6.7652214e-16
6616.704971313477	6.705252e-16
6619.752987384796	6.7258085e-16
6622.801003456116	6.9030925e-16
6625.849019527435	6.961824e-16
6628.897035598755	6.974875e-16
6631.9450516700745	7.0234977e-16
6634.993067741394	7.072143e-16
6638.041083812714	7.084034e-16
6641.089099884033	6.9778304e-16
6644.137115955353	7.02502e-16
6647.185132026672	7.101452e-16
6650.233148097992	7.0637206e-16
6653.2811641693115	7.096827e-16
6656.329180240631	7.203737e-16
6659.377196311951	7.1155776e-16
6662.42521238327	7.2810243e-16
6665.47322845459	7.322644e-16
6668.521244525909	7.2381935e-16
6671.569260597229	7.208468e-16
6674.617276668549	7.2660757e-16
6677.665292739868	7.3987677e-16
6680.713308811188	7.5176567e-16
6683.761324882507	7.3578777e-16
6686.809340953827	7.3378035e-16
6689.8573570251465	7.4195655e-16
6692.905373096466	7.410683e-16
6695.953389167786	7.427497e-16
6699.001405239105	7.502117e-16
6702.049421310425	7.454524e-16
6705.097437381744	7.3998625e-16
6708.145453453064	7.4087537e-16
6711.1934695243835	7.360843e-16
6714.241485595703	7.2575175e-16
6717.289501667023	7.225792e-16
6720.337517738342	7.206053e-16
6723.385533809662	6.9834664e-16
6726.433549880981	6.9988146e-16
6729.481565952301	7.0935145e-16
6732.529582023621	6.9864633e-16
6735.57759809494	6.926356e-16
6738.62561416626	6.9598797e-16
6741.673630237579	6.9203153e-16
6744.721646308899	6.831555e-16
6747.7696623802185	6.7032557e-16
6750.817678451538	6.6260116e-16
6753.865694522858	6.7294184e-16
6756.913710594177	6.7865026e-16
6759.961726665497	6.6770067e-16
6763.009742736816	6.606958e-16
6766.057758808136	6.644158e-16
6769.105774879456	6.643925e-16
6772.153790950775	6.5960155e-16
6775.201807022095	6.66401e-16
6778.249823093414	6.522876e-16
6781.297839164734	6.4462765e-16
6784.3458552360535	6.4119976e-16
6787.393871307373	6.4167283e-16
6790.441887378693	6.421325e-16
6793.489903450012	6.3215583e-16
6796.537919521332	6.3130694e-16
6799.585935592651	6.312665e-16
6802.633951663971	6.219691e-16
6805.6819677352905	6.227401e-16
6808.72998380661	6.349752e-16
6811.77799987793	6.2665064e-16
6814.826015949249	6.1443765e-16
6817.874032020569	6.1450795e-16
6820.922048091888	6.041168e-16
6823.970064163208	5.975857e-16
6827.018080234528	5.867187e-16
6830.066096305847	5.726873e-16
6833.114112377167	5.8313544e-16
6836.162128448486	5.628148e-16
6839.210144519806	5.588e-16
6842.2581605911255	5.4239723e-16
6845.306176662445	5.282092e-16
6848.354192733765	5.384668e-16
6851.402208805084	5.2870897e-16
6854.450224876404	5.066302e-16
6857.498240947723	5.006988e-16
6860.546257019043	5.0586443e-16
6863.594273090363	4.853843e-16
6866.642289161682	4.616619e-16
6869.690305233002	4.711893e-16
6872.738321304321	4.5291556e-16
6875.786337375641	4.375776e-16
6878.83435344696	4.3641284e-16
6881.88236951828	4.4006242e-16
6884.9303855896	4.3538354e-16
6887.978401660919	4.2425077e-16
6891.026417732239	4.240345e-16
6894.074433803558	4.097232e-16
6897.122449874878	4.0512315e-16
6900.1704659461975	4.0430675e-16
6903.218482017517	4.0197825e-16
6906.266498088837	3.9749022e-16
6909.314514160156	3.9334288e-16
6912.362530231476	3.8902844e-16
6915.410546302795	3.91403e-16
6918.458562374115	3.9375017e-16
6921.506578445435	3.921209e-16
6924.554594516754	3.8717402e-16
6927.602610588074	3.8112112e-16
6930.650626659393	3.8881655e-16
6933.698642730713	3.8503312e-16
6936.7466588020325	3.8232426e-16
6939.794674873352	4.0381827e-16
6942.842690944672	4.2054379e-16
6945.890707015991	4.168226e-16
6948.938723087311	4.4306946e-16
6951.98673915863	4.636377e-16
6955.03475522995	4.7604554e-16
6958.0827713012695	4.853695e-16
6961.130787372589	4.962573e-16
6964.178803443909	5.1223973e-16
6967.226819515228	5.2617777e-16
6970.274835586548	5.40512e-16
6973.322851657867	5.4593534e-16
6976.370867729187	5.452501e-16
6979.418883800507	5.4966107e-16
6982.466899871826	5.66168e-16
6985.514915943146	5.864189e-16
6988.562932014465	5.854976e-16
6991.610948085785	5.850127e-16
6994.6589641571045	6.0195217e-16
6997.706980228424	6.165327e-16
7000.754996299744	6.256212e-16
7003.803012371063	6.4238084e-16
7006.851028442383	6.529199e-16
7009.899044513702	6.687439e-16
7012.947060585022	6.8288977e-16
7015.995076656342	6.829281e-16
7019.043092727661	6.85918e-16
7022.091108798981	7.021784e-16
7025.1391248703	6.943715e-16
7028.18714094162	6.964627e-16
7031.235157012939	6.955234e-16
7034.283173084259	6.935837e-16
7037.331189155579	6.955649e-16
7040.379205226898	6.838751e-16
7043.427221298218	6.787317e-16
7046.475237369537	6.924853e-16
7049.523253440857	6.8376655e-16
7052.5712695121765	6.748857e-16
7055.619285583496	6.826128e-16
7058.667301654816	6.84371e-16
7061.715317726135	6.8566724e-16
7064.763333797455	7.0663353e-16
7067.811349868774	7.1186957e-16
7070.859365940094	7.0355885e-16
7073.907382011414	7.046551e-16
7076.955398082733	7.1564496e-16
7080.003414154053	7.19246e-16
7083.051430225372	7.076903e-16
7086.099446296692	7.117317e-16
7089.1474623680115	7.2380156e-16
7092.195478439331	7.1484287e-16
7095.243494510651	7.0146065e-16
7098.29151058197	7.097118e-16
7101.33952665329	7.0677837e-16
7104.387542724609	6.9593667e-16
7107.435558795929	6.8670046e-16
7110.4835748672485	6.784757e-16
7113.531590938568	6.6937647e-16
7116.579607009888	6.670754e-16
7119.627623081207	6.7339024e-16
7122.675639152527	6.6455214e-16
7125.723655223846	6.5654784e-16
7128.771671295166	6.566076e-16
7131.819687366486	6.5623443e-16
7134.867703437805	6.543477e-16
7137.915719509125	6.570948e-16
7140.963735580444	6.579938e-16
7144.011751651764	6.430805e-16
7147.0597677230835	6.2537814e-16
7150.107783794403	6.3284807e-16
7153.155799865723	6.461892e-16
7156.203815937042	6.3050824e-16
7159.251832008362	6.3161955e-16
7162.299848079681	6.3173496e-16
7165.347864151001	6.239134e-16
7168.395880222321	6.2510317e-16
7171.44389629364	6.3368515e-16
7174.49191236496	6.4020137e-16
7177.539928436279	6.33256e-16
7180.587944507599	6.302354e-16
7183.6359605789185	6.2510375e-16
7186.683976650238	6.1985003e-16
7189.731992721558	6.2562176e-16
7192.780008792877	6.229489e-16
7195.828024864197	6.4293565e-16
7198.876040935516	6.5328914e-16
7201.924057006836	6.534502e-16
7204.9720730781555	6.6294744e-16
7208.020089149475	6.7495116e-16
7211.068105220795	6.7888886e-16
7214.116121292114	6.933558e-16
7217.164137363434	6.9083356e-16
7220.212153434753	6.959236e-16
7223.260169506073	7.056716e-16
7226.308185577393	6.955366e-16
7229.356201648712	7.059348e-16
7232.404217720032	7.2799533e-16
7235.452233791351	7.3188755e-16
7238.500249862671	7.253027e-16
7241.5482659339905	7.211046e-16
7244.59628200531	7.2398913e-16
7247.64429807663	7.291586e-16
7250.692314147949	7.2863987e-16
7253.740330219269	7.37179e-16
7256.788346290588	7.436337e-16
7259.836362361908	7.421178e-16
7262.8843784332275	7.341798e-16
7265.932394504547	7.1773326e-16
7268.980410575867	7.2223874e-16
7272.028426647186	7.033904e-16
7275.076442718506	7.0588534e-16
7278.124458789825	7.273592e-16
7281.172474861145	7.241978e-16
7284.220490932465	7.320898e-16
7287.268507003784	7.3536007e-16
7290.316523075104	7.5392364e-16
7293.364539146423	7.5394106e-16
7296.412555217743	7.5233143e-16
7299.4605712890625	7.7468966e-16
7302.508587360382	7.581344e-16
7305.556603431702	7.6907696e-16
7308.604619503021	7.763497e-16
7311.652635574341	7.596329e-16
7314.70065164566	7.583324e-16
7317.74866771698	7.778141e-16
7320.7966837883	7.6816724e-16
7323.844699859619	7.7321397e-16
7326.892715930939	7.7694e-16
7329.940732002258	7.744758e-16
7332.988748073578	7.7466796e-16
7336.0367641448975	7.748135e-16
7339.084780216217	7.748009e-16
7342.132796287537	7.769162e-16
7345.180812358856	7.6833967e-16
7348.228828430176	7.584641e-16
7351.276844501495	7.544853e-16
7354.324860572815	7.5670827e-16
7357.3728766441345	7.677619e-16
7360.420892715454	7.5863807e-16
7363.468908786774	7.6688907e-16
7366.516924858093	7.8183963e-16
7369.564940929413	7.9130215e-16
7372.612957000732	7.910154e-16
7375.660973072052	7.824484e-16
7378.708989143372	7.7262174e-16
7381.757005214691	7.712308e-16
7384.805021286011	7.77424e-16
7387.85303735733	7.696631e-16
7390.90105342865	7.4832973e-16
7393.9490694999695	7.672342e-16
7396.997085571289	7.5176286e-16
7400.045101642609	7.545317e-16
7403.093117713928	7.611522e-16
7406.141133785248	7.557466e-16
7409.189149856567	7.562599e-16
7412.237165927887	7.208655e-16
7415.2851819992065	7.3253077e-16
7418.333198070526	7.4260903e-16
7421.381214141846	7.3656106e-16
7424.429230213165	7.268116e-16
7427.477246284485	7.138297e-16
7430.525262355804	7.1761844e-16
7433.573278427124	7.130666e-16
7436.621294498444	6.972369e-16
7439.669310569763	6.862566e-16
7442.717326641083	6.7855185e-16
7445.765342712402	6.7432356e-16
7448.813358783722	6.5778403e-16
7451.8613748550415	6.4301654e-16
7454.909390926361	6.3267633e-16
7457.957406997681	6.1634003e-16
7461.005423069	6.067375e-16
7464.05343914032	6.034961e-16
7467.101455211639	6.018407e-16
7470.149471282959	5.9574337e-16
7473.197487354279	5.860734e-16
7476.245503425598	5.7109963e-16
7479.293519496918	5.5718346e-16
7482.341535568237	5.5807586e-16
7485.389551639557	5.473992e-16
7488.4375677108765	5.4700535e-16
7491.485583782196	5.3990844e-16
7494.533599853516	5.256395e-16
7497.581615924835	5.244827e-16
7500.629631996155	5.2477053e-16
7503.677648067474	5.0872375e-16
7506.725664138794	5.103032e-16
7509.7736802101135	5.123833e-16
7512.821696281433	5.0327167e-16
7515.869712352753	4.9416283e-16
7518.917728424072	4.953387e-16
7521.965744495392	5.010395e-16
7525.013760566711	4.939207e-16
7528.061776638031	4.748927e-16
7531.109792709351	4.732953e-16
7534.15780878067	4.83526e-16
7537.20582485199	4.797367e-16
7540.253840923309	4.80058e-16
7543.301856994629	4.747002e-16
7546.3498730659485	4.720127e-16
7549.397889137268	4.827821e-16
7552.445905208588	4.88756e-16
7555.493921279907	4.7534997e-16
7558.541937351227	4.6646057e-16
7561.589953422546	4.6628836e-16
7564.637969493866	4.68421e-16
7567.685985565186	4.6707684e-16
7570.734001636505	4.6544953e-16
7573.782017707825	4.715172e-16
7576.830033779144	4.6488265e-16
7579.878049850464	4.6077576e-16
7582.926065921783	4.652588e-16
7585.974081993103	4.565015e-16
7589.022098064423	4.3636917e-16
7592.070114135742	4.4080873e-16
7595.118130207062	4.2664936e-16
7598.166146278381	4.2740645e-16
7601.214162349701	4.2253135e-16
7604.2621784210205	3.8288486e-16
7607.31019449234	4.0479075e-16
7610.35821056366	4.4542286e-16
7613.406226634979	4.3047633e-16
7616.454242706299	4.1898704e-16
7619.502258777618	4.2515262e-16
7622.550274848938	4.3680303e-16
7625.598290920258	4.4728e-16
7628.646306991577	4.362973e-16
7631.694323062897	4.170638e-16
7634.742339134216	4.2024735e-16
7637.790355205536	4.251183e-16
7640.8383712768555	4.087332e-16
7643.886387348175	3.952669e-16
7646.934403419495	3.9837667e-16
7649.982419490814	3.9773885e-16
7653.030435562134	3.9167717e-16
7656.078451633453	3.9869912e-16
7659.126467704773	4.1002276e-16
7662.1744837760925	4.1231618e-16
7665.222499847412	4.153356e-16
7668.270515918732	4.278766e-16
7671.318531990051	4.3098545e-16
7674.366548061371	4.2385285e-16
7677.41456413269	4.2471008e-16
7680.46258020401	4.2211966e-16
7683.51059627533	4.2915594e-16
7686.558612346649	4.3642361e-16
7689.606628417969	4.4091755e-16
7692.654644489288	4.4541095e-16
7695.702660560608	4.4308026e-16
7698.7506766319275	4.492026e-16
7701.798692703247	4.4374614e-16
7704.846708774567	4.4931636e-16
7707.894724845886	4.668384e-16
7710.942740917206	4.7678103e-16
7713.990756988525	4.7312163e-16
7717.038773059845	4.869952e-16
7720.086789131165	4.9014064e-16
7723.134805202484	4.926548e-16
7726.182821273804	4.9792096e-16
7729.230837345123	4.9361756e-16
7732.278853416443	4.962123e-16
7735.326869487762	5.216259e-16
7738.374885559082	5.2064876e-16
7741.422901630402	5.1125935e-16
7744.470917701721	5.2176663e-16
7747.518933773041	5.4307343e-16
7750.56694984436	5.5338007e-16
7753.61496591568	5.470371e-16
7756.6629819869995	5.5411477e-16
7759.710998058319	5.5664533e-16
7762.759014129639	5.421245e-16
7765.807030200958	5.566582e-16
7768.855046272278	5.527767e-16
7771.903062343597	5.598226e-16
7774.951078414917	5.673166e-16
7777.999094486237	5.614598e-16
7781.047110557556	5.5862167e-16
7784.095126628876	5.669593e-16
7787.143142700195	5.7260354e-16
7790.191158771515	5.7165047e-16
7793.2391748428345	5.85544e-16
7796.287190914154	6.0056706e-16
7799.335206985474	5.921555e-16
7802.383223056793	5.7885093e-16
7805.431239128113	5.770593e-16
7808.479255199432	5.917373e-16
7811.527271270752	5.975138e-16
7814.5752873420715	5.913395e-16
7817.623303413391	5.943653e-16
7820.671319484711	6.0589797e-16
7823.71933555603	5.94027e-16
7826.76735162735	5.957443e-16
7829.815367698669	6.0369595e-16
7832.863383769989	6.020625e-16
7835.911399841309	6.121705e-16
7838.959415912628	6.080034e-16
7842.007431983948	6.154157e-16
7845.055448055267	6.1800604e-16
7848.103464126587	6.1249254e-16
7851.1514801979065	6.1481077e-16
7854.199496269226	6.0500117e-16
7857.247512340546	5.9676923e-16
7860.295528411865	5.879653e-16
7863.343544483185	5.910081e-16
7866.391560554504	5.9660136e-16
7869.439576625824	5.8613113e-16
7872.487592697144	5.8759967e-16
7875.535608768463	5.8043774e-16
7878.583624839783	5.8599973e-16
7881.631640911102	5.944217e-16
7884.679656982422	5.822502e-16
7887.7276730537415	5.759904e-16
7890.775689125061	5.63335e-16
7893.823705196381	5.6136166e-16
7896.8717212677	5.663413e-16
7899.91973733902	5.6298707e-16
7902.967753410339	5.5475925e-16
7906.015769481659	5.5968586e-16
7909.0637855529785	5.63159e-16
7912.111801624298	5.5010354e-16
7915.159817695618	5.443953e-16
7918.207833766937	5.219538e-16
7921.255849838257	4.8372606e-16
7924.303865909576	5.5713926e-16
7927.351881980896	5.5098514e-16
7930.399898052216	5.2963027e-16
7933.447914123535	5.244378e-16
7936.495930194855	5.0597455e-16
7939.543946266174	5.1913003e-16
7942.591962337494	5.0774024e-16
7945.6399784088135	4.968746e-16
7948.687994480133	4.9894343e-16
7951.736010551453	5.020317e-16
7954.784026622772	4.949559e-16
7957.832042694092	4.896663e-16
7960.880058765411	4.911414e-16
7963.928074836731	4.862762e-16
7966.9760909080505	4.7677155e-16
7970.02410697937	4.7593437e-16
7973.07212305069	4.819741e-16
7976.120139122009	4.882315e-16
7979.168155193329	4.722404e-16
7982.216171264648	4.6185297e-16
7985.264187335968	4.591258e-16
7988.312203407288	4.629664e-16
7991.360219478607	4.762521e-16
7994.408235549927	4.6010417e-16
7997.456251621246	4.6151633e-16
8000.504267692566	4.521948e-16
8003.5522837638855	4.3847455e-16
8006.600299835205	4.5670963e-16
8009.648315906525	4.5067526e-16
8012.696331977844	4.409211e-16
8015.744348049164	4.4443697e-16
8018.792364120483	4.520132e-16
8021.840380191803	4.4306411e-16
8024.888396263123	4.1998345e-16
8027.936412334442	4.2780013e-16
8030.984428405762	4.323527e-16
8034.032444477081	4.3046463e-16
8037.080460548401	4.3258047e-16
8040.1284766197205	4.3090273e-16
8043.17649269104	4.3110414e-16
8046.22450876236	4.3346104e-16
8049.272524833679	4.2445882e-16
8052.320540904999	4.1696015e-16
8055.368556976318	4.179586e-16
8058.416573047638	4.1167956e-16
8061.4645891189575	4.1109016e-16
8064.512605190277	4.0554164e-16
8067.560621261597	4.003223e-16
8070.608637332916	3.9860696e-16
8073.656653404236	4.0415457e-16
8076.704669475555	4.044346e-16
8079.752685546875	4.014785e-16
8082.800701618195	3.9673512e-16
8085.848717689514	3.9385195e-16
8088.896733760834	3.9473601e-16
8091.944749832153	3.982146e-16
8094.992765903473	3.9757818e-16
8098.0407819747925	3.860716e-16
8101.088798046112	3.8732445e-16
8104.136814117432	3.9441938e-16
8107.184830188751	3.8599726e-16
8110.232846260071	3.7953926e-16
8113.28086233139	3.7480551e-16
8116.32887840271	3.7622848e-16
8119.3768944740295	3.7567952e-16
8122.424910545349	3.668198e-16
8125.472926616669	3.5564886e-16
8128.520942687988	3.5380916e-16
8131.568958759308	3.5197507e-16
8134.616974830627	3.514028e-16
8137.664990901947	3.62329e-16
8140.713006973267	3.702415e-16
8143.761023044586	3.5937583e-16
8146.809039115906	3.5217425e-16
8149.857055187225	3.443425e-16
8152.905071258545	3.53511e-16
8155.9530873298645	3.660207e-16
8159.001103401184	3.5741053e-16
8162.049119472504	3.5584238e-16
8165.097135543823	3.4438414e-16
8168.145151615143	3.4498426e-16
8171.193167686462	3.5092916e-16
8174.241183757782	3.4735236e-16
8177.289199829102	3.5089782e-16
8180.337215900421	3.5360073e-16
8183.385231971741	3.4504641e-16
8186.43324804306	3.4560845e-16
8189.48126411438	3.4681642e-16
8192.5292801857	3.3948435e-16
8195.577296257019	3.526717e-16
8198.625312328339	3.456832e-16
8201.673328399658	3.4794218e-16
8204.721344470978	3.5443895e-16
8207.769360542297	3.46503e-16
8210.817376613617	3.4821776e-16
8213.865392684937	3.293082e-16
8216.913408756256	3.326248e-16
8219.961424827576	3.3886607e-16
8223.009440898895	3.2891875e-16
8226.057456970215	3.2583888e-16
8229.105473041534	3.198911e-16
8232.153489112854	3.2062e-16
8235.201505184174	3.2211e-16
8238.249521255493	3.191125e-16
8241.297537326813	3.1676793e-16
8244.345553398132	3.0856614e-16
8247.393569469452	3.1468192e-16
8250.441585540771	3.195978e-16
8253.489601612091	3.0963604e-16
8256.53761768341	2.9651953e-16
8259.58563375473	2.964642e-16
8262.63364982605	2.9928332e-16
8265.68166589737	2.989571e-16
8268.729681968689	2.9342156e-16
8271.777698040009	2.8544476e-16
8274.825714111328	2.8487748e-16
8277.873730182648	2.95483e-16
8280.921746253967	2.8818223e-16
8283.969762325287	2.7619704e-16
8287.017778396606	2.7296857e-16
8290.065794467926	2.7483636e-16
8293.113810539246	2.7575197e-16
8296.161826610565	2.6521462e-16
8299.209842681885	2.640419e-16
8302.257858753204	2.6432812e-16
8305.305874824524	2.6026908e-16
8308.353890895844	2.5719475e-16
8311.401906967163	2.5306798e-16
8314.449923038483	2.5620372e-16
8317.497939109802	2.5399831e-16
8320.545955181122	2.501228e-16
8323.593971252441	2.533248e-16
8326.641987323761	2.5458417e-16
8329.69000339508	2.5349465e-16
8332.7380194664	2.527274e-16
8335.78603553772	2.499188e-16
8338.83405160904	2.407744e-16
8341.882067680359	2.379946e-16
8344.930083751678	2.642792e-16
8347.978099822998	2.6239262e-16
8351.026115894318	2.5830773e-16
8354.074131965637	2.5084296e-16
8357.122148036957	2.3711464e-16
8360.170164108276	2.4302138e-16
8363.218180179596	2.5225028e-16
8366.266196250916	2.6205455e-16
8369.314212322235	2.686338e-16
8372.362228393555	2.7177267e-16
8375.410244464874	2.7240445e-16
8378.458260536194	2.7545652e-16
8381.506276607513	2.9290571e-16
8384.554292678833	2.9492988e-16
8387.602308750153	2.9762557e-16
8390.650324821472	3.1457824e-16
8393.698340892792	3.1320007e-16
8396.746356964111	3.0458876e-16
8399.79437303543	3.0511006e-16
8402.84238910675	3.0997435e-16
8405.89040517807	3.162409e-16
8408.93842124939	3.2381016e-16
8411.98643732071	3.2685424e-16
8415.034453392029	3.3445107e-16
8418.082469463348	3.425474e-16
8421.130485534668	3.5595337e-16
8424.178501605988	3.7459823e-16
8427.226517677307	3.704607e-16
8430.274533748627	3.8562472e-16
8433.322549819946	3.9870487e-16
8436.370565891266	3.943352e-16
8439.418581962585	3.9469308e-16
8442.466598033905	4.1871808e-16
8445.514614105225	4.1369142e-16
8448.562630176544	4.2435617e-16
8451.610646247864	4.4351844e-16
8454.658662319183	4.492694e-16
8457.706678390503	4.4565686e-16
8460.754694461823	4.494009e-16
8463.802710533142	4.587204e-16
8466.850726604462	4.656698e-16
8469.898742675781	4.654049e-16
8472.9467587471	4.718986e-16
8475.99477481842	4.8839507e-16
8479.04279088974	4.9510616e-16
8482.09080696106	5.0128866e-16
8485.13882303238	5.218447e-16
8488.186839103699	5.5136175e-16
8491.234855175018	5.597791e-16
8494.282871246338	5.488706e-16
8497.330887317657	5.678419e-16
8500.378903388977	5.7145575e-16
8503.426919460297	5.6079526e-16
8506.474935531616	5.8279244e-16
8509.522951602936	5.799018e-16
8512.570967674255	5.554399e-16
8515.618983745575	5.58803e-16
8518.666999816895	5.7105643e-16
8521.715015888214	5.670405e-16
8524.763031959534	5.698128e-16
8527.811048030853	5.63976e-16
8530.859064102173	5.8256073e-16
8533.907080173492	6.0887693e-16
8536.955096244812	6.221493e-16
8540.003112316132	6.4068593e-16
8543.051128387451	6.5872206e-16
8546.09914445877	6.6484897e-16
8549.14716053009	6.757492e-16
8552.19517660141	6.982108e-16
8555.24319267273	7.218564e-16
8558.291208744049	7.4196815e-16
8561.339224815369	7.5200014e-16
8564.387240886688	7.637339e-16
8567.435256958008	7.685034e-16
8570.483273029327	7.708938e-16
8573.531289100647	8.004081e-16
8576.579305171967	7.9565855e-16
8579.627321243286	7.996912e-16
8582.675337314606	8.3287103e-16
8585.723353385925	8.670777e-16
8588.771369457245	8.7292823e-16
8591.819385528564	8.6568636e-16
8594.867401599884	8.6380245e-16
8597.915417671204	8.887341e-16
8600.963433742523	9.171181e-16
8604.011449813843	9.171046e-16
8607.059465885162	9.219862e-16
8610.107481956482	9.293301e-16
8613.155498027802	9.26068e-16
8616.203514099121	9.313538e-16
8619.25153017044	9.614063e-16
8622.29954624176	9.699852e-16
8625.34756231308	9.753819e-16
8628.3955783844	9.852802e-16
8631.443594455719	9.878933e-16
8634.491610527039	9.863972e-16
8637.539626598358	1.001097e-15
8640.587642669678	1.0177129e-15
8643.635658740997	1.0235083e-15
8646.683674812317	1.0248979e-15
8649.731690883636	1.0330668e-15
8652.779706954956	1.0385232e-15
8655.827723026276	1.0255854e-15
8658.875739097595	1.0222061e-15
8661.923755168915	1.0329748e-15
8664.971771240234	1.0378467e-15
8668.019787311554	1.0310121e-15
8671.067803382874	1.0438177e-15
8674.115819454193	1.0563707e-15
8677.163835525513	1.0640293e-15
8680.211851596832	1.0765626e-15
8683.259867668152	1.0891469e-15
8686.307883739471	1.0629043e-15
8689.355899810791	1.0726451e-15
8692.40391588211	1.0798959e-15
8695.45193195343	1.0708996e-15
8698.49994802475	1.0726102e-15
8701.54796409607	1.0743873e-15
8704.595980167389	1.076939e-15
8707.643996238708	1.0796877e-15
8710.692012310028	1.0845571e-15
8713.740028381348	1.079334e-15
8716.788044452667	1.068954e-15
8719.836060523987	1.0794708e-15
8722.884076595306	1.0881813e-15
8725.932092666626	1.0745897e-15
8728.980108737946	1.0599341e-15
8732.028124809265	1.0551998e-15
8735.076140880585	1.0109142e-15
8738.124156951904	1.0161556e-15
8741.172173023224	1.0379524e-15
8744.220189094543	1.0281037e-15
8747.268205165863	1.0082479e-15
8750.316221237183	1.0131565e-15
8753.364237308502	1.01261e-15
8756.412253379822	1.0080519e-15
8759.460269451141	1.0130741e-15
8762.508285522461	1.0163819e-15
8765.55630159378	1.004757e-15
8768.6043176651	1.0049602e-15
8771.65233373642	1.0394655e-15
8774.70034980774	1.0413541e-15
8777.748365879059	1.0311882e-15
8780.796381950378	1.1024982e-15
8783.844398021698	1.0681219e-15
8786.892414093018	1.0011825e-15
8789.940430164337	9.712007e-16
8792.988446235657	9.613437e-16
8796.036462306976	9.622677e-16
8799.084478378296	9.470026e-16
8802.132494449615	9.305761e-16
8805.180510520935	9.132855e-16
8808.228526592255	8.962342e-16
8811.276542663574	8.8444173e-16
8814.324558734894	8.7699695e-16
8817.372574806213	8.6875844e-16
8820.420590877533	8.665958e-16
8823.468606948853	8.627011e-16
8826.516623020172	8.385665e-16
8829.564639091492	8.2756914e-16
8832.612655162811	8.051746e-16
8835.66067123413	7.934904e-16
8838.70868730545	7.867134e-16
8841.75670337677	7.6974506e-16
8844.80471944809	7.8131637e-16
8847.85273551941	7.770076e-16
8850.900751590729	7.5594075e-16
8853.948767662048	7.387666e-16
8856.996783733368	7.2979623e-16
8860.044799804688	7.275145e-16
8863.092815876007	7.0520024e-16
8866.140831947327	6.939969e-16
8869.188848018646	6.886607e-16
8872.236864089966	6.728396e-16
8875.284880161285	6.5202987e-16
8878.332896232605	6.449218e-16
8881.380912303925	6.4234145e-16
8884.428928375244	6.3113537e-16
8887.476944446564	6.186853e-16
8890.524960517883	6.174419e-16
8893.572976589203	5.965205e-16
8896.620992660522	5.9531837e-16
8899.669008731842	5.9225015e-16
8902.717024803162	5.686673e-16
8905.765040874481	5.558946e-16
8908.8130569458	5.5567034e-16
8911.86107301712	5.5338145e-16
8914.90908908844	5.2952614e-16
8917.95710515976	5.046858e-16
8921.00512123108	5.071392e-16
8924.053137302399	4.874609e-16
8927.101153373718	4.874429e-16
8930.149169445038	4.8811306e-16
8933.197185516357	4.8216583e-16
8936.245201587677	4.8374396e-16
8939.293217658997	4.4684815e-16
8942.341233730316	4.441872e-16
8945.389249801636	4.500495e-16
8948.437265872955	4.496079e-16
8951.485281944275	4.563757e-16
8954.533298015594	4.4247117e-16
8957.581314086914	4.2448236e-16
8960.629330158234	4.2208096e-16
8963.677346229553	4.2189597e-16
8966.725362300873	4.1363552e-16
8969.773378372192	4.1634083e-16
8972.821394443512	4.1784837e-16
8975.869410514832	4.2291225e-16
8978.917426586151	4.1658772e-16
8981.96544265747	4.0592654e-16
8985.01345872879	4.2227663e-16
8988.06147480011	4.170139e-16
8991.10949087143	4.043031e-16
8994.157506942749	4.0871036e-16
8997.205523014069	4.1965707e-16
9000.253539085388	4.1644944e-16
9003.301555156708	4.2738006e-16
9006.349571228027	4.0834357e-16
9009.397587299347	3.853274e-16
9012.445603370667	3.9695683e-16
9015.493619441986	4.1079917e-16
9018.541635513306	3.9754758e-16
9021.589651584625	3.9567273e-16
9024.637667655945	3.9822227e-16
9027.685683727264	3.906793e-16
9030.733699798584	3.8879834e-16
9033.781715869904	3.9060286e-16
9036.829731941223	3.8593876e-16
9039.877748012543	3.820273e-16
9042.925764083862	3.8031247e-16
9045.973780155182	3.740905e-16
9049.021796226501	3.8310403e-16
9052.069812297821	3.7937274e-16
9055.11782836914	3.7456692e-16
9058.16584444046	3.8822003e-16
9061.21386051178	3.625992e-16
9064.2618765831	3.677699e-16
9067.309892654419	3.6780254e-16
9070.357908725739	3.5582864e-16
9073.405924797058	3.570508e-16
9076.453940868378	3.6769195e-16
9079.501956939697	3.6458328e-16
9082.549973011017	3.637415e-16
9085.597989082336	3.5599413e-16
9088.646005153656	3.479939e-16
9091.694021224976	3.6444146e-16
9094.742037296295	3.5912026e-16
9097.790053367615	3.3841955e-16
9100.838069438934	3.3549212e-16
9103.886085510254	3.521976e-16
9106.934101581573	3.5722183e-16
9109.982117652893	3.5797473e-16
9113.030133724213	3.4844005e-16
9116.078149795532	3.5491205e-16
9119.126165866852	3.617341e-16
9122.174181938171	3.4317537e-16
9125.222198009491	3.4841763e-16
9128.27021408081	3.4445548e-16
9131.31823015213	3.4193206e-16
9134.36624622345	3.4908152e-16
9137.41426229477	3.4597662e-16
9140.462278366089	3.6282905e-16
9143.510294437408	3.5319474e-16
9146.558310508728	3.4442194e-16
9149.606326580048	3.558751e-16
9152.654342651367	3.4861192e-16
9155.702358722687	3.4530627e-16
9158.750374794006	3.5083496e-16
9161.798390865326	3.54854e-16
9164.846406936646	3.661992e-16
9167.894423007965	3.6745504e-16
9170.942439079285	3.5546278e-16
9173.990455150604	3.5201376e-16
9177.038471221924	3.5500654e-16
9180.086487293243	3.5493878e-16
9183.134503364563	3.5718403e-16
9186.182519435883	3.7317487e-16
9189.230535507202	3.8317476e-16
9192.278551578522	3.7873644e-16
9195.326567649841	3.6786072e-16
9198.37458372116	3.6110034e-16
9201.42259979248	3.8075685e-16
9204.4706158638	3.832046e-16
9207.51863193512	3.8589278e-16
9210.56664800644	3.9050207e-16
9213.614664077759	3.772137e-16
9216.662680149078	3.6036352e-16
9219.710696220398	3.7031455e-16
9222.758712291718	3.8651424e-16
9225.806728363037	3.89495e-16
9228.854744434357	3.9051125e-16
9231.902760505676	3.8629316e-16
9234.950776576996	3.824892e-16
9237.998792648315	3.7309954e-16
9241.046808719635	3.6569324e-16
9244.094824790955	3.761635e-16
9247.142840862274	3.8004275e-16
9250.190856933594	3.8204653e-16
9253.238873004913	3.8559616e-16
9256.286889076233	3.792674e-16
9259.334905147552	3.701635e-16
9262.382921218872	3.6493628e-16
9265.430937290192	3.7022902e-16
9268.478953361511	3.8125644e-16
9271.52696943283	3.7720606e-16
9274.57498550415	3.650161e-16
9277.62300157547	3.6361399e-16
9280.67101764679	3.6162992e-16
9283.71903371811	3.5499932e-16
9286.767049789429	3.575389e-16
9289.815065860748	3.50548e-16
9292.863081932068	3.497241e-16
9295.911098003387	3.490851e-16
9298.959114074707	3.4618223e-16
9302.007130146027	3.4528332e-16
9305.055146217346	3.4810738e-16
9308.103162288666	3.5327608e-16
9311.151178359985	3.4936546e-16
9314.199194431305	3.3405847e-16
9317.247210502625	3.2848232e-16
9320.295226573944	3.5515602e-16
9323.343242645264	3.576868e-16
9326.391258716583	3.5403227e-16
9329.439274787903	3.4308048e-16
9332.487290859222	3.4147294e-16
9335.535306930542	3.5314614e-16
9338.583323001862	3.3847548e-16
9341.631339073181	3.339335e-16
9344.6793551445	3.3524121e-16
9347.72737121582	3.3258995e-16
9350.77538728714	3.369798e-16
9353.82340335846	3.3119264e-16
9356.871419429779	3.4644357e-16
9359.919435501099	3.4814941e-16
9362.967451572418	3.205046e-16
9366.015467643738	3.2389672e-16
9369.063483715057	3.4836877e-16
9372.111499786377	3.4819717e-16
9375.159515857697	3.2935711e-16
9378.207531929016	3.351931e-16
9381.255548000336	3.5345592e-16
9384.303564071655	3.4221042e-16
9387.351580142975	3.4881455e-16
9390.399596214294	3.6961987e-16
9393.447612285614	3.5324156e-16
9396.495628356934	3.538668e-16
9399.543644428253	3.6252658e-16
9402.591660499573	3.5743075e-16
9405.639676570892	3.491385e-16
9408.687692642212	3.5839518e-16
9411.735708713531	3.675115e-16
9414.783724784851	3.6120013e-16
9417.83174085617	3.558781e-16
9420.87975692749	3.523407e-16
9423.92777299881	3.461568e-16
9426.97578907013	3.4634886e-16
9430.023805141449	3.3846825e-16
9433.071821212769	3.2171232e-16
9436.119837284088	3.1671523e-16
9439.167853355408	3.297233e-16
9442.215869426727	3.4664405e-16
9445.263885498047	3.49638e-16
9448.311901569366	3.4780843e-16
9451.359917640686	3.571404e-16
9454.407933712006	3.4705515e-16
9457.455949783325	3.4099416e-16
9460.503965854645	3.2242616e-16
9463.551981925964	3.065732e-16
9466.599997997284	3.1558476e-16
9469.648014068604	3.157313e-16
9472.696030139923	2.953425e-16
9475.744046211243	3.047313e-16
9478.792062282562	3.126759e-16
9481.840078353882	2.9566744e-16
9484.888094425201	2.9394018e-16
9487.936110496521	2.8733271e-16
9490.98412656784	2.8922117e-16
9494.03214263916	2.913891e-16
9497.08015871048	2.7738338e-16
9500.1281747818	2.6506191e-16
9503.176190853119	2.6325241e-16
9506.224206924438	2.609789e-16
9509.272222995758	2.606961e-16
9512.320239067078	2.7461663e-16
9515.368255138397	2.8027034e-16
9518.416271209717	2.830886e-16
9521.464287281036	2.758689e-16
9524.512303352356	2.5258957e-16
9527.560319423676	2.511579e-16
9530.608335494995	2.5073438e-16
9533.656351566315	2.5632302e-16
9536.704367637634	2.7140135e-16
9539.752383708954	2.74347e-16
9542.800399780273	2.7323798e-16
9545.848415851593	2.590478e-16
9548.896431922913	2.5100246e-16
9551.944447994232	2.5247196e-16
9554.992464065552	2.5006011e-16
9558.040480136871	2.5263295e-16
9561.088496208191	2.5508577e-16
9564.13651227951	2.6094324e-16
9567.18452835083	2.6801232e-16
9570.23254442215	2.59973e-16
9573.28056049347	2.4705182e-16
9576.328576564789	2.6492872e-16
9579.376592636108	2.6408984e-16
9582.424608707428	2.3277225e-16
9585.472624778748	2.210087e-16
9588.520640850067	2.4821017e-16
9591.568656921387	2.4112715e-16
9594.616672992706	2.1904887e-16
9597.664689064026	2.2476104e-16
9600.712705135345	2.3633572e-16
9603.760721206665	2.2499088e-16
9606.808737277985	2.2077638e-16
9609.856753349304	2.1493204e-16
9612.904769420624	2.0811621e-16
9615.952785491943	2.2076559e-16
9619.000801563263	2.349591e-16
9622.048817634583	2.2509043e-16
9625.096833705902	2.1659003e-16
9628.144849777222	2.2826934e-16
9631.192865848541	2.2996005e-16
9634.24088191986	2.1625056e-16
9637.28889799118	2.0699377e-16
9640.3369140625	2.107905e-16
9643.38493013382	2.2303717e-16
9646.43294620514	2.1849842e-16
9649.480962276459	2.1786593e-16
9652.528978347778	2.2160215e-16
9655.576994419098	2.1807164e-16
9658.625010490417	2.2246428e-16
9661.673026561737	2.2707553e-16
9664.721042633057	2.2812172e-16
9667.769058704376	2.1377e-16
9670.817074775696	2.118061e-16
9673.865090847015	2.18671e-16
