3396.9	2.4438396e-15
3399.9480160713197	2.6768998e-15
3402.9960321426393	2.37536e-15
3406.044048213959	2.670427e-15
3409.0920642852784	2.0147983e-15
3412.140080356598	2.959041e-15
3415.1880964279176	2.9306938e-15
3418.236112499237	2.88011e-15
3421.2841285705567	2.966152e-15
3424.3321446418763	2.5886312e-15
3427.380160713196	2.5848303e-15
3430.4281767845155	2.8108824e-15
3433.476192855835	2.5061674e-15
3436.5242089271546	2.9550517e-15
3439.572224998474	2.7662442e-15
3442.620241069794	2.643747e-15
3445.6682571411134	2.8056732e-15
3448.716273212433	3.0019201e-15
3451.7642892837525	2.5279677e-15
3454.812305355072	2.4953082e-15
3457.8603214263917	2.7863062e-15
3460.9083374977113	2.44472e-15
3463.956353569031	2.2823224e-15
3467.0043696403504	2.4440672e-15
3470.05238571167	2.3143043e-15
3473.1004017829896	2.3634513e-15
3476.148417854309	2.6799767e-15
3479.1964339256288	2.5721439e-15
3482.2444499969483	2.7414016e-15
3485.292466068268	2.3031647e-15
3488.3404821395875	3.086389e-15
3491.388498210907	2.602742e-15
3494.4365142822267	2.6066948e-15
3497.4845303535462	3.0387159e-15
3500.532546424866	2.6287032e-15
3503.5805624961854	2.5053312e-15
3506.628578567505	2.7882946e-15
3509.6765946388246	2.8283487e-15
3512.724610710144	2.2504477e-15
3515.7726267814637	2.485889e-15
3518.8206428527833	2.3489043e-15
3521.868658924103	2.5370255e-15
3524.9166749954225	2.4060977e-15
3527.964691066742	2.2678848e-15
3531.0127071380616	2.3849708e-15
3534.060723209381	2.697261e-15
3537.108739280701	2.4370957e-15
3540.1567553520204	2.384392e-15
3543.20477142334	2.6525436e-15
3546.2527874946595	2.7019275e-15
3549.300803565979	2.4293515e-15
3552.3488196372987	2.5921514e-15
3555.3968357086183	2.4784485e-15
3558.444851779938	2.6008877e-15
3561.4928678512574	2.6365755e-15
3564.540883922577	2.7418778e-15
3567.5888999938966	2.4596276e-15
3570.636916065216	2.4285229e-15
3573.6849321365357	2.5409356e-15
3576.7329482078553	2.7469264e-15
3579.780964279175	2.4796718e-15
3582.8289803504945	2.427983e-15
3585.876996421814	2.5052429e-15
3588.9250124931336	2.5145412e-15
3591.973028564453	2.296902e-15
3595.021044635773	2.5210472e-15
3598.0690607070924	2.5740133e-15
3601.117076778412	2.3682285e-15
3604.1650928497315	2.4703184e-15
3607.213108921051	2.4683823e-15
3610.2611249923707	2.3491336e-15
3613.3091410636903	2.4929357e-15
3616.35715713501	2.5759274e-15
3619.4051732063294	2.4014155e-15
3622.453189277649	2.413998e-15
3625.5012053489686	2.455349e-15
3628.549221420288	2.4516062e-15
3631.5972374916078	2.4581523e-15
3634.6452535629273	2.5312426e-15
3637.693269634247	2.5447318e-15
3640.7412857055665	2.523268e-15
3643.789301776886	2.544434e-15
3646.8373178482057	2.4507755e-15
3649.8853339195252	2.4439522e-15
3652.933349990845	2.3670628e-15
3655.9813660621644	2.6405596e-15
3659.029382133484	2.5597871e-15
3662.0773982048036	2.7126603e-15
3665.125414276123	2.554918e-15
3668.1734303474427	2.546097e-15
3671.2214464187623	2.590357e-15
3674.269462490082	2.7162274e-15
3677.3174785614015	2.6672208e-15
3680.365494632721	2.5635425e-15
3683.4135107040406	2.5903684e-15
3686.46152677536	2.5509365e-15
3689.50954284668	2.5675345e-15
3692.5575589179994	2.597215e-15
3695.605574989319	2.718066e-15
3698.6535910606385	2.584128e-15
3701.701607131958	2.5215625e-15
3704.7496232032777	2.57467e-15
3707.7976392745973	2.431743e-15
3710.845655345917	2.4989778e-15
3713.8936714172364	2.397173e-15
3716.941687488556	2.402348e-15
3719.9897035598756	2.4109071e-15
3723.037719631195	2.4167049e-15
3726.0857357025147	2.2543706e-15
3729.1337517738343	2.2535534e-15
3732.181767845154	2.2968834e-15
3735.2297839164735	2.2006183e-15
3738.277799987793	2.2110611e-15
3741.3258160591126	2.2403414e-15
3744.373832130432	2.2189004e-15
3747.421848201752	2.1074665e-15
3750.4698642730714	2.2298646e-15
3753.517880344391	2.2399096e-15
3756.5658964157105	2.1831681e-15
3759.61391248703	2.252706e-15
3762.6619285583497	2.267154e-15
3765.7099446296693	2.2279516e-15
3768.757960700989	2.2967868e-15
3771.8059767723084	2.2731959e-15
3774.853992843628	2.2182806e-15
3777.9020089149476	2.297422e-15
3780.950024986267	2.292257e-15
3783.9980410575868	2.3146196e-15
3787.0460571289063	2.3587896e-15
3790.094073200226	2.3452597e-15
3793.1420892715455	2.4113217e-15
3796.190105342865	2.2966227e-15
3799.2381214141847	2.2364459e-15
3802.2861374855042	2.3680744e-15
3805.334153556824	2.3683583e-15
3808.3821696281434	2.3436756e-15
3811.430185699463	2.5135895e-15
3814.4782017707826	2.402821e-15
3817.526217842102	2.4607603e-15
3820.5742339134217	2.5035196e-15
3823.6222499847413	2.4295167e-15
3826.670266056061	2.3987164e-15
3829.7182821273805	2.4597528e-15
3832.7662981987	2.5307415e-15
3835.8143142700196	2.3852261e-15
3838.862330341339	2.3743687e-15
3841.910346412659	2.5169556e-15
3844.9583624839784	2.5421888e-15
3848.006378555298	2.5147737e-15
3851.0543946266175	2.530036e-15
3854.102410697937	2.6388337e-15
3857.1504267692567	2.581887e-15
3860.1984428405763	2.584789e-15
3863.246458911896	2.5771484e-15
3866.2944749832154	2.6021682e-15
3869.342491054535	2.7036299e-15
3872.3905071258546	2.6905127e-15
3875.438523197174	2.6921858e-15
3878.4865392684937	2.7766187e-15
3881.5345553398133	2.8229181e-15
3884.582571411133	2.7059814e-15
3887.6305874824525	2.800758e-15
3890.678603553772	2.7562914e-15
3893.7266196250916	2.6772863e-15
3896.774635696411	2.7046503e-15
3899.822651767731	2.798525e-15
3902.8706678390504	2.7347526e-15
3905.91868391037	2.7732015e-15
3908.9666999816895	2.7906854e-15
3912.014716053009	2.7773518e-15
3915.0627321243287	2.7879062e-15
3918.1107481956483	2.7998424e-15
3921.158764266968	2.8226725e-15
3924.2067803382874	2.7515266e-15
3927.254796409607	2.823295e-15
3930.3028124809266	2.79321e-15
3933.350828552246	2.7660985e-15
3936.3988446235658	2.8546569e-15
3939.4468606948853	2.756509e-15
3942.494876766205	2.8085588e-15
3945.5428928375245	2.880974e-15
3948.590908908844	2.901394e-15
3951.6389249801637	2.8696244e-15
3954.6869410514832	2.856861e-15
3957.734957122803	2.9198121e-15
3960.7829731941224	2.857922e-15
3963.830989265442	2.7822258e-15
3966.8790053367616	2.7635693e-15
3969.927021408081	2.809608e-15
3972.9750374794007	2.8168235e-15
3976.0230535507203	2.8701688e-15
3979.07106962204	2.7939574e-15
3982.1190856933595	2.8092108e-15
3985.167101764679	2.8019083e-15
3988.2151178359986	2.8266178e-15
3991.263133907318	2.8185837e-15
3994.311149978638	2.814977e-15
3997.3591660499574	2.8100869e-15
4000.407182121277	2.814123e-15
4003.4551981925965	2.780546e-15
4006.503214263916	2.7847366e-15
4009.5512303352357	2.8509786e-15
4012.5992464065553	2.762234e-15
4015.647262477875	2.8178616e-15
4018.6952785491944	2.820251e-15
4021.743294620514	2.7552267e-15
4024.7913106918336	2.7352e-15
4027.839326763153	2.7069396e-15
4030.8873428344727	2.6626002e-15
4033.9353589057923	2.7764423e-15
4036.983374977112	2.8462511e-15
4040.0313910484315	2.727536e-15
4043.079407119751	2.7254035e-15
4046.1274231910706	2.7316169e-15
4049.1754392623902	2.7651973e-15
4052.22345533371	2.7679605e-15
4055.2714714050294	2.7355317e-15
4058.319487476349	2.749229e-15
4061.3675035476685	2.7894146e-15
4064.415519618988	2.704498e-15
4067.4635356903077	2.7572485e-15
4070.5115517616273	2.7824096e-15
4073.559567832947	2.7638429e-15
4076.6075839042664	2.7754093e-15
4079.655599975586	2.787472e-15
4082.7036160469056	2.780048e-15
4085.751632118225	2.7695635e-15
4088.7996481895448	2.8061308e-15
4091.8476642608643	2.8277123e-15
4094.895680332184	2.7267566e-15
4097.943696403503	2.7331951e-15
4100.991712474823	2.7426901e-15
4104.039728546142	2.6959426e-15
4107.087744617462	2.6721357e-15
4110.135760688781	2.6122538e-15
4113.183776760101	2.612788e-15
4116.2317928314205	2.6031184e-15
4119.27980890274	2.6140381e-15
4122.32782497406	2.5185178e-15
4125.375841045379	2.6228132e-15
4128.423857116699	2.5842291e-15
4131.471873188018	2.429155e-15
4134.519889259338	2.5227502e-15
4137.567905330658	2.502102e-15
4140.615921401977	2.5259878e-15
4143.663937473297	2.4678949e-15
4146.711953544616	2.5302011e-15
4149.759969615936	2.5068857e-15
4152.8079856872555	2.4774505e-15
4155.856001758575	2.4283113e-15
4158.904017829895	2.4379595e-15
4161.952033901214	2.4464048e-15
4165.000049972534	2.435144e-15
4168.048066043853	2.4529051e-15
4171.096082115173	2.4838652e-15
4174.144098186493	2.3881774e-15
4177.192114257812	2.3424775e-15
4180.240130329132	2.3360942e-15
4183.288146400451	2.333762e-15
4186.336162471771	2.2987744e-15
4189.3841785430905	2.2799842e-15
4192.43219461441	2.2753732e-15
4195.48021068573	2.3044419e-15
4198.528226757049	2.3174292e-15
4201.576242828369	2.2545726e-15
4204.624258899688	2.246511e-15
4207.672274971008	2.2886186e-15
4210.7202910423275	2.3152597e-15
4213.768307113647	2.2924618e-15
4216.816323184967	2.2927805e-15
4219.864339256286	2.3606652e-15
4222.912355327606	2.3974514e-15
4225.960371398925	2.3649545e-15
4229.008387470245	2.3998769e-15
4232.056403541565	2.4233215e-15
4235.104419612884	2.3697434e-15
4238.152435684204	2.4606601e-15
4241.200451755523	2.3779707e-15
4244.248467826843	2.4284706e-15
4247.2964838981625	2.4707007e-15
4250.344499969482	2.474376e-15
4253.392516040802	2.4464785e-15
4256.440532112121	2.4797402e-15
4259.488548183441	2.4760965e-15
4262.53656425476	2.5251312e-15
4265.58458032608	2.4863712e-15
4268.6325963973995	2.5308328e-15
4271.680612468719	2.4562744e-15
4274.728628540039	2.4885752e-15
4277.776644611358	2.4710054e-15
4280.824660682678	2.4362226e-15
4283.872676753997	2.4836929e-15
4286.920692825317	2.556105e-15
4289.968708896637	2.4703627e-15
4293.016724967956	2.4151779e-15
4296.064741039276	2.4724244e-15
4299.112757110595	2.4621596e-15
4302.160773181915	2.4480817e-15
4305.2087892532345	2.4856466e-15
4308.256805324554	2.4738891e-15
4311.304821395874	2.3634458e-15
4314.352837467193	2.3830285e-15
4317.400853538513	2.3236632e-15
4320.448869609832	2.3582899e-15
4323.496885681152	2.366596e-15
4326.544901752472	2.288491e-15
4329.592917823791	2.2996392e-15
4332.640933895111	2.34062e-15
4335.68894996643	2.3335355e-15
4338.73696603775	2.2986382e-15
4341.7849821090695	2.3118483e-15
4344.832998180389	2.2948776e-15
4347.881014251709	2.314507e-15
4350.929030323028	2.276566e-15
4353.977046394348	2.322442e-15
4357.025062465667	2.3646684e-15
4360.073078536987	2.341031e-15
4363.1210946083065	2.3113202e-15
4366.169110679626	2.3931497e-15
4369.217126750946	2.4153443e-15
4372.265142822265	2.3747176e-15
4375.313158893585	2.4003105e-15
4378.361174964904	2.3629708e-15
4381.409191036224	2.40902e-15
4384.457207107544	2.3585402e-15
4387.505223178863	2.4083046e-15
4390.553239250183	2.3838554e-15
4393.601255321502	2.3534251e-15
4396.649271392822	2.395086e-15
4399.6972874641415	2.3474332e-15
4402.745303535461	2.4429917e-15
4405.793319606781	2.3944999e-15
4408.8413356781	2.4502389e-15
4411.88935174942	2.4654315e-15
4414.937367820739	2.485997e-15
4417.985383892059	2.4725476e-15
4421.0333999633785	2.4599203e-15
4424.081416034698	2.4553632e-15
4427.129432106018	2.4648136e-15
4430.177448177337	2.4764317e-15
4433.225464248657	2.449517e-15
4436.273480319976	2.4737189e-15
4439.321496391296	2.503161e-15
4442.369512462616	2.447848e-15
4445.417528533935	2.4377532e-15
4448.465544605255	2.4758447e-15
4451.513560676574	2.4719572e-15
4454.561576747894	2.4354344e-15
4457.6095928192135	2.4356447e-15
4460.657608890533	2.4564216e-15
4463.705624961853	2.4774992e-15
4466.753641033172	2.444347e-15
4469.801657104492	2.4911658e-15
4472.849673175811	2.476905e-15
4475.897689247131	2.4623834e-15
4478.945705318451	2.5027033e-15
4481.99372138977	2.5117953e-15
4485.04173746109	2.544853e-15
4488.089753532409	2.5602473e-15
4491.137769603729	2.5220762e-15
4494.1857856750485	2.5165182e-15
4497.233801746368	2.5525516e-15
4500.281817817688	2.621515e-15
4503.329833889007	2.5946224e-15
4506.377849960327	2.6003503e-15
4509.425866031646	2.5877892e-15
4512.473882102966	2.6433397e-15
4515.5218981742855	2.6623652e-15
4518.569914245605	2.667673e-15
4521.617930316925	2.6432843e-15
4524.665946388244	2.6775588e-15
4527.713962459564	2.6524955e-15
4530.761978530883	2.6282147e-15
4533.809994602203	2.6841604e-15
4536.858010673523	2.702184e-15
4539.906026744842	2.6377868e-15
4542.954042816162	2.6068879e-15
4546.002058887481	2.6709736e-15
4549.050074958801	2.6804643e-15
4552.0980910301205	2.6439011e-15
4555.14610710144	2.66817e-15
4558.19412317276	2.6870354e-15
4561.242139244079	2.6870636e-15
4564.290155315399	2.6629807e-15
4567.338171386718	2.6710517e-15
4570.386187458038	2.642509e-15
4573.434203529358	2.6220322e-15
4576.482219600677	2.6323031e-15
4579.530235671997	2.6061018e-15
4582.578251743316	2.547839e-15
4585.626267814636	2.5362818e-15
4588.674283885955	2.5440128e-15
4591.722299957275	2.4846869e-15
4594.770316028595	2.4661021e-15
4597.818332099914	2.4544279e-15
4600.866348171234	2.4741098e-15
4603.914364242553	2.4730196e-15
4606.962380313873	2.4177823e-15
4610.0103963851925	2.411229e-15
4613.058412456512	2.406441e-15
4616.106428527832	2.3824701e-15
4619.154444599151	2.3231943e-15
4622.202460670471	2.2588948e-15
4625.25047674179	2.2745e-15
4628.29849281311	2.2733606e-15
4631.34650888443	2.1920088e-15
4634.394524955749	2.1742556e-15
4637.442541027069	2.1494842e-15
4640.490557098388	2.0905315e-15
4643.538573169708	2.0107042e-15
4646.5865892410275	2.0624473e-15
4649.634605312347	2.0543503e-15
4652.682621383667	1.953944e-15
4655.730637454986	1.928358e-15
4658.778653526306	1.8823651e-15
4661.826669597625	1.8816193e-15
4664.874685668945	1.8368496e-15
4667.9227017402645	1.8020639e-15
4670.970717811584	1.8146849e-15
4674.018733882904	1.7606197e-15
4677.066749954223	1.7886206e-15
4680.114766025543	1.7239025e-15
4683.162782096862	1.7833912e-15
4686.210798168182	1.7824517e-15
4689.258814239502	1.7725235e-15
4692.306830310821	1.7502685e-15
4695.354846382141	1.7841836e-15
4698.40286245346	1.782455e-15
4701.45087852478	1.7840663e-15
4704.4988945960995	1.8279342e-15
4707.546910667419	1.8436816e-15
4710.594926738739	1.8316334e-15
4713.642942810058	1.852415e-15
4716.690958881378	1.8975505e-15
4719.738974952697	1.958995e-15
4722.786991024017	1.9742644e-15
4725.835007095337	1.9532933e-15
4728.883023166656	2.0062098e-15
4731.931039237976	2.0293156e-15
4734.979055309295	2.0194138e-15
4738.027071380615	2.01842e-15
4741.075087451934	2.046971e-15
4744.123103523254	2.1066658e-15
4747.171119594574	2.106206e-15
4750.219135665893	2.0820186e-15
4753.267151737213	2.1249295e-15
4756.315167808532	2.113622e-15
4759.363183879852	2.1293735e-15
4762.4111999511715	2.1275378e-15
4765.459216022491	2.1672136e-15
4768.507232093811	2.1532823e-15
4771.55524816513	2.1526193e-15
4774.60326423645	2.1709338e-15
4777.651280307769	2.209685e-15
4780.699296379089	2.1995553e-15
4783.747312450409	2.1841945e-15
4786.795328521728	2.2412752e-15
4789.843344593048	2.2432679e-15
4792.891360664367	2.2110137e-15
4795.939376735687	2.2308379e-15
4798.9873928070065	2.2491433e-15
4802.035408878326	2.2022838e-15
4805.083424949646	2.181977e-15
4808.131441020965	2.1761947e-15
4811.179457092285	2.2322562e-15
4814.227473163604	2.2477948e-15
4817.275489234924	2.1900346e-15
4820.3235053062435	2.2047418e-15
4823.371521377563	2.2447567e-15
4826.419537448883	2.186338e-15
4829.467553520202	2.2054061e-15
4832.515569591522	2.2143713e-15
4835.563585662841	2.2374833e-15
4838.611601734161	2.23025e-15
4841.659617805481	2.2336377e-15
4844.7076338768	2.2052274e-15
4847.75564994812	2.1967412e-15
4850.803666019439	2.2234526e-15
4853.851682090759	2.2189794e-15
4856.8996981620785	2.223773e-15
4859.947714233398	2.2494148e-15
4862.995730304718	2.2357865e-15
4866.043746376037	2.3031946e-15
4869.091762447357	2.2653727e-15
4872.139778518676	2.2154731e-15
4875.187794589996	2.2319983e-15
4878.235810661316	2.2279616e-15
4881.283826732635	2.214413e-15
4884.331842803955	2.241654e-15
4887.379858875274	2.2586409e-15
4890.427874946594	2.2409034e-15
4893.475891017913	2.239117e-15
4896.523907089233	2.258305e-15
4899.571923160553	2.277914e-15
4902.619939231872	2.266259e-15
4905.667955303192	2.2288291e-15
4908.715971374511	2.263076e-15
4911.763987445831	2.2431006e-15
4914.8120035171505	2.247624e-15
4917.86001958847	2.257352e-15
4920.90803565979	2.2406332e-15
4923.956051731109	2.2580463e-15
4927.004067802429	2.2470946e-15
4930.052083873748	2.2058263e-15
4933.100099945068	2.2298684e-15
4936.148116016388	2.21494e-15
4939.196132087707	2.21359e-15
4942.244148159027	2.2195647e-15
4945.292164230346	2.1977212e-15
4948.340180301666	2.183732e-15
4951.3881963729855	2.1809982e-15
4954.436212444305	2.1695887e-15
4957.484228515625	2.1597064e-15
4960.532244586944	2.124943e-15
4963.580260658264	2.0988763e-15
4966.628276729583	2.107043e-15
4969.676292800903	2.1326214e-15
4972.7243088722225	2.1022301e-15
4975.772324943542	2.1243989e-15
4978.820341014862	2.1170991e-15
4981.868357086181	2.077358e-15
4984.916373157501	2.071359e-15
4987.96438922882	2.0667892e-15
4991.01240530014	2.070034e-15
4994.06042137146	2.0709024e-15
4997.108437442779	2.075029e-15
5000.156453514099	2.0642568e-15
5003.204469585418	2.0390978e-15
5006.252485656738	2.0326925e-15
5009.3005017280575	2.0504722e-15
5012.348517799377	2.0472503e-15
5015.396533870697	2.0205511e-15
5018.444549942016	2.0265115e-15
5021.492566013336	2.0346439e-15
5024.540582084655	1.9985e-15
5027.588598155975	2.0404683e-15
5030.636614227295	2.0543835e-15
5033.684630298614	2.0358301e-15
5036.732646369934	2.0357029e-15
5039.780662441253	2.0303566e-15
5042.828678512573	2.0412533e-15
5045.8766945838925	2.0749415e-15
5048.924710655212	2.0747507e-15
5051.972726726532	2.061403e-15
5055.020742797851	2.0804559e-15
5058.068758869171	2.0830135e-15
5061.11677494049	2.084082e-15
5064.16479101181	2.070888e-15
5067.2128070831295	2.0655053e-15
5070.260823154449	2.0821942e-15
5073.308839225769	2.0726549e-15
5076.356855297088	2.08412e-15
5079.404871368408	2.1068397e-15
5082.452887439727	2.060257e-15
5085.500903511047	2.0939084e-15
5088.548919582367	2.0303257e-15
5091.596935653686	2.0992263e-15
5094.644951725006	2.0574991e-15
5097.692967796325	2.0370257e-15
5100.740983867645	2.0475562e-15
5103.7889999389645	2.0444915e-15
5106.837016010284	2.0373033e-15
5109.885032081604	2.0144339e-15
5112.933048152923	2.0351254e-15
5115.981064224243	2.0372968e-15
5119.029080295562	2.0506058e-15
5122.077096366882	1.9980141e-15
5125.1251124382015	2.0347076e-15
5128.173128509521	2.0641727e-15
5131.221144580841	2.045409e-15
5134.26916065216	2.057377e-15
5137.31717672348	2.0784086e-15
5140.365192794799	2.0786983e-15
5143.413208866119	2.0815178e-15
5146.461224937439	2.0426087e-15
5149.509241008758	2.0821863e-15
5152.557257080078	2.1028213e-15
5155.605273151397	2.0888212e-15
5158.653289222717	2.080724e-15
5161.7013052940365	2.0795919e-15
5164.749321365356	2.0750376e-15
5167.797337436676	2.078883e-15
5170.845353507995	2.0992653e-15
5173.893369579315	2.0991126e-15
5176.941385650634	2.0699872e-15
5179.989401721954	2.0914542e-15
5183.037417793274	2.0963852e-15
5186.085433864593	2.075287e-15
5189.133449935913	2.0791616e-15
5192.181466007232	2.1145235e-15
5195.229482078552	2.1209847e-15
5198.2774981498715	2.0762541e-15
5201.325514221191	2.0738723e-15
5204.373530292511	2.074457e-15
5207.42154636383	2.103708e-15
5210.46956243515	2.0907837e-15
5213.517578506469	2.0757718e-15
5216.565594577789	2.0926298e-15
5219.6136106491085	2.102455e-15
5222.661626720428	2.0882973e-15
5225.709642791748	2.0710565e-15
5228.757658863067	2.082671e-15
5231.805674934387	2.077092e-15
5234.853691005706	2.0651491e-15
5237.901707077026	2.0561272e-15
5240.949723148346	2.0619255e-15
5243.997739219665	2.0616367e-15
5247.045755290985	2.046468e-15
5250.093771362304	2.0478667e-15
5253.141787433624	2.0437588e-15
5256.1898035049435	2.0236877e-15
5259.237819576263	2.0054365e-15
5262.285835647583	1.9910157e-15
5265.333851718902	2.0024587e-15
5268.381867790222	2.0167232e-15
5271.429883861541	1.9970593e-15
5274.477899932861	1.9627176e-15
5277.5259160041805	1.9718501e-15
5280.5739320755	1.9923731e-15
5283.62194814682	1.9290438e-15
5286.669964218139	1.9360528e-15
5289.717980289459	1.9424678e-15
5292.765996360778	1.9515588e-15
5295.814012432098	1.9378547e-15
5298.862028503418	1.913125e-15
5301.910044574737	1.9185546e-15
5304.958060646057	1.9274487e-15
5308.006076717376	1.9231678e-15
5311.054092788696	1.9081613e-15
5314.1021088600155	1.8905636e-15
5317.150124931335	1.8895749e-15
5320.198141002655	1.9235665e-15
5323.246157073974	1.934304e-15
5326.294173145294	1.8937077e-15
5329.342189216613	1.865249e-15
5332.390205287933	1.891972e-15
5335.438221359253	1.9129608e-15
5338.486237430572	1.8573162e-15
5341.534253501892	1.8752829e-15
5344.582269573211	1.9071506e-15
5347.630285644531	1.8751774e-15
5350.6783017158505	1.8498223e-15
5353.72631778717	1.8579204e-15
5356.77433385849	1.8575003e-15
5359.822349929809	1.8694197e-15
5362.870366001129	1.8534733e-15
5365.918382072448	1.8477069e-15
5368.966398143768	1.8603347e-15
5372.0144142150875	1.8856563e-15
5375.062430286407	1.8673451e-15
5378.110446357727	1.830976e-15
5381.158462429046	1.8350448e-15
5384.206478500366	1.8230525e-15
5387.254494571685	1.8072263e-15
5390.302510643005	1.8441112e-15
5393.350526714325	1.8263383e-15
5396.398542785644	1.8459804e-15
5399.446558856964	1.8240202e-15
5402.494574928283	1.8106426e-15
5405.542590999603	1.826858e-15
5408.5906070709225	1.795973e-15
5411.638623142242	1.7896157e-15
5414.686639213562	1.7824682e-15
5417.734655284881	1.795318e-15
5420.782671356201	1.793861e-15
5423.83068742752	1.7591834e-15
5426.87870349884	1.7598404e-15
5429.92671957016	1.7785587e-15
5432.974735641479	1.7639917e-15
5436.022751712799	1.7565047e-15
5439.070767784118	1.7586223e-15
5442.118783855438	1.739514e-15
5445.166799926757	1.7505418e-15
5448.214815998077	1.7339602e-15
5451.262832069397	1.6991966e-15
5454.310848140716	1.7109085e-15
5457.358864212036	1.7315053e-15
5460.406880283355	1.7110013e-15
5463.454896354675	1.7209068e-15
5466.5029124259945	1.7298429e-15
5469.550928497314	1.6904882e-15
5472.598944568634	1.6791835e-15
5475.646960639953	1.6929793e-15
5478.694976711273	1.6770288e-15
5481.742992782592	1.6566011e-15
5484.791008853912	1.6740302e-15
5487.839024925232	1.6852532e-15
5490.887040996551	1.6354533e-15
5493.935057067871	1.632949e-15
5496.98307313919	1.6562693e-15
5500.03108921051	1.661143e-15
5503.0791052818295	1.6302364e-15
5506.127121353149	1.6297418e-15
5509.175137424469	1.6583482e-15
5512.223153495788	1.6270171e-15
5515.271169567108	1.6238658e-15
5518.319185638427	1.6176123e-15
5521.367201709747	1.6187439e-15
5524.4152177810665	1.6151385e-15
5527.463233852386	1.5994549e-15
5530.511249923706	1.5917091e-15
5533.559265995025	1.5991255e-15
5536.607282066345	1.5810354e-15
5539.655298137664	1.5477868e-15
5542.703314208984	1.5772659e-15
5545.751330280304	1.5883906e-15
5548.799346351623	1.5481005e-15
5551.847362422943	1.5598097e-15
5554.895378494262	1.5830335e-15
5557.943394565582	1.5457546e-15
5560.9914106369015	1.5542028e-15
5564.039426708221	1.5676449e-15
5567.087442779541	1.5640055e-15
5570.13545885086	1.5598026e-15
5573.18347492218	1.5303036e-15
5576.231490993499	1.5058053e-15
5579.279507064819	1.5145278e-15
5582.327523136139	1.5252691e-15
5585.375539207458	1.5167173e-15
5588.423555278778	1.501088e-15
5591.471571350097	1.4770915e-15
5594.519587421417	1.4609715e-15
5597.567603492736	1.4530483e-15
5600.615619564056	1.4504429e-15
5603.663635635376	1.4482115e-15
5606.711651706695	1.4365398e-15
5609.759667778015	1.4088218e-15
5612.807683849334	1.3720468e-15
5615.855699920654	1.3735374e-15
5618.9037159919735	1.365856e-15
5621.951732063293	1.3608548e-15
5624.999748134613	1.3589612e-15
5628.047764205932	1.3355336e-15
5631.095780277252	1.3083827e-15
5634.143796348571	1.2917141e-15
5637.191812419891	1.2964342e-15
5640.239828491211	1.2779475e-15
5643.28784456253	1.269478e-15
5646.33586063385	1.242242e-15
5649.383876705169	1.2247787e-15
5652.431892776489	1.2355767e-15
5655.4799088478085	1.2252089e-15
5658.527924919128	1.218703e-15
5661.575940990448	1.2034752e-15
5664.623957061767	1.2204997e-15
5667.671973133087	1.2221573e-15
5670.719989204406	1.2259088e-15
5673.768005275726	1.2362509e-15
5676.8160213470455	1.235841e-15
5679.864037418365	1.2463532e-15
5682.912053489685	1.2373521e-15
5685.960069561004	1.2563039e-15
5689.008085632324	1.2929901e-15
5692.056101703643	1.3069655e-15
5695.104117774963	1.3236632e-15
5698.152133846283	1.3346486e-15
5701.200149917602	1.3285876e-15
5704.248165988922	1.3673693e-15
5707.296182060241	1.3786486e-15
5710.344198131561	1.3960238e-15
5713.3922142028805	1.3978377e-15
5716.4402302742	1.4013181e-15
5719.48824634552	1.414641e-15
5722.536262416839	1.4322907e-15
5725.584278488159	1.4563983e-15
5728.632294559478	1.4584949e-15
5731.680310630798	1.4654635e-15
5734.728326702118	1.4591917e-15
5737.776342773437	1.4919504e-15
5740.824358844757	1.5384264e-15
5743.872374916076	1.5436598e-15
5746.920390987396	1.5239058e-15
5749.9684070587155	1.5293275e-15
5753.016423130035	1.5535408e-15
5756.064439201355	1.5748817e-15
5759.112455272674	1.5678416e-15
5762.160471343994	1.5423292e-15
5765.208487415313	1.5463986e-15
5768.256503486633	1.5605524e-15
5771.3045195579525	1.5616894e-15
5774.352535629272	1.5881254e-15
5777.400551700592	1.5786867e-15
5780.448567771911	1.6033269e-15
5783.496583843231	1.5903351e-15
5786.54459991455	1.5749917e-15
5789.59261598587	1.5897829e-15
5792.64063205719	1.5941882e-15
5795.688648128509	1.5821663e-15
5798.736664199829	1.5689741e-15
5801.784680271148	1.6009907e-15
5804.832696342468	1.616301e-15
5807.8807124137875	1.6069584e-15
5810.928728485107	1.6050198e-15
5813.976744556427	1.6154642e-15
5817.024760627746	1.6197856e-15
5820.072776699066	1.6076929e-15
5823.120792770385	1.5823252e-15
5826.168808841705	1.622081e-15
5829.2168249130245	1.6041911e-15
5832.264840984344	1.5905508e-15
5835.312857055664	1.6132837e-15
5838.360873126983	1.5980873e-15
5841.408889198303	1.6153427e-15
5844.456905269622	1.6039358e-15
5847.504921340942	1.6111028e-15
5850.552937412262	1.6133439e-15
5853.600953483581	1.5855502e-15
5856.648969554901	1.5859788e-15
5859.69698562622	1.6084088e-15
5862.74500169754	1.6008715e-15
5865.7930177688595	1.6285927e-15
5868.841033840179	1.616579e-15
5871.889049911499	1.582629e-15
5874.937065982818	1.5545779e-15
5877.985082054138	1.5578813e-15
5881.033098125457	1.577658e-15
5884.081114196777	1.5725485e-15
5887.129130268097	1.5593602e-15
5890.177146339416	1.5740182e-15
5893.225162410736	1.5536665e-15
5896.273178482055	1.5563953e-15
5899.321194553375	1.5567741e-15
5902.3692106246945	1.5570534e-15
5905.417226696014	1.5635692e-15
5908.465242767334	1.5160183e-15
5911.513258838653	1.5260652e-15
5914.561274909973	1.5465795e-15
5917.609290981292	1.5199694e-15
5920.657307052612	1.4876662e-15
5923.7053231239315	1.5040517e-15
5926.753339195251	1.5136286e-15
5929.801355266571	1.4887994e-15
5932.84937133789	1.514434e-15
5935.89738740921	1.5076429e-15
5938.945403480529	1.4686295e-15
5941.993419551849	1.465582e-15
5945.041435623169	1.4811574e-15
5948.089451694488	1.4677228e-15
5951.137467765808	1.4541016e-15
5954.185483837127	1.4988099e-15
5957.233499908447	1.465005e-15
5960.2815159797665	1.4614397e-15
5963.329532051086	1.4606979e-15
5966.377548122406	1.4467403e-15
5969.425564193725	1.4516627e-15
5972.473580265045	1.4693002e-15
5975.521596336364	1.4638128e-15
5978.569612407684	1.4291366e-15
5981.6176284790035	1.4392141e-15
5984.665644550323	1.4669745e-15
5987.713660621643	1.4642281e-15
5990.761676692962	1.4508321e-15
5993.809692764282	1.4426261e-15
5996.857708835601	1.4360194e-15
5999.905724906921	1.4461811e-15
6002.953740978241	1.4339036e-15
6006.00175704956	1.4287676e-15
6009.04977312088	1.4218925e-15
6012.097789192199	1.393578e-15
6015.145805263519	1.3770856e-15
6018.1938213348385	1.4063264e-15
6021.241837406158	1.4316386e-15
6024.289853477478	1.4138591e-15
6027.337869548797	1.4053081e-15
6030.385885620117	1.3984741e-15
6033.433901691436	1.3918081e-15
6036.481917762756	1.4064994e-15
6039.529933834076	1.4070002e-15
6042.577949905395	1.3843789e-15
6045.625965976715	1.3946318e-15
6048.673982048034	1.4226426e-15
6051.721998119354	1.4325401e-15
6054.7700141906735	1.4035723e-15
6057.818030261993	1.3884789e-15
6060.866046333313	1.4200832e-15
6063.914062404632	1.3916523e-15
6066.962078475952	1.4080871e-15
6070.010094547271	1.3885954e-15
6073.058110618591	1.3817326e-15
6076.1061266899105	1.3864088e-15
6079.15414276123	1.3551293e-15
6082.20215883255	1.3259388e-15
6085.250174903869	1.3244361e-15
6088.298190975189	1.3256294e-15
6091.346207046508	1.3110885e-15
6094.394223117828	1.3019813e-15
6097.442239189148	1.2934905e-15
6100.490255260467	1.2862603e-15
6103.538271331787	1.2954145e-15
6106.586287403106	1.2827091e-15
6109.634303474426	1.2875189e-15
6112.6823195457455	1.2668211e-15
6115.730335617065	1.2524515e-15
6118.778351688385	1.2430071e-15
6121.826367759704	1.2346705e-15
6124.874383831024	1.245376e-15
6127.922399902343	1.2460574e-15
6130.970415973663	1.2361304e-15
6134.018432044983	1.2302723e-15
6137.066448116302	1.2188026e-15
6140.114464187622	1.2128014e-15
6143.162480258941	1.2079825e-15
6146.210496330261	1.1929215e-15
6149.25851240158	1.1911488e-15
6152.3065284729	1.1794963e-15
6155.35454454422	1.1753947e-15
6158.402560615539	1.1713654e-15
6161.450576686859	1.1596942e-15
6164.498592758178	1.1630119e-15
6167.546608829498	1.1636484e-15
6170.5946249008175	1.1335109e-15
6173.642640972137	1.135342e-15
6176.690657043457	1.1275099e-15
6179.738673114776	1.1296315e-15
6182.786689186096	1.1235416e-15
6185.834705257415	1.0880564e-15
6188.882721328735	1.0750372e-15
6191.930737400055	1.0738437e-15
6194.978753471374	1.0485482e-15
6198.026769542694	1.0303525e-15
6201.074785614013	1.034207e-15
6204.122801685333	1.0287278e-15
6207.1708177566525	1.0086773e-15
6210.218833827972	1.0052881e-15
6213.266849899292	9.826478e-16
6216.314865970611	9.786223e-16
6219.362882041931	9.684285e-16
6222.41089811325	9.409685e-16
6225.45891418457	9.090789e-16
6228.5069302558895	8.887306e-16
6231.554946327209	8.745062e-16
6234.602962398529	8.421248e-16
6237.650978469848	8.351545e-16
6240.698994541168	8.2296954e-16
6243.747010612487	8.097484e-16
6246.795026683807	7.9813966e-16
6249.843042755127	7.86585e-16
6252.891058826446	7.8430486e-16
6255.939074897766	7.687189e-16
6258.987090969085	7.523106e-16
6262.035107040405	7.521451e-16
6265.0831231117245	7.502786e-16
6268.131139183044	7.4500063e-16
6271.179155254364	7.3957824e-16
6274.227171325683	7.115056e-16
6277.275187397003	7.048583e-16
6280.323203468322	6.9972105e-16
6283.371219539642	7.2248835e-16
6286.419235610962	7.674751e-16
6289.467251682281	7.8480435e-16
6292.515267753601	7.668916e-16
6295.56328382492	7.7609484e-16
6298.61129989624	7.8241704e-16
6301.659315967559	8.1962916e-16
6304.707332038879	8.347453e-16
6307.755348110199	8.358209e-16
6310.803364181518	8.5178687e-16
6313.851380252838	8.578713e-16
6316.899396324157	8.513704e-16
6319.947412395477	8.799053e-16
6322.9954284667965	9.030947e-16
6326.043444538116	9.136462e-16
6329.091460609436	9.240298e-16
6332.139476680755	9.43523e-16
6335.187492752075	9.750629e-16
6338.235508823394	9.839413e-16
6341.283524894714	1.0012086e-15
6344.331540966034	1.009294e-15
6347.379557037353	1.0288256e-15
6350.427573108673	1.0703064e-15
6353.475589179992	1.0802643e-15
6356.523605251312	1.0853702e-15
6359.5716213226315	1.1288459e-15
6362.619637393951	1.1328566e-15
6365.667653465271	1.1375068e-15
6368.71566953659	1.1528113e-15
6371.76368560791	1.163708e-15
6374.811701679229	1.1797921e-15
6377.859717750549	1.1897201e-15
6380.9077338218685	1.2281398e-15
6383.955749893188	1.2389555e-15
6387.003765964508	1.2534472e-15
6390.051782035827	1.2719288e-15
6393.099798107147	1.2854809e-15
6396.147814178466	1.3066962e-15
6399.195830249786	1.2993119e-15
6402.243846321106	1.3161044e-15
6405.291862392425	1.3414133e-15
6408.339878463745	1.329595e-15
6411.387894535064	1.2995373e-15
6414.435910606384	1.3138352e-15
6417.4839266777035	1.3652748e-15
6420.531942749023	1.3788218e-15
6423.579958820343	1.3578688e-15
6426.627974891662	1.365867e-15
6429.675990962982	1.3918117e-15
6432.724007034301	1.3798171e-15
6435.772023105621	1.3566866e-15
6438.820039176941	1.4002804e-15
6441.86805524826	1.387352e-15
6444.91607131958	1.3925761e-15
6447.964087390899	1.3998951e-15
6451.012103462219	1.3988763e-15
6454.060119533538	1.4034316e-15
6457.108135604858	1.4030891e-15
6460.156151676178	1.4063411e-15
6463.204167747497	1.4007871e-15
6466.252183818817	1.4113675e-15
6469.300199890136	1.4246825e-15
6472.348215961456	1.433495e-15
6475.3962320327755	1.4451752e-15
6478.444248104095	1.4382857e-15
6481.492264175415	1.4416548e-15
6484.540280246734	1.4631767e-15
6487.588296318054	1.4744272e-15
6490.636312389373	1.4818343e-15
6493.684328460693	1.4790194e-15
6496.732344532013	1.4608002e-15
6499.780360603332	1.4838135e-15
6502.828376674652	1.4769373e-15
6505.876392745971	1.4975769e-15
6508.924408817291	1.5014831e-15
6511.9724248886105	1.4814474e-15
6515.02044095993	1.4807219e-15
6518.06845703125	1.4978525e-15
6521.116473102569	1.5235706e-15
6524.164489173889	1.5216514e-15
6527.212505245208	1.5147665e-15
6530.260521316528	1.5335951e-15
6533.3085373878475	1.5512351e-15
6536.356553459167	1.5440199e-15
6539.404569530487	1.5429728e-15
6542.452585601806	1.5367097e-15
6545.500601673126	1.5163161e-15
6548.548617744445	1.5241765e-15
6551.596633815765	1.5418546e-15
6554.644649887085	1.5389313e-15
6557.692665958404	1.5381614e-15
6560.740682029724	1.5299311e-15
6563.788698101043	1.5107682e-15
6566.836714172363	1.5212774e-15
6569.8847302436825	1.5404335e-15
6572.932746315002	1.5321743e-15
6575.980762386322	1.5245919e-15
6579.028778457641	1.5401797e-15
6582.076794528961	1.5655868e-15
6585.12481060028	1.515799e-15
6588.1728266716	1.5042258e-15
6591.22084274292	1.5363258e-15
6594.268858814239	1.525989e-15
6597.316874885559	1.5255717e-15
6600.364890956878	1.5474648e-15
6603.412907028198	1.5094505e-15
6606.4609230995175	1.4846821e-15
6609.508939170837	1.5054082e-15
6612.556955242157	1.5137914e-15
6615.604971313476	1.4965977e-15
6618.652987384796	1.5036925e-15
6621.701003456115	1.5147679e-15
6624.749019527435	1.4915275e-15
6627.7970355987545	1.4731283e-15
6630.845051670074	1.4718643e-15
6633.893067741394	1.466067e-15
6636.941083812713	1.468536e-15
6639.989099884033	1.4658724e-15
6643.037115955352	1.4549766e-15
6646.085132026672	1.4418347e-15
6649.133148097992	1.4423995e-15
6652.181164169311	1.4519527e-15
6655.229180240631	1.4426806e-15
6658.27719631195	1.430141e-15
6661.32521238327	1.43915e-15
6664.3732284545895	1.4506676e-15
6667.421244525909	1.4345351e-15
6670.469260597229	1.4057743e-15
6673.517276668548	1.3930674e-15
6676.565292739868	1.3977286e-15
6679.613308811187	1.3913102e-15
6682.661324882507	1.3843007e-15
6685.7093409538265	1.3762923e-15
6688.757357025146	1.3646319e-15
6691.805373096466	1.3715812e-15
6694.853389167785	1.3835666e-15
6697.901405239105	1.3542599e-15
6700.949421310424	1.3526702e-15
6703.997437381744	1.3504724e-15
6707.045453453064	1.3615517e-15
6710.093469524383	1.3506337e-15
6713.141485595703	1.3130154e-15
6716.189501667022	1.3297603e-15
6719.237517738342	1.3008529e-15
6722.2855338096615	1.2971472e-15
6725.333549880981	1.3064887e-15
6728.381565952301	1.2967014e-15
6731.42958202362	1.2906347e-15
6734.47759809494	1.2977316e-15
6737.525614166259	1.2941354e-15
6740.573630237579	1.2726553e-15
6743.621646308899	1.2616716e-15
6746.669662380218	1.2596816e-15
6749.717678451538	1.2532126e-15
6752.765694522857	1.2399625e-15
6755.813710594177	1.2172271e-15
6758.8617266654965	1.1972775e-15
6761.909742736816	1.2010123e-15
6764.957758808136	1.2275194e-15
6768.005774879455	1.2229628e-15
6771.053790950775	1.1884362e-15
6774.101807022094	1.1893122e-15
6777.149823093414	1.1729532e-15
6780.1978391647335	1.1703522e-15
6783.245855236053	1.1621349e-15
6786.293871307373	1.156808e-15
6789.341887378692	1.163932e-15
6792.389903450012	1.1619755e-15
6795.437919521331	1.140896e-15
6798.485935592651	1.1479634e-15
6801.533951663971	1.1402925e-15
6804.58196773529	1.1261121e-15
6807.62998380661	1.1292598e-15
6810.677999877929	1.1285259e-15
6813.726015949249	1.1255225e-15
6816.7740320205685	1.1084467e-15
6819.822048091888	1.0841407e-15
6822.870064163208	1.0841434e-15
6825.918080234527	1.0870737e-15
6828.966096305847	1.0818455e-15
6832.014112377166	1.1003286e-15
6835.062128448486	1.0727395e-15
6838.1101445198055	1.0725472e-15
6841.158160591125	1.070212e-15
6844.206176662445	1.0614233e-15
6847.254192733764	1.0668362e-15
6850.302208805084	1.0625459e-15
6853.350224876403	1.0878069e-15
6856.398240947723	1.0744421e-15
6859.446257019043	1.0381608e-15
6862.494273090362	1.0434825e-15
6865.542289161682	1.0957983e-15
6868.590305233001	1.134319e-15
6871.638321304321	1.147677e-15
6874.6863373756405	1.1012419e-15
6877.73435344696	1.0796177e-15
6880.78236951828	1.0838551e-15
6883.830385589599	1.0779284e-15
6886.878401660919	1.0875123e-15
6889.926417732238	1.0835504e-15
6892.974433803558	1.0852654e-15
6896.022449874878	1.0886943e-15
6899.070465946197	1.1069883e-15
6902.118482017517	1.1062352e-15
6905.166498088836	1.07089e-15
6908.214514160156	1.0981556e-15
6911.2625302314755	1.1026068e-15
6914.310546302795	1.0769572e-15
6917.358562374115	1.0828218e-15
6920.406578445434	1.0797958e-15
6923.454594516754	1.0541635e-15
6926.502610588073	1.0620926e-15
6929.550626659393	1.0517989e-15
6932.5986427307125	1.0882226e-15
6935.646658802032	1.0746068e-15
6938.694674873352	1.0617723e-15
6941.742690944671	1.0869144e-15
6944.790707015991	1.0635998e-15
6947.83872308731	1.0714069e-15
6950.88673915863	1.0574574e-15
6953.93475522995	1.0761877e-15
6956.982771301269	1.079699e-15
6960.030787372589	1.0492869e-15
6963.078803443908	1.0469921e-15
6966.126819515228	1.0477925e-15
6969.1748355865475	1.0569247e-15
6972.222851657867	1.0556216e-15
6975.270867729187	1.0271243e-15
6978.318883800506	1.0326522e-15
6981.366899871826	1.0521714e-15
6984.414915943145	1.0219737e-15
6987.462932014465	1.0132487e-15
6990.510948085785	1.0218139e-15
6993.558964157104	1.0195054e-15
6996.606980228424	1.0230851e-15
6999.654996299743	1.0239646e-15
7002.703012371063	9.958458e-16
7005.751028442382	1.0141809e-15
7008.799044513702	1.0153499e-15
7011.847060585022	1.0086587e-15
7014.895076656341	1.0155009e-15
7017.943092727661	1.0085685e-15
7020.99110879898	9.75991e-16
7024.0391248703	9.807934e-16
7027.0871409416195	9.999347e-16
7030.135157012939	1.0046521e-15
7033.183173084259	9.885195e-16
7036.231189155578	9.810798e-16
7039.279205226898	9.972121e-16
7042.327221298217	9.929606e-16
7045.375237369537	9.986695e-16
7048.423253440857	1.0146867e-15
7051.471269512176	1.0108829e-15
7054.519285583496	1.0024475e-15
7057.567301654815	1.0062356e-15
7060.615317726135	1.0034754e-15
7063.6633337974545	9.937492e-16
7066.711349868774	1.0027641e-15
7069.759365940094	1.026666e-15
7072.807382011413	1.0243017e-15
7075.855398082733	1.0167785e-15
7078.903414154052	1.0321444e-15
7081.951430225372	1.011074e-15
7084.9994462966915	1.0217934e-15
7088.047462368011	1.0055839e-15
7091.095478439331	9.942353e-16
7094.14349451065	1.023394e-15
7097.19151058197	9.978927e-16
7100.239526653289	9.930412e-16
7103.287542724609	9.963165e-16
7106.335558795929	9.960132e-16
7109.383574867248	9.946986e-16
7112.431590938568	9.839308e-16
7115.479607009887	9.792789e-16
7118.527623081207	1.0020756e-15
7121.5756391525265	9.844267e-16
7124.623655223846	9.702492e-16
7127.671671295166	9.734573e-16
7130.719687366485	9.740255e-16
7133.767703437805	9.88267e-16
7136.815719509124	9.877439e-16
7139.863735580444	9.574995e-16
7142.911751651764	9.59915e-16
7145.959767723083	9.779151e-16
7149.007783794403	9.864476e-16
7152.055799865722	9.773135e-16
7155.103815937042	9.928458e-16
7158.151832008361	9.652002e-16
7161.199848079681	9.576352e-16
7164.247864151001	9.52445e-16
7167.29588022232	9.144177e-16
7170.34389629364	9.141742e-16
7173.391912364959	9.366869e-16
7176.439928436279	9.332579e-16
7179.4879445075985	9.358494e-16
7182.535960578918	9.322032e-16
7185.583976650238	9.213536e-16
7188.631992721557	9.31666e-16
7191.680008792877	9.256783e-16
7194.728024864196	9.313773e-16
7197.776040935516	9.359574e-16
7200.824057006836	9.154425e-16
7203.872073078155	8.95723e-16
7206.920089149475	9.064627e-16
7209.968105220794	9.312565e-16
7213.016121292114	9.074772e-16
7216.0641373634335	9.084866e-16
7219.112153434753	9.247575e-16
7222.160169506073	9.244361e-16
7225.208185577392	9.012586e-16
7228.256201648712	9.014644e-16
7231.304217720031	9.443567e-16
7234.352233791351	9.209246e-16
7237.4002498626705	8.944579e-16
7240.44826593399	8.998062e-16
7243.49628200531	8.939732e-16
7246.544298076629	8.807169e-16
7249.592314147949	8.928683e-16
7252.640330219268	9.32708e-16
7255.688346290588	9.065193e-16
7258.736362361908	8.616247e-16
7261.784378433227	8.879212e-16
7264.832394504547	9.035309e-16
7267.880410575866	8.873535e-16
7270.928426647186	8.82532e-16
7273.9764427185055	8.642759e-16
7277.024458789825	8.590841e-16
7280.072474861145	8.6378096e-16
7283.120490932464	8.46491e-16
7286.168507003784	8.7194884e-16
7289.216523075103	8.550715e-16
7292.264539146423	8.4348107e-16
7295.312555217743	8.55183e-16
7298.360571289062	8.4990105e-16
7301.408587360382	8.750826e-16
7304.456603431701	8.863352e-16
7307.504619503021	8.65055e-16
7310.5526355743405	8.325546e-16
7313.60065164566	8.4703745e-16
7316.64866771698	8.698086e-16
7319.696683788299	8.387387e-16
7322.744699859619	8.608145e-16
7325.792715930938	8.539092e-16
7328.840732002258	8.346047e-16
7331.8887480735775	8.3718635e-16
7334.936764144897	8.1935027e-16
7337.984780216217	8.3192553e-16
7341.032796287536	8.2363917e-16
7344.080812358856	8.16281e-16
7347.128828430175	8.117425e-16
7350.176844501495	8.073459e-16
7353.224860572815	8.203841e-16
7356.272876644134	8.4087714e-16
7359.320892715454	8.242399e-16
7362.368908786773	8.223629e-16
7365.416924858093	7.9046623e-16
7368.4649409294125	7.71451e-16
7371.512957000732	8.1180363e-16
7374.560973072052	7.864679e-16
7377.608989143371	7.9528257e-16
7380.657005214691	8.1415875e-16
7383.70502128601	8.103836e-16
7386.75303735733	7.8913496e-16
7389.8010534286495	7.8843134e-16
7392.849069499969	8.3123637e-16
7395.897085571289	7.9934123e-16
7398.945101642608	7.6498494e-16
7401.993117713928	7.878394e-16
7405.041133785247	8.088544e-16
7408.089149856567	7.850425e-16
7411.137165927887	7.879938e-16
7414.185181999206	7.7986196e-16
7417.233198070526	7.8342787e-16
7420.281214141845	7.941677e-16
7423.329230213165	7.882829e-16
7426.3772462844845	7.7541906e-16
7429.425262355804	7.573348e-16
7432.473278427124	7.6330686e-16
7435.521294498443	7.624812e-16
7438.569310569763	7.5333406e-16
7441.617326641082	7.516076e-16
7444.665342712402	7.66448e-16
7447.713358783722	7.62262e-16
7450.761374855041	7.340394e-16
7453.809390926361	7.260068e-16
7456.85740699768	7.31628e-16
7459.905423069	7.285074e-16
7462.9534391403195	7.219407e-16
7466.001455211639	7.1248303e-16
7469.049471282959	6.977138e-16
7472.097487354278	7.1297897e-16
7475.145503425598	7.188627e-16
7478.193519496917	6.9531135e-16
7481.241535568237	7.022774e-16
7484.2895516395565	7.1155246e-16
7487.337567710876	7.0370433e-16
7490.385583782196	6.78888e-16
7493.433599853515	6.6516947e-16
7496.481615924835	6.762548e-16
7499.529631996154	6.884034e-16
7502.577648067474	6.672918e-16
7505.625664138794	6.7217994e-16
7508.673680210113	6.750828e-16
7511.721696281433	6.638316e-16
7514.769712352752	6.5036757e-16
7517.817728424072	6.355247e-16
7520.8657444953915	6.716749e-16
7523.913760566711	6.766106e-16
7526.961776638031	6.5654736e-16
7530.00979270935	6.6754767e-16
7533.05780878067	6.8519735e-16
7536.105824851989	6.635068e-16
7539.153840923309	6.6283483e-16
7542.2018569946285	6.480793e-16
7545.249873065948	6.5636006e-16
7548.297889137268	6.7509436e-16
7551.345905208587	6.570707e-16
7554.393921279907	6.603806e-16
7557.441937351226	6.5348174e-16
7560.489953422546	6.6241603e-16
7563.537969493866	6.6146015e-16
7566.585985565185	6.5515494e-16
7569.634001636505	6.7016045e-16
7572.682017707824	6.468289e-16
7575.730033779144	6.3438924e-16
7578.7780498504635	6.225481e-16
7581.826065921783	6.1137245e-16
7584.874081993103	6.0355767e-16
7587.922098064422	5.8993875e-16
7590.970114135742	5.8612435e-16
7594.018130207061	5.9979245e-16
7597.066146278381	4.7943034e-16
7600.114162349701	1.2054604e-16
7603.16217842102	5.9990546e-17
7606.21019449234	3.1030668e-16
7609.258210563659	5.315386e-16
7612.306226634979	5.798743e-16
7615.3542427062985	5.5588734e-16
7618.402258777618	5.5444363e-16
7621.450274848938	5.966288e-16
7624.498290920257	5.837506e-16
7627.546306991577	5.3310893e-16
7630.594323062896	5.7284335e-16
7633.642339134216	5.9720995e-16
7636.6903552055355	5.6481957e-16
7639.738371276855	5.8442076e-16
7642.786387348175	6.2615624e-16
7645.834403419494	6.055747e-16
7648.882419490814	6.035561e-16
7651.930435562133	6.249337e-16
7654.978451633453	6.33453e-16
7658.026467704773	6.4434236e-16
7661.074483776092	6.6920256e-16
7664.122499847412	6.296807e-16
7667.170515918731	6.314414e-16
7670.218531990051	6.5961097e-16
7673.2665480613705	6.3843e-16
7676.31456413269	6.2153425e-16
7679.36258020401	6.328559e-16
7682.410596275329	6.337243e-16
7685.458612346649	6.3543067e-16
7688.506628417968	6.4539506e-16
7691.554644489288	6.261203e-16
7694.602660560608	5.958242e-16
7697.650676631927	6.247436e-16
7700.698692703247	6.1992293e-16
7703.746708774566	6.290703e-16
7706.794724845886	6.465149e-16
7709.842740917205	6.1377347e-16
7712.890756988525	6.094465e-16
7715.938773059845	6.1729236e-16
7718.986789131164	6.421885e-16
7722.034805202484	6.4325466e-16
7725.082821273803	6.4260096e-16
7728.130837345123	6.6508164e-16
7731.1788534164425	6.433928e-16
7734.226869487762	6.273921e-16
7737.274885559082	6.021196e-16
7740.322901630401	5.959114e-16
7743.370917701721	6.1901025e-16
7746.41893377304	6.197334e-16
7749.46694984436	6.229624e-16
7752.51496591568	6.246117e-16
7755.562981986999	6.1812235e-16
7758.610998058319	6.213239e-16
7761.659014129638	6.321436e-16
7764.707030200958	6.3025927e-16
7767.7550462722775	6.342871e-16
7770.803062343597	6.4119775e-16
7773.851078414917	6.3439586e-16
7776.899094486236	6.222864e-16
7779.947110557556	6.2215274e-16
7782.995126628875	6.2485594e-16
7786.043142700195	6.4868107e-16
7789.0911587715145	6.428048e-16
7792.139174842834	6.355519e-16
7795.187190914154	6.444588e-16
7798.235206985473	6.4282304e-16
7801.283223056793	6.496702e-16
7804.331239128112	6.097317e-16
7807.379255199432	6.1503004e-16
7810.427271270752	6.4343534e-16
7813.475287342071	6.345545e-16
7816.523303413391	6.313953e-16
7819.57131948471	6.356697e-16
7822.61933555603	6.248675e-16
7825.6673516273495	6.2485234e-16
7828.715367698669	6.204358e-16
7831.763383769989	6.010727e-16
7834.811399841308	6.230027e-16
7837.859415912628	6.2937957e-16
7840.907431983947	6.378118e-16
7843.955448055267	6.2795566e-16
7847.003464126587	6.0833425e-16
7850.051480197906	6.1075994e-16
7853.099496269226	6.2175024e-16
7856.147512340545	6.2779075e-16
7859.195528411865	6.032531e-16
7862.243544483184	6.0097644e-16
7865.291560554504	6.2467986e-16
7868.339576625824	6.172841e-16
7871.387592697143	6.300652e-16
7874.435608768463	6.1778046e-16
7877.483624839782	5.891655e-16
7880.531640911102	5.9708205e-16
7883.5796569824215	6.287932e-16
7886.627673053741	6.241937e-16
7889.675689125061	6.061276e-16
7892.72370519638	6.0304225e-16
7895.7717212677	6.1224934e-16
7898.819737339019	6.13848e-16
7901.867753410339	6.018161e-16
7904.915769481659	5.933515e-16
7907.963785552978	6.1541973e-16
7911.011801624298	6.0610464e-16
7914.059817695617	5.9990357e-16
7917.107833766937	6.1249344e-16
7920.1558498382565	5.9857854e-16
7923.203865909576	6.083534e-16
7926.251881980896	6.2482074e-16
7929.299898052215	6.0153246e-16
7932.347914123535	5.775457e-16
7935.395930194854	5.9111e-16
7938.443946266174	5.987676e-16
7941.4919623374935	6.189311e-16
7944.539978408813	5.9467065e-16
7947.587994480133	5.766474e-16
7950.636010551452	5.8757416e-16
7953.684026622772	5.7867793e-16
7956.732042694091	5.843751e-16
7959.780058765411	6.0672054e-16
7962.828074836731	5.860869e-16
7965.87609090805	5.7555735e-16
7968.92410697937	5.888552e-16
7971.972123050689	5.6057604e-16
7975.020139122009	5.80529e-16
7978.0681551933285	6.032729e-16
7981.116171264648	5.914877e-16
7984.164187335968	5.754523e-16
7987.212203407287	5.8655496e-16
7990.260219478607	5.9080003e-16
7993.308235549926	5.736968e-16
7996.356251621246	5.7295437e-16
7999.404267692566	5.748977e-16
8002.452283763885	5.712254e-16
8005.500299835205	5.838664e-16
8008.548315906524	5.9657086e-16
8011.596331977844	5.8577617e-16
8014.644348049163	5.755112e-16
8017.692364120483	5.78773e-16
8020.740380191803	5.796719e-16
8023.788396263122	5.6540503e-16
8026.836412334442	5.6201975e-16
8029.884428405761	5.798927e-16
8032.932444477081	5.850718e-16
8035.9804605484005	5.741356e-16
8039.02847661972	5.702769e-16
8042.07649269104	5.7205556e-16
8045.124508762359	5.7935566e-16
8048.172524833679	5.76553e-16
8051.220540904998	5.6607715e-16
8054.268556976318	5.573604e-16
8057.316573047638	5.543731e-16
8060.364589118957	5.4097236e-16
8063.412605190277	5.5998e-16
8066.460621261596	5.6843084e-16
8069.508637332916	5.5850303e-16
8072.5566534042355	5.620009e-16
8075.604669475555	5.612858e-16
8078.652685546875	5.653666e-16
8081.700701618194	5.6356506e-16
8084.748717689514	5.5727695e-16
8087.796733760833	5.5386357e-16
8090.844749832153	5.4840153e-16
8093.8927659034725	5.5105867e-16
8096.940781974792	5.596793e-16
8099.988798046112	5.585825e-16
8103.036814117431	5.3924876e-16
8106.084830188751	5.2257084e-16
8109.13284626007	5.313431e-16
8112.18086233139	5.398756e-16
8115.22887840271	5.105407e-16
8118.276894474029	5.06283e-16
8121.324910545349	5.2578474e-16
8124.372926616668	5.051811e-16
8127.420942687988	5.0178306e-16
8130.4689587593075	4.862248e-16
8133.516974830627	4.7531926e-16
8136.564990901947	4.704639e-16
8139.613006973266	4.6192513e-16
8142.661023044586	4.627509e-16
8145.709039115905	4.5563173e-16
8148.757055187225	4.6791376e-16
8151.805071258545	4.5608145e-16
8154.853087329864	4.358219e-16
8157.901103401184	4.497284e-16
8160.949119472503	4.2977404e-16
8163.997135543823	4.2981281e-16
8167.0451516151425	4.2703404e-16
8170.093167686462	4.194314e-16
8173.141183757782	4.3307468e-16
8176.189199829101	4.4910386e-16
8179.237215900421	4.1944307e-16
8182.28523197174	4.1866742e-16
8185.33324804306	4.42912e-16
8188.3812641143795	4.531275e-16
8191.429280185699	4.4928803e-16
8194.477296257019	4.3878273e-16
8197.525312328338	4.5785556e-16
8200.573328399658	4.5448035e-16
8203.621344470977	4.5775413e-16
8206.669360542297	4.874285e-16
8209.717376613617	4.6562984e-16
8212.765392684936	4.6362407e-16
8215.813408756256	4.4961096e-16
8218.861424827575	4.2242645e-16
8221.909440898895	4.0899955e-16
8224.957456970214	3.9733977e-16
8228.005473041534	4.0168293e-16
8231.053489112854	4.1063752e-16
8234.101505184173	4.2170417e-16
8237.149521255493	4.4023214e-16
8240.197537326812	4.54566e-16
8243.245553398132	4.5475595e-16
8246.293569469452	4.586963e-16
8249.341585540771	4.5092027e-16
8252.38960161209	4.4164467e-16
8255.43761768341	4.3085302e-16
8258.48563375473	4.2764997e-16
8261.53364982605	4.532098e-16
8264.581665897369	4.601149e-16
8267.629681968689	4.621626e-16
8270.677698040008	4.622004e-16
8273.725714111328	4.58483e-16
8276.773730182647	4.5256494e-16
8279.821746253967	4.2805014e-16
8282.869762325287	4.1639838e-16
8285.917778396606	4.2810647e-16
8288.965794467926	4.3441297e-16
8292.013810539245	4.2063466e-16
8295.061826610565	4.3202084e-16
8298.109842681884	4.501821e-16
8301.157858753204	4.4861014e-16
8304.205874824524	4.4248546e-16
8307.253890895843	4.452982e-16
8310.301906967163	4.4367718e-16
8313.349923038482	4.6225754e-16
8316.397939109802	4.567803e-16
8319.445955181121	4.562722e-16
8322.493971252441	4.648161e-16
8325.54198732376	4.4351632e-16
8328.59000339508	4.589086e-16
8331.6380194664	4.6199464e-16
8334.68603553772	4.559177e-16
8337.734051609039	4.6370586e-16
8340.782067680359	4.6556287e-16
8343.830083751678	4.4296157e-16
8346.878099822998	4.734808e-16
8349.926115894317	4.83275e-16
8352.974131965637	4.5602777e-16
8356.022148036956	4.445759e-16
8359.070164108276	4.811541e-16
8362.118180179596	4.6301087e-16
8365.166196250915	4.4134781e-16
8368.214212322235	4.6133014e-16
8371.262228393554	4.8180393e-16
8374.310244464874	4.7604385e-16
8377.358260536193	4.8785e-16
8380.406276607513	4.7677457e-16
8383.454292678833	4.7647747e-16
8386.502308750152	4.8077913e-16
8389.550324821472	4.680697e-16
8392.598340892791	4.6986633e-16
8395.646356964111	4.5730197e-16
8398.69437303543	4.7374563e-16
8401.74238910675	4.903867e-16
8404.79040517807	4.8344204e-16
8407.83842124939	4.858075e-16
8410.886437320709	4.8135e-16
8413.934453392028	4.8049924e-16
8416.982469463348	4.8395847e-16
8420.030485534668	4.768051e-16
8423.078501605987	4.644342e-16
8426.126517677307	4.810193e-16
8429.174533748626	4.9426024e-16
8432.222549819946	4.9095554e-16
8435.270565891266	4.857977e-16
8438.318581962585	4.838907e-16
8441.366598033905	4.888983e-16
8444.414614105224	4.8427224e-16
8447.462630176544	4.9569554e-16
8450.510646247863	4.9015303e-16
8453.558662319183	4.8395127e-16
8456.606678390503	5.135226e-16
8459.654694461822	5.048993e-16
8462.702710533142	5.1123356e-16
8465.750726604461	4.993267e-16
8468.79874267578	4.9776267e-16
8471.8467587471	5.281048e-16
8474.89477481842	5.0220695e-16
8477.94279088974	5.0421357e-16
8480.99080696106	5.022378e-16
8484.038823032379	5.0365675e-16
8487.086839103698	5.1711737e-16
8490.134855175018	5.115121e-16
8493.182871246338	5.288696e-16
8496.230887317657	5.422996e-16
8499.278903388977	5.283128e-16
8502.326919460296	5.161729e-16
8505.374935531616	5.315404e-16
8508.422951602935	5.15182e-16
8511.470967674255	5.0107997e-16
8514.518983745575	4.9811805e-16
8517.566999816894	5.0404644e-16
8520.615015888214	5.185235e-16
8523.663031959533	5.2380147e-16
8526.711048030853	5.240665e-16
8529.759064102172	5.378235e-16
8532.807080173492	5.260514e-16
8535.855096244812	5.067535e-16
8538.903112316131	5.358924e-16
8541.95112838745	5.057806e-16
8544.99914445877	5.0782876e-16
8548.04716053009	5.1621317e-16
8551.09517660141	5.193865e-16
8554.14319267273	5.543771e-16
8557.191208744049	5.512872e-16
8560.239224815368	5.261235e-16
8563.287240886688	5.1297586e-16
8566.335256958007	5.268571e-16
8569.383273029327	5.3768736e-16
8572.431289100647	5.1842567e-16
8575.479305171966	5.249185e-16
8578.527321243286	5.29027e-16
8581.575337314605	5.281272e-16
8584.623353385925	5.2935446e-16
8587.671369457245	5.265218e-16
8590.719385528564	5.3475276e-16
8593.767401599884	5.351843e-16
8596.815417671203	5.3733843e-16
8599.863433742523	5.307466e-16
8602.911449813842	5.1152537e-16
8605.959465885162	5.355418e-16
8609.007481956482	5.4021e-16
8612.055498027801	5.2890484e-16
8615.10351409912	5.3707035e-16
8618.15153017044	5.2795214e-16
8621.19954624176	5.0956957e-16
8624.24756231308	5.2989524e-16
8627.295578384399	5.259049e-16
8630.343594455719	5.260957e-16
8633.391610527038	5.5679266e-16
8636.439626598358	5.2831944e-16
8639.487642669677	5.247944e-16
8642.535658740997	5.305831e-16
8645.583674812317	5.305746e-16
8648.631690883636	5.1366217e-16
8651.679706954956	5.0206756e-16
8654.727723026275	5.1436505e-16
8657.775739097595	5.360109e-16
8660.823755168914	5.282662e-16
8663.871771240234	5.1520985e-16
8666.919787311554	5.156923e-16
8669.967803382873	4.9394673e-16
8673.015819454193	5.048362e-16
8676.063835525512	5.3639177e-16
8679.111851596832	5.263821e-16
8682.159867668151	4.758127e-16
8685.207883739471	4.992882e-16
8688.25589981079	4.947331e-16
8691.30391588211	4.8386524e-16
8694.35193195343	4.8607743e-16
8697.39994802475	4.8532235e-16
8700.447964096069	5.059019e-16
8703.495980167389	5.0156177e-16
8706.543996238708	4.7990706e-16
8709.592012310028	4.8002935e-16
8712.640028381347	4.8779886e-16
8715.688044452667	4.602997e-16
8718.736060523986	4.740052e-16
8721.784076595306	4.852684e-16
8724.832092666626	5.022901e-16
8727.880108737945	5.167733e-16
8730.928124809265	4.912641e-16
8733.976140880584	4.85653e-16
8737.024156951904	4.614551e-16
8740.072173023224	4.6637057e-16
8743.120189094543	4.8774756e-16
8746.168205165863	4.6867736e-16
8749.216221237182	4.5307935e-16
8752.264237308502	4.689826e-16
8755.312253379821	4.8856765e-16
8758.360269451141	4.901624e-16
8761.40828552246	4.649556e-16
8764.45630159378	4.440335e-16
8767.5043176651	4.6863315e-16
8770.55233373642	4.790043e-16
8773.600349807739	4.7949254e-16
8776.648365879058	4.764234e-16
8779.696381950378	4.737023e-16
8782.744398021698	4.656167e-16
8785.792414093017	4.6353375e-16
8788.840430164337	4.535881e-16
8791.888446235656	4.459955e-16
8794.936462306976	4.795505e-16
8797.984478378296	4.633082e-16
8801.032494449615	4.495023e-16
8804.080510520935	4.5314664e-16
8807.128526592254	4.4834846e-16
8810.176542663574	4.2625668e-16
8813.224558734893	4.076309e-16
8816.272574806213	4.3200965e-16
8819.320590877533	4.575012e-16
8822.368606948852	4.505195e-16
8825.416623020172	4.4344809e-16
8828.464639091491	4.3944633e-16
8831.512655162811	4.2741428e-16
8834.56067123413	4.3162014e-16
8837.60868730545	4.313953e-16
8840.65670337677	4.1806725e-16
8843.70471944809	4.3365276e-16
8846.752735519409	4.3257454e-16
8849.800751590728	4.2091693e-16
8852.848767662048	4.2166835e-16
8855.896783733368	4.3250908e-16
8858.944799804687	4.2200277e-16
8861.992815876007	4.3338978e-16
8865.040831947326	4.088095e-16
8868.088848018646	3.8595604e-16
8871.136864089965	4.00716e-16
8874.184880161285	4.1279412e-16
8877.232896232605	4.1492044e-16
8880.280912303924	4.1530687e-16
8883.328928375244	3.9526215e-16
8886.376944446563	3.773287e-16
8889.424960517883	4.1224196e-16
8892.472976589203	4.0564167e-16
8895.520992660522	3.9640771e-16
8898.569008731842	3.8486885e-16
8901.617024803161	3.826379e-16
8904.66504087448	4.0404319e-16
8907.7130569458	3.881845e-16
8910.76107301712	3.7314223e-16
8913.80908908844	3.7576324e-16
8916.85710515976	3.770376e-16
8919.905121231079	3.7117608e-16
8922.953137302398	3.8262561e-16
8926.001153373718	3.8725894e-16
8929.049169445037	3.80322e-16
8932.097185516357	3.794384e-16
8935.145201587677	3.8329604e-16
8938.193217658996	3.6733614e-16
8941.241233730316	3.6037753e-16
8944.289249801635	3.6434196e-16
8947.337265872955	3.782459e-16
8950.385281944275	3.6808756e-16
8953.433298015594	3.4559908e-16
8956.481314086914	3.5387528e-16
8959.529330158233	3.5761718e-16
8962.577346229553	3.4652822e-16
8965.625362300872	3.3654334e-16
8968.673378372192	3.2818797e-16
8971.721394443512	3.4352432e-16
8974.769410514831	3.575473e-16
8977.81742658615	3.594583e-16
8980.86544265747	3.457669e-16
8983.91345872879	3.2123396e-16
8986.96147480011	3.207155e-16
8990.009490871429	3.089686e-16
8993.057506942749	2.9810962e-16
8996.105523014068	3.1258954e-16
8999.153539085388	3.2727222e-16
9002.201555156707	3.521721e-16
9005.249571228027	3.4245412e-16
9008.297587299347	3.3296023e-16
9011.345603370666	3.3355263e-16
9014.393619441986	3.238796e-16
9017.441635513305	3.2523805e-16
9020.489651584625	3.3676699e-16
9023.537667655944	3.4082295e-16
9026.585683727264	3.3448916e-16
9029.633699798584	3.441037e-16
9032.681715869903	3.5827763e-16
9035.729731941223	3.6205963e-16
9038.777748012542	3.5901423e-16
9041.825764083862	3.6625998e-16
9044.873780155182	3.8520028e-16
9047.921796226501	3.7704766e-16
9050.96981229782	3.7631543e-16
9054.01782836914	3.7497977e-16
9057.06584444046	3.5709845e-16
9060.11386051178	3.550741e-16
9063.161876583099	3.4881137e-16
9066.209892654419	3.3905257e-16
9069.257908725738	3.3436694e-16
9072.305924797058	3.3049815e-16
9075.353940868377	3.1740416e-16
9078.401956939697	3.181716e-16
9081.449973011016	3.320561e-16
9084.497989082336	3.3063216e-16
9087.546005153656	3.2481172e-16
9090.594021224975	3.2928252e-16
9093.642037296295	3.051313e-16
9096.690053367614	3.0991133e-16
9099.738069438934	3.1801844e-16
9102.786085510254	3.1229906e-16
9105.834101581573	3.312617e-16
9108.882117652893	3.4883022e-16
9111.930133724212	3.427918e-16
9114.978149795532	3.2895692e-16
9118.026165866851	3.3041194e-16
9121.074181938171	3.5020413e-16
9124.12219800949	3.1736683e-16
9127.17021408081	3.1224506e-16
9130.21823015213	3.1353398e-16
9133.26624622345	3.0047988e-16
9136.314262294769	3.0831592e-16
9139.362278366089	3.2029238e-16
9142.410294437408	3.2351132e-16
9145.458310508728	3.175925e-16
9148.506326580047	3.0783202e-16
9151.554342651367	2.9920587e-16
9154.602358722686	2.959871e-16
9157.650374794006	2.92628e-16
9160.698390865326	3.0713645e-16
9163.746406936645	3.1216213e-16
9166.794423007965	3.003296e-16
9169.842439079284	3.221064e-16
9172.890455150604	3.1151484e-16
9175.938471221923	2.9241817e-16
9178.986487293243	2.9799373e-16
9182.034503364563	3.1029112e-16
9185.082519435882	2.9548488e-16
9188.130535507202	2.8648642e-16
9191.178551578521	3.1176715e-16
9194.226567649841	3.2357855e-16
9197.27458372116	3.0929485e-16
9200.32259979248	3.3866992e-16
9203.3706158638	3.1685538e-16
9206.41863193512	3.035316e-16
9209.466648006439	3.1738145e-16
9212.514664077758	2.938906e-16
9215.562680149078	3.085439e-16
9218.610696220398	3.1602048e-16
9221.658712291717	3.0704455e-16
9224.706728363037	3.095038e-16
9227.754744434356	3.2595456e-16
9230.802760505676	3.2986192e-16
9233.850776576995	3.0881572e-16
9236.898792648315	2.9011344e-16
9239.946808719635	2.869e-16
9242.994824790954	2.7975087e-16
9246.042840862274	2.9413928e-16
9249.090856933593	2.9975488e-16
9252.138873004913	3.0948795e-16
9255.186889076233	3.1463354e-16
9258.234905147552	3.0103487e-16
9261.282921218872	3.1030896e-16
9264.330937290191	2.9789288e-16
9267.37895336151	2.7470282e-16
9270.42696943283	2.7906715e-16
9273.47498550415	2.772984e-16
9276.52300157547	2.6608386e-16
9279.57101764679	2.7937574e-16
9282.619033718109	2.775882e-16
9285.667049789428	2.473129e-16
9288.715065860748	2.482466e-16
9291.763081932068	2.4509012e-16
9294.811098003387	2.5353046e-16
9297.859114074707	2.5287536e-16
9300.907130146026	2.415853e-16
9303.955146217346	2.446084e-16
9307.003162288665	2.2659582e-16
9310.051178359985	2.1146997e-16
9313.099194431305	2.0570313e-16
9316.147210502624	1.9173509e-16
9319.195226573944	1.790595e-16
9322.243242645263	1.6752803e-16
9325.291258716583	1.6230341e-16
9328.339274787902	1.622268e-16
9331.387290859222	1.612574e-16
9334.435306930542	1.5105026e-16
9337.483323001861	1.4432207e-16
9340.53133907318	1.3859763e-16
9343.5793551445	1.3084616e-16
9346.62737121582	1.176666e-16
9349.67538728714	1.2739815e-16
9352.72340335846	1.3754455e-16
9355.771419429779	1.3793812e-16
9358.819435501098	1.499683e-16
9361.867451572418	1.5368355e-16
9364.915467643737	1.2925229e-16
9367.963483715057	1.4245937e-16
9371.011499786377	1.4820676e-16
9374.059515857696	1.303885e-16
9377.107531929016	1.4252133e-16
9380.155548000335	1.4498104e-16
9383.203564071655	1.5310936e-16
9386.251580142974	1.6270158e-16
9389.299596214294	1.7464397e-16
9392.347612285614	1.9751202e-16
9395.395628356933	2.0587774e-16
9398.443644428253	2.0431343e-16
9401.491660499572	2.0955242e-16
9404.539676570892	2.0837398e-16
9407.587692642212	1.982151e-16
9410.635708713531	1.9544454e-16
9413.68372478485	1.9841112e-16
9416.73174085617	2.0376517e-16
9419.77975692749	2.0380327e-16
9422.82777299881	1.8639372e-16
9425.875789070129	1.6289644e-16
9428.923805141449	1.6277715e-16
9431.971821212768	1.7101201e-16
9435.019837284088	1.6876155e-16
9438.067853355407	1.5282391e-16
9441.115869426727	1.534437e-16
9444.163885498047	1.5265978e-16
9447.211901569366	1.6060915e-16
9450.259917640686	1.5741759e-16
9453.307933712005	1.4475164e-16
9456.355949783325	1.5463603e-16
9459.403965854644	1.5969823e-16
9462.451981925964	1.4996888e-16
9465.499997997284	1.4686232e-16
9468.548014068603	1.7153776e-16
9471.596030139923	1.760168e-16
9474.644046211242	1.6048115e-16
9477.692062282562	1.5726108e-16
9480.740078353881	1.5564355e-16
9483.788094425201	1.552664e-16
9486.83611049652	1.7754202e-16
9489.88412656784	1.936721e-16
9492.93214263916	1.8156215e-16
9495.98015871048	1.4983704e-16
9499.028174781799	1.5052466e-16
9502.076190853119	1.5485937e-16
9505.124206924438	1.6821935e-16
9508.172222995758	1.877422e-16
9511.220239067077	1.9057327e-16
9514.268255138397	1.7451629e-16
9517.316271209716	1.8090684e-16
9520.364287281036	1.7143378e-16
9523.412303352356	1.4372177e-16
9526.460319423675	1.3646478e-16
9529.508335494995	1.4161582e-16
9532.556351566314	1.6216687e-16
9535.604367637634	1.7559414e-16
9538.652383708953	1.8118446e-16
9541.700399780273	1.8904746e-16
9544.748415851593	1.6504736e-16
9547.796431922912	1.7623046e-16
9550.844447994232	1.6820408e-16
9553.892464065551	1.3238302e-16
9556.940480136871	1.6827949e-16
9559.98849620819	1.7866375e-16
9563.03651227951	1.6869674e-16
9566.08452835083	1.5739581e-16
9569.13254442215	1.6189436e-16
9572.180560493469	1.9222568e-16
9575.228576564788	1.6939621e-16
9578.276592636108	1.6606052e-16
9581.324608707428	1.7317473e-16
9584.372624778747	1.5776726e-16
9587.420640850067	1.5784635e-16
9590.468656921386	1.5991737e-16
9593.516672992706	1.5449528e-16
9596.564689064026	1.4569266e-16
9599.612705135345	1.463904e-16
9602.660721206665	1.6875673e-16
9605.708737277984	1.7425348e-16
9608.756753349304	1.7246245e-16
9611.804769420623	1.7838466e-16
9614.852785491943	1.7963418e-16
9617.900801563263	1.6637555e-16
9620.948817634582	1.6022872e-16
9623.996833705902	1.7245735e-16
9627.044849777221	1.7736352e-16
9630.09286584854	1.6753458e-16
9633.14088191986	1.7301402e-16
9636.18889799118	1.7752946e-16
9639.2369140625	1.7064365e-16
9642.28493013382	1.6615499e-16
9645.332946205139	1.8099845e-16
9648.380962276458	1.6275493e-16
9651.428978347778	1.513025e-16
9654.476994419098	1.5574474e-16
9657.525010490417	1.6156823e-16
9660.573026561737	1.6807865e-16
9663.621042633056	1.5369912e-16
9666.669058704376	1.4979325e-16
9669.717074775695	1.5790915e-16
9672.765090847015	1.6010028e-16
