3400.3	3.245477e-16
3403.351547288895	2.015167e-16
3406.4030945777895	2.3032758e-16
3409.454641866684	1.5108753e-16
3412.506189155579	3.7321283e-16
3415.5577364444734	1.4892507e-16
3418.609283733368	1.576232e-16
3421.6608310222628	1.3058575e-16
3424.7123783111574	3.853514e-16
3427.763925600052	3.415631e-16
3430.8154728889467	3.873097e-16
3433.8670201778414	3.1823375e-16
3436.918567466736	3.3524076e-16
3439.9701147556307	4.069404e-16
3443.0216620445253	7.545774e-17
3446.07320933342	3.2017949e-16
3449.1247566223146	2.8661229e-16
3452.1763039112093	1.242491e-16
3455.227851200104	1.060473e-16
3458.2793984889986	4.55947e-16
3461.3309457778932	1.4378775e-16
3464.382493066788	3.7493217e-16
3467.4340403556826	4.598638e-16
3470.485587644577	4.0427498e-16
3473.537134933472	4.716609e-16
3476.5886822223665	2.2916294e-16
3479.640229511261	5.564036e-16
3482.691776800156	1.421366e-16
3485.7433240890505	5.0757735e-16
3488.794871377945	4.138108e-16
3491.84641866684	2.7664787e-16
3494.8979659557344	4.1118963e-16
3497.949513244629	3.250499e-16
3501.0010605335237	1.970651e-16
3504.0526078224184	3.1796277e-16
3507.104155111313	5.10151e-16
3510.1557024002077	4.2436475e-16
3513.2072496891024	2.607489e-16
3516.258796977997	2.8061572e-16
3519.3103442668917	2.3228497e-16
3522.3618915557863	1.5160995e-16
3525.413438844681	1.621768e-16
3528.4649861335756	3.767274e-16
3531.5165334224703	3.6673737e-16
3534.568080711365	5.2668604e-16
3537.6196280002596	2.8122526e-16
3540.6711752891542	2.1614761e-16
3543.722722578049	1.7626147e-16
3546.7742698669435	1.9743261e-16
3549.825817155838	3.032248e-16
3552.877364444733	2.7428867e-16
3555.9289117336275	2.7151686e-16
3558.980459022522	1.4107696e-16
3562.032006311417	1.7783878e-16
3565.0835536003115	2.548685e-16
3568.135100889206	1.6025574e-16
3571.1866481781008	2.6575328e-16
3574.2381954669954	2.9150218e-16
3577.28974275589	2.266065e-16
3580.3412900447847	1.3814088e-16
3583.3928373336794	2.7886167e-16
3586.444384622574	4.362717e-16
3589.4959319114687	2.481979e-16
3592.5474792003633	2.557935e-16
3595.599026489258	2.97561e-16
3598.6505737781526	1.4924055e-16
3601.7021210670473	2.8383375e-16
3604.753668355942	2.9402388e-16
3607.8052156448366	3.5497624e-16
3610.8567629337313	1.839011e-16
3613.908310222626	2.8697632e-16
3616.9598575115206	3.08928e-16
3620.011404800415	2.9777623e-16
3623.06295208931	1.9218268e-16
3626.1144993782045	2.776543e-16
3629.166046667099	3.219915e-16
3632.217593955994	2.9173472e-16
3635.2691412448885	3.4476033e-16
3638.3206885337827	3.193784e-16
3641.3722358226773	3.0129894e-16
3644.423783111572	2.587814e-16
3647.4753304004666	2.3962398e-16
3650.5268776893613	2.7142694e-16
3653.578424978256	3.205222e-16
3656.6299722671506	2.1193749e-16
3659.6815195560453	2.7880614e-16
3662.73306684494	3.839655e-16
3665.7846141338346	3.4278804e-16
3668.836161422729	3.0547656e-16
3671.887708711624	4.133282e-16
3674.9392560005185	3.9463194e-16
3677.990803289413	2.607673e-16
3681.042350578308	3.5220165e-16
3684.0938978672025	3.0245564e-16
3687.145445156097	2.809811e-16
3690.196992444992	2.840781e-16
3693.2485397338864	3.3961288e-16
3696.300087022781	3.3655512e-16
3699.3516343116758	3.4492876e-16
3702.4031816005704	3.2699445e-16
3705.454728889465	3.8345107e-16
3708.5062761783597	3.145365e-16
3711.5578234672544	2.9331065e-16
3714.609370756149	2.2216242e-16
3717.6609180450437	2.9156131e-16
3720.7124653339383	2.688141e-16
3723.764012622833	2.7836473e-16
3726.8155599117276	2.330707e-16
3729.8671072006223	2.5372996e-16
3732.918654489517	3.06165e-16
3735.9702017784116	1.9828242e-16
3739.0217490673062	2.2336362e-16
3742.073296356201	3.199222e-16
3745.1248436450956	1.9025447e-16
3748.17639093399	2.5160034e-16
3751.227938222885	2.301686e-16
3754.2794855117795	2.2520187e-16
3757.331032800674	2.036767e-16
3760.382580089569	2.0522305e-16
3763.4341273784635	2.0175492e-16
3766.485674667358	1.7819894e-16
3769.537221956253	1.484998e-16
3772.5887692451474	1.3140381e-16
3775.640316534042	1.6031213e-16
3778.6918638229367	1.664219e-16
3781.7434111118314	1.5474707e-16
3784.794958400726	1.5417993e-16
3787.8465056896207	1.3313007e-16
3790.8980529785154	1.4597427e-16
3793.94960026741	1.5356845e-16
3797.0011475563047	1.4445494e-16
3800.0526948451993	1.3058395e-16
3803.104242134094	1.4172857e-16
3806.1557894229886	1.182244e-16
3809.2073367118833	1.3433563e-16
3812.258884000778	1.6744501e-16
3815.3104312896726	1.8806898e-16
3818.3619785785672	1.6637195e-16
3821.413525867462	1.2200361e-16
3824.4650731563565	1.3644097e-16
3827.516620445251	1.5638618e-16
3830.568167734146	1.575857e-16
3833.6197150230405	1.7629957e-16
3836.671262311935	1.4931105e-16
3839.72280960083	1.6325753e-16
3842.7743568897245	1.5411595e-16
3845.825904178619	1.2291585e-16
3848.8774514675138	1.9114463e-16
3851.9289987564084	1.4280679e-16
3854.980546045303	1.5106782e-16
3858.0320933341977	1.8251605e-16
3861.0836406230924	2.2086164e-16
3864.135187911987	1.8114931e-16
3867.1867352008817	1.4374655e-16
3870.2382824897763	1.8103691e-16
3873.289829778671	1.7791916e-16
3876.3413770675656	1.8162452e-16
3879.3929243564603	2.0199346e-16
3882.444471645355	2.1445924e-16
3885.4960189342496	2.2605525e-16
3888.5475662231443	2.5568687e-16
3891.599113512039	2.40904e-16
3894.6506608009336	2.2855082e-16
3897.702208089828	2.6151166e-16
3900.753755378723	2.668505e-16
3903.8053026676175	2.886849e-16
3906.856849956512	3.5603391e-16
3909.908397245407	3.702974e-16
3912.9599445343015	3.4644762e-16
3916.011491823196	3.4026955e-16
3919.063039112091	3.2402324e-16
3922.1145864009854	3.3912174e-16
3925.16613368988	3.5482986e-16
3928.2176809787748	3.4083277e-16
3931.2692282676694	3.1197131e-16
3934.320775556564	2.889301e-16
3937.3723228454587	3.326637e-16
3940.4238701343534	3.621868e-16
3943.475417423248	3.4160508e-16
3946.5269647121427	3.133972e-16
3949.5785120010373	3.3738685e-16
3952.630059289932	3.4778741e-16
3955.6816065788266	3.4697664e-16
3958.7331538677213	3.0688705e-16
3961.784701156616	3.665136e-16
3964.8362484455106	3.902715e-16
3967.8877957344052	3.6858594e-16
3970.9393430233	3.7990966e-16
3973.9908903121946	4.4013052e-16
3977.042437601089	4.1236325e-16
3980.093984889984	4.0972408e-16
3983.1455321788785	4.5841566e-16
3986.197079467773	4.3479038e-16
3989.248626756668	4.723787e-16
3992.3001740455625	4.7401393e-16
3995.351721334457	5.0866536e-16
3998.403268623352	5.0095085e-16
4001.4548159122464	4.9210036e-16
4004.506363201141	5.217664e-16
4007.5579104900357	5.346768e-16
4010.6094577789304	5.338376e-16
4013.661005067825	5.0922186e-16
4016.7125523567192	5.9204157e-16
4019.764099645614	5.389967e-16
4022.8156469345085	5.5268127e-16
4025.867194223403	5.9237604e-16
4028.918741512298	5.563779e-16
4031.9702888011925	5.6930387e-16
4035.021836090087	5.7333193e-16
4038.073383378982	6.048539e-16
4041.1249306678765	5.7985006e-16
4044.176477956771	5.4962507e-16
4047.228025245666	5.606471e-16
4050.2795725345604	5.6269145e-16
4053.331119823455	5.640667e-16
4056.3826671123497	5.54735e-16
4059.4342144012444	5.8713576e-16
4062.485761690139	5.9829675e-16
4065.5373089790337	5.740843e-16
4068.5888562679283	5.972243e-16
4071.640403556823	5.811728e-16
4074.6919508457177	5.698451e-16
4077.7434981346123	5.9818303e-16
4080.795045423507	5.941319e-16
4083.8465927124016	6.166669e-16
4086.8981400012963	6.137792e-16
4089.949687290191	6.123294e-16
4093.0012345790856	6.1063325e-16
4096.05278186798	5.9291713e-16
4099.104329156875	5.93031e-16
4102.1558764457695	5.969957e-16
4105.207423734664	5.658214e-16
4108.258971023559	5.654937e-16
4111.3105183124535	5.559423e-16
4114.362065601348	5.7165147e-16
4117.413612890243	5.7618437e-16
4120.4651601791375	5.9267483e-16
4123.516707468032	5.8111574e-16
4126.568254756927	5.771977e-16
4129.619802045821	5.8226845e-16
4132.671349334716	5.5538537e-16
4135.722896623611	5.525564e-16
4138.774443912505	5.671916e-16
4141.8259912014	5.9074174e-16
4144.877538490295	5.6482523e-16
4147.929085779189	5.555557e-16
4150.980633068084	5.755143e-16
4154.032180356979	5.3743e-16
4157.083727645873	5.393586e-16
4160.135274934768	5.5133613e-16
4163.186822223663	5.2198765e-16
4166.238369512557	5.072986e-16
4169.289916801452	5.0307113e-16
4172.341464090347	5.118976e-16
4175.393011379241	4.783163e-16
4178.444558668136	4.8467077e-16
4181.4961059570305	4.9377696e-16
4184.547653245925	4.626034e-16
4187.59920053482	4.526989e-16
4190.6507478237145	4.4541455e-16
4193.702295112609	4.599719e-16
4196.753842401504	4.6111224e-16
4199.805389690398	4.2968878e-16
4202.856936979293	4.1629716e-16
4205.908484268188	4.2281653e-16
4208.960031557082	4.4331756e-16
4212.011578845977	4.3150055e-16
4215.063126134872	4.3064365e-16
4218.114673423766	4.2950656e-16
4221.166220712661	4.38395e-16
4224.217768001556	4.0814433e-16
4227.26931529045	4.3309438e-16
4230.320862579345	4.400243e-16
4233.37240986824	4.514206e-16
4236.423957157134	4.1549033e-16
4239.475504446029	4.4579757e-16
4242.527051734924	4.5558604e-16
4245.578599023818	4.781357e-16
4248.630146312713	5.0398984e-16
4251.681693601608	4.931866e-16
4254.733240890502	5.1608193e-16
4257.784788179397	5.252546e-16
4260.8363354682915	5.0615724e-16
4263.887882757186	4.950865e-16
4266.939430046081	4.9158076e-16
4269.9909773349755	5.121889e-16
4273.04252462387	5.1214746e-16
4276.094071912765	4.8982904e-16
4279.145619201659	4.993246e-16
4282.197166490554	5.046148e-16
4285.248713779449	5.0638594e-16
4288.300261068343	5.186627e-16
4291.351808357238	5.0305827e-16
4294.403355646133	5.000401e-16
4297.454902935027	5.139875e-16
4300.506450223922	5.1493483e-16
4303.557997512817	4.989377e-16
4306.609544801711	5.2869266e-16
4309.661092090606	5.2027707e-16
4312.712639379501	5.0786756e-16
4315.764186668395	4.8756026e-16
4318.81573395729	4.9648466e-16
4321.867281246185	4.978321e-16
4324.918828535079	5.0413013e-16
4327.970375823974	5.002518e-16
4331.0219231128685	4.8073927e-16
4334.073470401763	4.904853e-16
4337.125017690658	4.7390726e-16
4340.1765649795525	4.8033343e-16
4343.228112268447	4.8171637e-16
4346.279659557342	4.6105634e-16
4349.3312068462365	4.647346e-16
4352.382754135131	4.1948732e-16
4355.434301424026	4.1561845e-16
4358.48584871292	4.386463e-16
4361.537396001815	4.2918238e-16
4364.58894329071	4.168725e-16
4367.640490579604	3.997634e-16
4370.692037868499	4.036769e-16
4373.743585157394	3.773226e-16
4376.795132446288	3.7608e-16
4379.846679735183	3.76681e-16
4382.898227024078	3.6691546e-16
4385.949774312972	3.4090368e-16
4389.001321601867	3.5679818e-16
4392.052868890762	3.552408e-16
4395.104416179656	3.7613358e-16
4398.155963468551	3.981643e-16
4401.207510757446	3.9416998e-16
4404.25905804634	4.1080796e-16
4407.310605335235	4.245658e-16
4410.3621526241295	4.3472412e-16
4413.413699913024	4.497991e-16
4416.465247201919	4.547138e-16
4419.5167944908135	4.578004e-16
4422.568341779708	4.5789955e-16
4425.619889068603	4.4494895e-16
4428.671436357497	4.6472717e-16
4431.722983646392	4.5422804e-16
4434.774530935287	4.7716733e-16
4437.826078224181	5.0685753e-16
4440.877625513076	4.8398933e-16
4443.929172801971	4.8003326e-16
4446.980720090865	4.5647797e-16
4450.03226737976	4.8675e-16
4453.083814668655	5.0234125e-16
4456.135361957549	4.898258e-16
4459.186909246444	5.0644375e-16
4462.238456535339	5.134292e-16
4465.290003824233	5.1951654e-16
4468.341551113128	5.36764e-16
4471.393098402023	5.318378e-16
4474.444645690917	5.381584e-16
4477.496192979812	5.3893133e-16
4480.547740268707	5.3511344e-16
4483.599287557601	5.582394e-16
4486.650834846496	5.632562e-16
4489.7023821353905	5.497613e-16
4492.753929424285	5.7311557e-16
4495.80547671318	5.689564e-16
4498.8570240020745	5.648212e-16
4501.908571290969	5.9337326e-16
4504.960118579864	5.803842e-16
4508.011665868758	5.790206e-16
4511.063213157653	5.865158e-16
4514.114760446548	5.975706e-16
4517.166307735442	6.150555e-16
4520.217855024337	6.119808e-16
4523.269402313232	6.238953e-16
4526.320949602126	6.4820456e-16
4529.372496891021	6.444597e-16
4532.424044179916	6.515704e-16
4535.47559146881	6.5222834e-16
4538.527138757705	6.6010527e-16
4541.5786860466	6.7265496e-16
4544.630233335494	6.833077e-16
4547.681780624389	6.610346e-16
4550.733327913284	6.734605e-16
4553.784875202178	6.7887933e-16
4556.836422491073	6.804702e-16
4559.8879697799675	6.933137e-16
4562.939517068862	6.909504e-16
4565.991064357757	7.02349e-16
4569.0426116466515	7.243569e-16
4572.094158935546	7.300469e-16
4575.145706224441	7.354303e-16
4578.197253513335	7.4571854e-16
4581.24880080223	7.3431335e-16
4584.300348091125	7.386059e-16
4587.351895380019	7.4258717e-16
4590.403442668914	7.3636105e-16
4593.454989957809	7.104772e-16
4596.506537246703	6.943251e-16
4599.558084535598	7.276835e-16
4602.609631824493	7.256383e-16
4605.661179113387	7.0011694e-16
4608.712726402282	7.008124e-16
4611.764273691177	7.067322e-16
4614.815820980071	7.0206823e-16
4617.867368268966	7.0520114e-16
4620.918915557861	6.999196e-16
4623.970462846755	6.8358767e-16
4627.02201013565	6.836528e-16
4630.073557424545	6.5938783e-16
4633.125104713439	6.479409e-16
4636.176652002334	6.6869265e-16
4639.2281992912285	6.6477576e-16
4642.279746580123	6.826584e-16
4645.331293869018	6.624136e-16
4648.3828411579125	6.376885e-16
4651.434388446807	6.4060975e-16
4654.485935735702	6.3295485e-16
4657.537483024596	6.046889e-16
4660.589030313491	5.992133e-16
4663.640577602386	5.9994205e-16
4666.69212489128	5.807559e-16
4669.743672180175	6.0331843e-16
4672.79521946907	5.760494e-16
4675.846766757964	5.632836e-16
4678.898314046859	5.3556967e-16
4681.949861335754	4.9192434e-16
4685.001408624648	4.7937687e-16
4688.052955913543	4.6255347e-16
4691.104503202438	4.368031e-16
4694.156050491332	4.3401725e-16
4697.207597780227	4.1220752e-16
4700.259145069122	3.8899027e-16
4703.310692358016	3.8885038e-16
4706.362239646911	3.852664e-16
4709.413786935806	3.9978298e-16
4712.4653342247	4.0648198e-16
4715.516881513595	4.368309e-16
4718.5684288024895	4.1819345e-16
4721.619976091384	4.2152865e-16
4724.671523380279	4.56441e-16
4727.7230706691735	4.669878e-16
4730.774617958068	5.0192303e-16
4733.826165246963	5.298947e-16
4736.877712535857	5.349108e-16
4739.929259824752	5.4975297e-16
4742.980807113647	5.793663e-16
4746.032354402541	6.077337e-16
4749.083901691436	6.2570874e-16
4752.135448980331	6.388074e-16
4755.186996269225	6.4883264e-16
4758.23854355812	6.500264e-16
4761.290090847015	6.8319713e-16
4764.341638135909	6.8494017e-16
4767.393185424804	6.868556e-16
4770.444732713699	6.865209e-16
4773.496280002593	6.872196e-16
4776.547827291488	6.9146534e-16
4779.599374580383	6.9063297e-16
4782.650921869277	7.0250525e-16
4785.702469158172	6.816718e-16
4788.7540164470665	6.560259e-16
4791.805563735961	6.677408e-16
4794.857111024856	6.607545e-16
4797.9086583137505	6.483691e-16
4800.960205602645	6.697738e-16
4804.01175289154	6.474196e-16
4807.063300180434	6.4041085e-16
4810.114847469329	6.4118557e-16
4813.166394758224	6.3333723e-16
4816.217942047118	6.504723e-16
4819.269489336013	6.4955076e-16
4822.321036624908	6.4850775e-16
4825.372583913802	6.5360535e-16
4828.424131202697	6.6626394e-16
4831.475678491592	6.587617e-16
4834.527225780486	6.5629357e-16
4837.578773069381	6.706314e-16
4840.630320358276	6.956034e-16
4843.68186764717	7.1208143e-16
4846.733414936065	7.254632e-16
4849.78496222496	7.425882e-16
4852.836509513853	7.3664947e-16
4855.888056802748	7.1973967e-16
4858.939604091643	7.1061686e-16
4861.991151380537	7.01056e-16
4865.042698669432	6.900193e-16
4868.094245958327	6.833424e-16
4871.145793247221	6.2966137e-16
4874.197340536116	6.194501e-16
4877.248887825011	5.976701e-16
4880.300435113905	5.5731295e-16
4883.3519824028	5.6103174e-16
4886.4035296916945	5.6192526e-16
4889.455076980589	5.414883e-16
4892.506624269484	5.475951e-16
4895.5581715583785	5.270905e-16
4898.609718847273	5.4095145e-16
4901.661266136168	5.1473875e-16
4904.712813425062	4.9914106e-16
4907.764360713957	5.068534e-16
4910.815908002852	5.115484e-16
4913.867455291746	5.2440884e-16
4916.919002580641	5.214426e-16
4919.970549869536	5.255547e-16
4923.02209715843	5.6528676e-16
4926.073644447325	5.6234576e-16
4929.12519173622	5.6396094e-16
4932.176739025114	5.8645e-16
4935.228286314009	6.0930706e-16
4938.279833602904	6.1559644e-16
4941.331380891798	6.559579e-16
4944.382928180693	6.819176e-16
4947.434475469588	6.835861e-16
4950.486022758482	6.883319e-16
4953.537570047377	7.0420366e-16
4956.589117336272	7.272849e-16
4959.640664625166	7.303923e-16
4962.692211914061	7.6617444e-16
4965.7437592029555	7.697051e-16
4968.79530649185	7.9883423e-16
4971.846853780745	8.0224306e-16
4974.8984010696395	8.061624e-16
4977.949948358534	8.5072887e-16
4981.001495647429	8.6404725e-16
4984.053042936323	8.4669016e-16
4987.104590225218	8.6234487e-16
4990.156137514113	8.715699e-16
4993.207684803007	9.090688e-16
4996.259232091902	8.712121e-16
4999.310779380797	8.648822e-16
5002.362326669691	8.750021e-16
5005.413873958586	9.02586e-16
5008.465421247481	8.89223e-16
5011.516968536375	8.8811336e-16
5014.56851582527	8.981433e-16
5017.620063114165	8.8113153e-16
5020.671610403059	9.036493e-16
5023.723157691954	9.125728e-16
5026.774704980849	9.298957e-16
5029.826252269743	9.248817e-16
5032.877799558638	8.957513e-16
5035.9293468475325	8.996587e-16
5038.980894136427	8.999909e-16
5042.032441425322	8.897178e-16
5045.0839887142165	8.8138844e-16
5048.135536003111	8.6904733e-16
5051.187083292006	8.5506875e-16
5054.2386305809005	8.323702e-16
5057.290177869795	8.2857557e-16
5060.34172515869	8.2477795e-16
5063.393272447584	7.9022277e-16
5066.444819736479	8.0473006e-16
5069.496367025374	7.8950374e-16
5072.547914314268	7.716834e-16
5075.599461603163	7.6549427e-16
5078.651008892058	7.5283097e-16
5081.702556180952	7.5653817e-16
5084.754103469847	7.2761755e-16
5087.805650758742	7.332556e-16
5090.857198047636	7.172166e-16
5093.908745336531	7.307606e-16
5096.960292625426	6.981158e-16
5100.01183991432	7.017374e-16
5103.063387203215	7.298944e-16
5106.11493449211	7.0882983e-16
5109.166481781004	6.9976806e-16
5112.218029069899	7.138633e-16
5115.2695763587935	7.2091747e-16
5118.321123647688	7.2687206e-16
5121.372670936583	7.1423576e-16
5124.4242182254775	7.036981e-16
5127.475765514372	7.145907e-16
5130.527312803267	7.331041e-16
5133.578860092161	7.1613576e-16
5136.630407381056	6.9852785e-16
5139.681954669951	7.2199437e-16
5142.733501958845	7.2428766e-16
5145.78504924774	7.162538e-16
5148.836596536635	7.1661687e-16
5151.888143825529	7.1248235e-16
5154.939691114424	7.2144517e-16
5157.991238403319	7.204793e-16
5161.042785692213	7.1597043e-16
5164.094332981108	7.2875e-16
5167.145880270003	7.3951196e-16
5170.197427558897	7.342967e-16
5173.248974847792	7.369559e-16
5176.300522136687	7.306814e-16
5179.352069425581	7.280514e-16
5182.403616714476	7.383838e-16
5185.455164003371	7.3565007e-16
5188.506711292265	7.3609604e-16
5191.55825858116	7.375562e-16
5194.6098058700545	7.229242e-16
5197.661353158949	7.3090987e-16
5200.712900447844	7.6948057e-16
5203.7644477367385	7.5354476e-16
5206.815995025633	7.5326216e-16
5209.867542314528	7.6520904e-16
5212.919089603422	7.6465476e-16
5215.970636892317	7.4397037e-16
5219.022184181212	7.5824044e-16
5222.073731470106	7.770689e-16
5225.125278759001	7.5501314e-16
5228.176826047896	7.6780106e-16
5231.22837333679	7.5004757e-16
5234.279920625685	7.618152e-16
5237.33146791458	7.6755754e-16
5240.383015203474	7.725538e-16
5243.434562492369	7.6713805e-16
5246.486109781264	7.6244633e-16
5249.537657070158	7.6846053e-16
5252.589204359053	7.6264284e-16
5255.640751647948	7.521893e-16
5258.692298936842	7.6759296e-16
5261.743846225737	7.8842827e-16
5264.7953935146315	7.7515876e-16
5267.846940803526	7.8573e-16
5270.898488092421	7.884471e-16
5273.9500353813155	7.918074e-16
5277.00158267021	8.06751e-16
5280.053129959105	8.1197304e-16
5283.1046772479995	8.0413555e-16
5286.156224536894	8.0049966e-16
5289.207771825789	8.0975185e-16
5292.259319114683	8.2079435e-16
5295.310866403578	8.0425863e-16
5298.362413692473	7.9423934e-16
5301.413960981367	8.088511e-16
5304.465508270262	8.161296e-16
5307.517055559157	8.2408465e-16
5310.568602848051	8.3674504e-16
5313.620150136946	8.1214647e-16
5316.671697425841	8.4902644e-16
5319.723244714735	8.5496054e-16
5322.77479200363	8.462953e-16
5325.826339292525	8.497395e-16
5328.877886581419	8.508171e-16
5331.929433870314	8.437041e-16
5334.980981159209	8.5333985e-16
5338.032528448103	8.70554e-16
5341.084075736998	8.551129e-16
5344.1356230258925	8.867422e-16
5347.187170314787	8.966342e-16
5350.238717603682	8.8650484e-16
5353.2902648925765	9.079598e-16
5356.341812181471	9.28444e-16
5359.393359470366	9.091366e-16
5362.44490675926	8.988594e-16
5365.496454048155	9.025449e-16
5368.54800133705	9.049387e-16
5371.599548625944	8.872224e-16
5374.651095914839	8.8316256e-16
5377.702643203734	8.923997e-16
5380.754190492628	8.946976e-16
5383.805737781523	8.98255e-16
5386.857285070418	8.958731e-16
5389.908832359312	8.840653e-16
5392.960379648207	8.899452e-16
5396.011926937102	8.787561e-16
5399.063474225996	8.8595194e-16
5402.115021514891	8.516847e-16
5405.166568803786	8.7481335e-16
5408.21811609268	9.105902e-16
5411.269663381575	8.829813e-16
5414.32121067047	8.87364e-16
5417.372757959364	8.953435e-16
5420.424305248259	8.997026e-16
5423.4758525371535	9.098367e-16
5426.527399826048	9.094439e-16
5429.578947114943	9.150342e-16
5432.6304944038375	9.260426e-16
5435.682041692732	9.102156e-16
5438.733588981627	8.988809e-16
5441.785136270521	9.29974e-16
5444.836683559416	9.389649e-16
5447.888230848311	9.157407e-16
5450.9397781372045	9.345401e-16
5453.991325426099	9.527957e-16
5457.042872714994	9.725019e-16
5460.094420003888	1.0026639e-15
5463.145967292783	1.0256781e-15
5466.197514581678	1.031172e-15
5469.249061870572	1.0288959e-15
5472.300609159467	1.0565446e-15
5475.352156448362	1.0682951e-15
5478.403703737256	1.0593398e-15
5481.455251026151	1.0576893e-15
5484.506798315046	1.0602279e-15
5487.55834560394	1.0533923e-15
5490.609892892835	1.0454736e-15
5493.66144018173	1.0552327e-15
5496.712987470624	1.0430184e-15
5499.764534759519	1.0367855e-15
5502.816082048414	1.0388018e-15
5505.867629337308	1.0261842e-15
5508.919176626203	1.0153824e-15
5511.970723915098	1.0135611e-15
5515.022271203992	1.0086537e-15
5518.073818492887	9.964726e-16
5521.1253657817815	9.822268e-16
5524.176913070676	9.862512e-16
5527.228460359571	1.0015153e-15
5530.2800076484655	1.0032464e-15
5533.33155493736	9.874053e-16
5536.383102226255	9.84841e-16
5539.434649515149	1.0017051e-15
5542.486196804044	9.996941e-16
5545.537744092939	9.921334e-16
5548.589291381833	9.788336e-16
5551.640838670728	9.844367e-16
5554.692385959623	9.805409e-16
5557.743933248517	9.764922e-16
5560.795480537412	9.94869e-16
5563.847027826307	9.895429e-16
5566.898575115201	9.454095e-16
5569.950122404096	9.664735e-16
5573.001669692991	9.620272e-16
5576.053216981885	9.560878e-16
5579.10476427078	9.594171e-16
5582.156311559675	9.577127e-16
5585.207858848569	9.595685e-16
5588.259406137464	9.632955e-16
5591.3109534263585	9.605853e-16
5594.362500715253	9.734651e-16
5597.414048004148	9.954417e-16
5600.4655952930425	1.0101468e-15
5603.517142581937	1.0256664e-15
5606.568689870832	1.0244182e-15
5609.6202371597265	1.0330965e-15
5612.671784448621	1.0464285e-15
5615.723331737516	1.0146548e-15
5618.77487902641	1.0395713e-15
5621.826426315305	1.0490501e-15
5624.8779736042	1.0369366e-15
5627.929520893094	1.0387265e-15
5630.981068181989	1.0535965e-15
5634.032615470884	1.0589847e-15
5637.084162759778	1.0645959e-15
5640.135710048673	1.0717432e-15
5643.187257337568	1.0415201e-15
5646.238804626462	1.0193702e-15
5649.290351915357	1.016265e-15
5652.341899204252	1.0236307e-15
5655.393446493146	1.0315832e-15
5658.444993782041	1.0254111e-15
5661.496541070936	1.0094213e-15
5664.54808835983	1.0085788e-15
5667.599635648725	9.967599e-16
5670.6511829376195	9.796728e-16
5673.702730226514	9.627046e-16
5676.754277515409	9.463213e-16
5679.8058248043035	9.26778e-16
5682.857372093198	9.03732e-16
5685.908919382093	8.7703877e-16
5688.960466670987	8.164499e-16
5692.012013959882	7.8089757e-16
5695.063561248777	7.7501683e-16
5698.115108537671	7.436082e-16
5701.166655826566	7.1343923e-16
5704.218203115461	6.870512e-16
5707.269750404355	6.4067984e-16
5710.32129769325	6.122972e-16
5713.372844982145	6.060729e-16
5716.424392271039	5.7492134e-16
5719.475939559934	5.463277e-16
5722.527486848829	5.354888e-16
5725.579034137723	5.2066125e-16
5728.630581426618	5.117233e-16
5731.682128715513	5.1025593e-16
5734.733676004407	5.0293725e-16
5737.785223293302	5.228985e-16
5740.836770582197	5.2289107e-16
5743.888317871091	5.1550695e-16
5746.939865159986	5.1799813e-16
5749.9914124488805	5.2851987e-16
5753.042959737775	5.3594813e-16
5756.09450702667	5.4703897e-16
5759.1460543155645	5.6055185e-16
5762.197601604459	5.651565e-16
5765.249148893354	5.815053e-16
5768.300696182248	5.878063e-16
5771.352243471143	6.046845e-16
5774.403790760038	6.396934e-16
5777.455338048932	6.7340835e-16
5780.506885337827	7.0209587e-16
5783.558432626722	7.0897113e-16
5786.609979915616	7.555889e-16
5789.661527204511	7.886384e-16
5792.713074493406	7.977236e-16
5795.7646217823	8.081098e-16
5798.816169071195	8.3613063e-16
5801.86771636009	8.7040333e-16
5804.919263648984	8.796991e-16
5807.970810937879	8.905241e-16
5811.022358226774	9.304954e-16
5814.073905515668	9.498868e-16
5817.125452804563	9.586014e-16
5820.1770000934575	9.814909e-16
5823.228547382352	1.0023379e-15
5826.280094671247	1.0166416e-15
5829.3316419601415	1.044632e-15
5832.383189249036	1.0475916e-15
5835.434736537931	1.0863072e-15
5838.4862838268255	1.0900322e-15
5841.53783111572	1.0970167e-15
5844.589378404615	1.1195333e-15
5847.640925693509	1.1096547e-15
5850.692472982404	1.1348214e-15
5853.744020271299	1.1619296e-15
5856.795567560193	1.1672937e-15
5859.847114849088	1.1742745e-15
5862.898662137983	1.1874341e-15
5865.950209426877	1.177282e-15
5869.001756715772	1.1727272e-15
5872.053304004667	1.2142026e-15
5875.104851293561	1.2154952e-15
5878.156398582456	1.2182523e-15
5881.207945871351	1.2330946e-15
5884.259493160245	1.226766e-15
5887.31104044914	1.2178283e-15
5890.362587738035	1.2295146e-15
5893.414135026929	1.2589948e-15
5896.465682315824	1.2716365e-15
5899.5172296047185	1.2189613e-15
5902.568776893613	1.2364968e-15
5905.620324182508	1.2557237e-15
5908.6718714714025	1.2569951e-15
5911.723418760297	1.2537416e-15
5914.774966049192	1.2339121e-15
5917.826513338086	1.2149922e-15
5920.878060626981	1.2310422e-15
5923.929607915876	1.2178105e-15
5926.98115520477	1.2199345e-15
5930.032702493665	1.2134318e-15
5933.08424978256	1.2097927e-15
5936.135797071454	1.21491e-15
5939.187344360349	1.1989176e-15
5942.238891649244	1.2209875e-15
5945.290438938138	1.2222678e-15
5948.341986227033	1.2169026e-15
5951.393533515928	1.2159876e-15
5954.445080804822	1.2060599e-15
5957.496628093717	1.1981257e-15
5960.548175382612	1.1903753e-15
5963.599722671506	1.1878905e-15
5966.651269960401	1.1957326e-15
5969.702817249296	1.1906622e-15
5972.75436453819	1.1861897e-15
5975.805911827085	1.1927393e-15
5978.8574591159795	1.1669112e-15
5981.909006404874	1.1443326e-15
5984.960553693769	1.1816917e-15
5988.0121009826635	1.1381138e-15
5991.063648271558	1.1236356e-15
5994.115195560453	1.1349219e-15
5997.166742849347	1.1107435e-15
6000.218290138242	1.0956273e-15
6003.269837427137	1.1123633e-15
6006.321384716031	1.1005151e-15
6009.372932004926	1.0974878e-15
6012.424479293821	1.0841643e-15
6015.476026582715	1.0694463e-15
6018.52757387161	1.0649987e-15
6021.579121160505	1.052152e-15
6024.630668449399	1.0343505e-15
6027.682215738294	1.0316521e-15
6030.733763027189	1.0236414e-15
6033.785310316083	1.0268382e-15
6036.836857604978	1.0119279e-15
6039.888404893873	1.0043996e-15
6042.939952182767	1.0065999e-15
6045.991499471662	1.0034942e-15
6049.0430467605565	9.948847e-16
6052.094594049451	1.0011839e-15
6055.146141338346	9.851564e-16
6058.1976886272405	9.700876e-16
6061.249235916135	9.557832e-16
6064.30078320503	9.468905e-16
6067.3523304939245	9.390358e-16
6070.403877782819	9.253074e-16
6073.455425071714	9.151801e-16
6076.506972360608	9.162786e-16
6079.558519649503	9.192918e-16
6082.610066938398	9.124723e-16
6085.661614227292	9.008554e-16
6088.713161516187	8.916543e-16
6091.764708805082	8.853949e-16
6094.816256093976	8.812329e-16
6097.867803382871	8.7945467e-16
6100.919350671766	8.5755987e-16
6103.97089796066	8.4542337e-16
6107.022445249555	8.495357e-16
6110.07399253845	8.4713253e-16
6113.125539827344	8.3925157e-16
6116.177087116239	8.556588e-16
6119.228634405134	8.2124614e-16
6122.280181694028	8.1785753e-16
6125.331728982923	8.3131794e-16
6128.3832762718175	8.2661236e-16
6131.434823560712	8.193239e-16
6134.486370849607	8.230236e-16
6137.5379181385015	8.2720295e-16
6140.589465427396	8.36266e-16
6143.641012716291	8.2351074e-16
6146.692560005185	8.212901e-16
6149.74410729408	8.158264e-16
6152.795654582975	8.046852e-16
6155.847201871869	8.0857585e-16
6158.898749160764	8.013291e-16
6161.950296449659	8.007899e-16
6165.001843738553	8.0569573e-16
6168.053391027448	7.940932e-16
6171.104938316343	8.008181e-16
6174.156485605237	8.105945e-16
6177.208032894132	7.9884545e-16
6180.259580183027	8.1201544e-16
6183.311127471921	8.099236e-16
6186.362674760816	8.067143e-16
6189.414222049711	7.9063426e-16
6192.465769338605	7.8663135e-16
6195.5173166275	7.930474e-16
6198.568863916395	7.752651e-16
6201.620411205289	7.7922304e-16
6204.671958494184	7.90896e-16
6207.7235057830785	7.9313995e-16
6210.775053071973	7.725466e-16
6213.826600360868	7.5046113e-16
6216.8781476497625	7.422994e-16
6219.929694938657	7.3468435e-16
6222.981242227552	7.2747737e-16
6226.032789516446	7.1553505e-16
6229.084336805341	6.981469e-16
6232.135884094236	6.923736e-16
6235.18743138313	6.75042e-16
6238.238978672025	6.442895e-16
6241.29052596092	6.217979e-16
6244.342073249814	6.0441677e-16
6247.393620538709	5.7946143e-16
6250.445167827604	5.6302936e-16
6253.496715116498	5.416759e-16
6256.548262405393	5.2234796e-16
6259.599809694288	4.9916e-16
6262.651356983182	4.7210287e-16
6265.702904272077	4.5840105e-16
6268.754451560972	4.1825735e-16
6271.805998849866	3.8934497e-16
6274.857546138761	3.5558184e-16
6277.9090934276555	3.3313877e-16
6280.96064071655	3.2625928e-16
6284.012188005445	3.0169035e-16
6287.0637352943395	2.984106e-16
6290.115282583234	2.740192e-16
6293.166829872129	2.6078093e-16
6296.218377161023	2.5808655e-16
6299.269924449918	2.49551e-16
6302.321471738813	2.3463308e-16
6305.373019027707	2.1738735e-16
6308.424566316602	2.211861e-16
6311.476113605497	2.1498709e-16
6314.527660894391	2.0998708e-16
6317.579208183286	2.1072075e-16
6320.630755472181	2.0217475e-16
6323.682302761075	1.9667001e-16
6326.73385004997	1.998801e-16
6329.785397338865	1.9974374e-16
6332.836944627759	1.9684744e-16
6335.888491916654	2.1115589e-16
6338.940039205549	2.1101372e-16
6341.991586494443	2.0230125e-16
6345.043133783338	2.1439075e-16
6348.094681072233	2.1258423e-16
6351.146228361127	2.313608e-16
6354.197775650022	2.4788668e-16
6357.2493229389165	2.6584995e-16
6360.300870227811	2.8234679e-16
6363.352417516706	2.9583494e-16
6366.4039648056005	3.2039032e-16
6369.455512094495	3.4185604e-16
6372.50705938339	3.6749872e-16
6375.558606672284	4.0686058e-16
6378.610153961179	4.4745214e-16
6381.661701250074	4.8211437e-16
6384.713248538968	5.055696e-16
6387.764795827863	5.259885e-16
6390.816343116758	5.604994e-16
6393.867890405652	5.788027e-16
6396.919437694547	6.025432e-16
6399.970984983442	6.3295384e-16
6403.022532272336	6.4795003e-16
6406.074079561231	6.6400384e-16
6409.125626850126	6.9346603e-16
6412.17717413902	7.078344e-16
6415.228721427915	7.3062013e-16
6418.28026871681	7.4989643e-16
6421.331816005704	7.604413e-16
6424.383363294599	7.8907546e-16
6427.434910583494	8.2891957e-16
6430.486457872388	8.3818823e-16
6433.538005161283	8.4532565e-16
6436.5895524501775	8.5131226e-16
6439.641099739072	8.630807e-16
6442.692647027967	8.6171134e-16
6445.7441943168615	8.5215654e-16
6448.795741605756	8.6310466e-16
6451.847288894651	8.77077e-16
6454.898836183545	8.7800497e-16
6457.95038347244	8.857416e-16
6461.001930761335	8.877116e-16
6464.053478050229	8.812843e-16
6467.105025339124	8.806241e-16
6470.156572628019	8.837441e-16
6473.208119916913	8.817136e-16
6476.259667205808	8.688676e-16
6479.311214494703	8.3765163e-16
6482.362761783597	8.278648e-16
6485.414309072492	8.4064785e-16
6488.465856361387	8.3539614e-16
6491.517403650281	8.191753e-16
6494.568950939176	7.9553567e-16
6497.620498228071	7.783134e-16
6500.672045516965	7.8153877e-16
6503.72359280586	7.722569e-16
6506.7751400947545	7.5350934e-16
6509.826687383649	7.5878207e-16
6512.878234672544	7.6912646e-16
6515.9297819614385	7.7037456e-16
6518.981329250333	7.497097e-16
6522.032876539228	7.4878316e-16
6525.084423828122	7.615665e-16
6528.135971117017	7.568644e-16
6531.187518405912	7.5357313e-16
6534.239065694806	7.657282e-16
6537.290612983701	7.4989627e-16
6540.342160272596	7.6241203e-16
6543.39370756149	7.7837156e-16
6546.445254850385	7.6538045e-16
6549.49680213928	7.611012e-16
6552.548349428174	7.7003845e-16
6555.599896717069	7.9154567e-16
6558.651444005964	8.0444863e-16
6561.702991294858	8.202129e-16
6564.754538583753	8.445462e-16
6567.806085872648	8.517363e-16
6570.857633161542	8.535581e-16
6573.909180450437	9.060629e-16
6576.960727739332	9.241863e-16
6580.012275028226	9.23074e-16
6583.063822317121	9.362258e-16
6586.1153696060155	9.592736e-16
6589.16691689491	9.806511e-16
6592.218464183805	9.833388e-16
6595.2700114726995	9.684885e-16
6598.321558761594	9.855112e-16
6601.373106050489	1.0196381e-15
6604.424653339383	1.0072039e-15
6607.476200628278	9.921673e-16
6610.527747917173	1.0433894e-15
6613.579295206067	1.0425382e-15
6616.630842494962	1.0526181e-15
6619.682389783857	1.0425535e-15
6622.733937072751	1.0321609e-15
6625.785484361646	1.0468587e-15
6628.837031650541	1.0578933e-15
6631.888578939435	1.0608224e-15
6634.94012622833	1.0913852e-15
6637.991673517225	1.0995693e-15
6641.043220806119	1.0879975e-15
6644.094768095014	1.1038082e-15
6647.146315383909	1.1206831e-15
6650.197862672803	1.1040901e-15
6653.249409961698	1.1226269e-15
6656.300957250593	1.1114558e-15
6659.352504539487	1.1226406e-15
6662.404051828382	1.1376237e-15
6665.4555991172765	1.1256704e-15
6668.507146406171	1.1267842e-15
6671.558693695066	1.1523065e-15
6674.6102409839605	1.140231e-15
6677.661788272855	1.135551e-15
6680.71333556175	1.1568204e-15
6683.764882850644	1.1687321e-15
6686.816430139539	1.162789e-15
6689.867977428434	1.159108e-15
6692.919524717328	1.1658874e-15
6695.971072006223	1.1748094e-15
6699.022619295118	1.1858282e-15
6702.074166584012	1.1684194e-15
6705.125713872907	1.1524434e-15
6708.177261161802	1.1705027e-15
6711.228808450696	1.1646138e-15
6714.280355739591	1.1598937e-15
6717.331903028486	1.1640916e-15
6720.38345031738	1.1683574e-15
6723.434997606275	1.1610409e-15
6726.48654489517	1.1408293e-15
6729.538092184064	1.132098e-15
6732.589639472959	1.1619379e-15
6735.6411867618535	1.1409199e-15
6738.692734050748	1.153919e-15
6741.744281339643	1.1662807e-15
6744.7958286285375	1.1315396e-15
6747.847375917432	1.1140221e-15
6750.898923206326	1.1286269e-15
6753.9504704952205	1.1486719e-15
6757.002017784115	1.150286e-15
6760.05356507301	1.1460018e-15
6763.1051123619045	1.1380717e-15
6766.156659650799	1.1344728e-15
6769.208206939694	1.1421967e-15
6772.2597542285885	1.123337e-15
6775.311301517483	1.1111691e-15
6778.362848806378	1.1216808e-15
6781.414396095272	1.1336495e-15
6784.465943384167	1.1241599e-15
6787.517490673062	1.1070482e-15
6790.569037961956	1.1130557e-15
6793.620585250851	1.1071412e-15
6796.672132539746	1.1000004e-15
6799.72367982864	1.0838637e-15
6802.775227117535	1.0732366e-15
6805.82677440643	1.0829422e-15
6808.878321695324	1.0761451e-15
6811.929868984219	1.0712251e-15
6814.981416273114	1.0556953e-15
6818.032963562008	1.0306068e-15
6821.084510850903	1.0204731e-15
6824.136058139798	1.013663e-15
6827.187605428692	9.833032e-16
6830.239152717587	9.9136e-16
6833.2907000064815	9.880532e-16
6836.342247295376	9.475161e-16
6839.393794584271	9.376979e-16
6842.4453418731655	9.339907e-16
6845.49688916206	8.958429e-16
6848.548436450955	8.759042e-16
6851.599983739849	8.599867e-16
6854.651531028744	8.605534e-16
6857.703078317639	8.714247e-16
6860.754625606533	8.329388e-16
6863.806172895428	7.721596e-16
6866.857720184323	7.7836684e-16
6869.909267473217	7.5516873e-16
6872.960814762112	7.1629855e-16
6876.012362051007	7.0845545e-16
6879.063909339901	6.98558e-16
6882.115456628796	6.8462915e-16
6885.167003917691	6.787381e-16
6888.218551206585	6.748422e-16
6891.27009849548	6.5071046e-16
6894.321645784375	6.3400167e-16
6897.373193073269	6.2630574e-16
6900.424740362164	6.240706e-16
6903.476287651059	6.329302e-16
6906.527834939953	6.2711784e-16
6909.579382228848	6.385709e-16
6912.6309295177425	6.4555785e-16
6915.682476806637	6.4283967e-16
6918.734024095532	6.501309e-16
6921.7855713844265	6.6502584e-16
6924.837118673321	6.553304e-16
6927.888665962216	6.681373e-16
6930.94021325111	6.848693e-16
6933.991760540005	6.7715737e-16
6937.0433078289	6.745632e-16
6940.094855117794	7.149902e-16
6943.146402406689	7.5210755e-16
6946.197949695584	7.544516e-16
6949.249496984478	7.80315e-16
6952.301044273373	8.076048e-16
6955.352591562268	8.0557513e-16
6958.404138851162	8.1924825e-16
6961.455686140057	8.799015e-16
6964.507233428952	8.968131e-16
6967.558780717846	9.000765e-16
6970.610328006741	9.039178e-16
6973.661875295636	9.413239e-16
6976.71342258453	9.56739e-16
6979.764969873425	9.444112e-16
6982.8165171623195	9.632586e-16
6985.868064451214	9.659407e-16
6988.919611740109	9.5873e-16
6991.9711590290035	9.662365e-16
6995.022706317898	9.808732e-16
6998.074253606793	9.886278e-16
7001.1258008956875	1.0094985e-15
7004.177348184582	9.984212e-16
7007.228895473477	1.0010304e-15
7010.280442762371	1.0137807e-15
7013.331990051266	1.0119009e-15
7016.383537340161	1.0053251e-15
7019.435084629055	1.0129835e-15
7022.48663191795	1.0225651e-15
7025.538179206845	1.0288089e-15
7028.589726495739	1.0338742e-15
7031.641273784634	1.0251358e-15
7034.692821073529	1.0077437e-15
7037.744368362423	1.0100275e-15
7040.795915651318	9.965209e-16
7043.847462940213	9.948057e-16
7046.899010229107	1.0100931e-15
7049.950557518002	1.0169805e-15
7053.002104806897	1.0186571e-15
7056.053652095791	1.0152576e-15
7059.105199384686	9.784719e-16
7062.1567466735805	9.988668e-16
7065.208293962475	9.966337e-16
7068.25984125137	9.815418e-16
7071.3113885402645	9.84716e-16
7074.362935829159	9.968786e-16
7077.414483118054	1.0175162e-15
7080.466030406948	1.0075507e-15
7083.517577695843	9.920336e-16
7086.569124984738	9.799952e-16
7089.620672273632	9.876188e-16
7092.672219562527	1.0090486e-15
7095.723766851422	9.92645e-16
7098.775314140316	9.651775e-16
7101.826861429211	9.664221e-16
7104.878408718106	9.401579e-16
7107.929956007	9.111537e-16
7110.981503295895	9.339814e-16
7114.03305058479	9.318632e-16
7117.084597873684	9.269926e-16
7120.136145162579	9.335154e-16
7123.187692451474	9.255951e-16
7126.239239740368	9.028393e-16
7129.290787029263	8.999489e-16
7132.342334318158	9.20053e-16
7135.393881607052	9.243364e-16
7138.445428895947	8.958501e-16
7141.4969761848415	8.902424e-16
7144.548523473736	8.956933e-16
7147.600070762631	8.899104e-16
7150.6516180515255	9.063448e-16
7153.70316534042	9.108497e-16
7156.754712629315	9.021088e-16
7159.806259918209	8.966623e-16
7162.857807207104	9.055192e-16
7165.909354495999	9.184838e-16
7168.960901784893	9.031403e-16
7172.012449073788	8.8815724e-16
7175.063996362683	8.980925e-16
7178.115543651577	8.966766e-16
7181.167090940472	8.789471e-16
7184.218638229367	8.8557607e-16
7187.270185518261	9.087675e-16
7190.321732807156	8.989982e-16
7193.373280096051	9.051151e-16
7196.424827384944	8.991558e-16
7199.476374673839	9.027609e-16
7202.527921962734	9.155269e-16
7205.579469251628	9.182926e-16
7208.631016540523	9.137134e-16
7211.682563829418	9.12646e-16
7214.734111118312	9.256578e-16
7217.785658407207	9.539857e-16
7220.837205696102	9.792258e-16
7223.888752984996	9.584942e-16
7226.940300273891	9.486114e-16
7229.991847562786	9.786843e-16
7233.04339485168	9.958089e-16
7236.094942140575	9.725304e-16
7239.1464894294695	9.539822e-16
7242.198036718364	9.530645e-16
7245.249584007259	9.343752e-16
7248.3011312961535	9.437034e-16
7251.352678585048	9.512756e-16
7254.404225873943	9.597467e-16
7257.455773162837	9.457786e-16
7260.507320451732	9.354245e-16
7263.558867740627	9.671753e-16
7266.610415029521	9.448102e-16
7269.661962318416	9.180233e-16
7272.713509607311	9.359546e-16
7275.765056896205	9.265733e-16
7278.8166041851	9.196902e-16
7281.868151473995	9.181191e-16
7284.919698762889	9.017755e-16
7287.971246051784	9.48584e-16
7291.022793340679	9.599422e-16
7294.074340629573	9.338125e-16
7297.125887918468	9.382327e-16
7300.177435207363	9.464532e-16
7303.228982496257	9.49392e-16
7306.280529785152	9.402194e-16
7309.3320770740465	9.669161e-16
7312.383624362941	9.719905e-16
7315.435171651836	9.372446e-16
7318.4867189407305	9.309448e-16
7321.538266229625	9.31668e-16
7324.58981351852	9.299487e-16
7327.6413608074145	9.462929e-16
7330.692908096309	9.372748e-16
7333.744455385204	9.028039e-16
7336.796002674098	9.227552e-16
7339.847549962993	9.471233e-16
7342.899097251888	9.336035e-16
7345.950644540782	9.352354e-16
7349.002191829677	9.433982e-16
7352.053739118572	9.489698e-16
7355.105286407466	9.457697e-16
7358.156833696361	9.374983e-16
7361.208380985256	9.600138e-16
7364.25992827415	9.61075e-16
7367.311475563045	9.446983e-16
7370.36302285194	9.531177e-16
7373.414570140834	9.554566e-16
7376.466117429729	9.525295e-16
7379.517664718624	9.655506e-16
7382.569212007518	9.628147e-16
7385.620759296413	9.490415e-16
7388.6723065853075	9.409181e-16
7391.723853874202	9.217191e-16
7394.775401163097	9.39882e-16
7397.8269484519915	9.435302e-16
7400.878495740886	9.494298e-16
7403.930043029781	9.487277e-16
7406.981590318675	9.302987e-16
7410.03313760757	9.426237e-16
7413.084684896465	9.436392e-16
7416.136232185359	9.239574e-16
7419.187779474254	9.15476e-16
7422.239326763149	9.238984e-16
7425.290874052043	9.309064e-16
7428.342421340938	9.318699e-16
7431.393968629833	9.337008e-16
7434.445515918727	9.326969e-16
7437.497063207622	9.332783e-16
7440.548610496517	9.191018e-16
7443.600157785411	8.8809626e-16
7446.651705074306	8.998281e-16
7449.703252363201	9.245657e-16
7452.754799652095	8.98781e-16
7455.80634694099	8.6752945e-16
7458.857894229885	8.7036055e-16
7461.909441518779	8.635882e-16
7464.960988807674	8.3899307e-16
7468.0125360965685	8.553089e-16
7471.064083385463	8.485913e-16
7474.115630674358	8.34929e-16
7477.1671779632525	8.457074e-16
7480.218725252147	8.41674e-16
7483.270272541042	8.1182406e-16
7486.321819829936	8.1117015e-16
7489.373367118831	7.955508e-16
7492.424914407726	8.020089e-16
7495.47646169662	8.241358e-16
7498.528008985515	7.9406374e-16
7501.57955627441	8.0059977e-16
7504.631103563304	7.977245e-16
7507.682650852199	8.1204117e-16
7510.734198141094	8.0167825e-16
7513.785745429988	7.832392e-16
7516.837292718883	8.0061724e-16
7519.888840007778	7.9706796e-16
7522.940387296672	8.006175e-16
7525.991934585567	7.8510346e-16
7529.043481874462	7.702849e-16
7532.095029163356	7.83075e-16
7535.146576452251	7.9228243e-16
7538.1981237411455	7.7665504e-16
7541.24967103004	7.731238e-16
7544.301218318935	7.838887e-16
7547.3527656078295	7.800367e-16
7550.404312896724	7.736868e-16
7553.455860185619	7.802729e-16
7556.5074074745135	7.8556117e-16
7559.558954763408	7.646657e-16
7562.610502052303	7.560955e-16
7565.662049341197	7.6899945e-16
7568.713596630092	7.736488e-16
7571.765143918987	7.6893376e-16
7574.816691207881	7.58726e-16
7577.868238496776	7.329962e-16
7580.919785785671	7.339386e-16
7583.971333074565	7.4219684e-16
7587.02288036346	7.366947e-16
7590.074427652355	7.1752346e-16
7593.125974941249	7.230743e-16
7596.177522230144	7.0684333e-16
7599.229069519039	6.8636673e-16
7602.280616807933	7.126573e-16
7605.332164096828	7.114638e-16
7608.383711385723	6.5909026e-16
7611.435258674617	7.180985e-16
7614.486805963512	6.7082315e-16
7617.5383532524065	6.503367e-16
7620.589900541301	6.700232e-16
7623.641447830196	6.9756435e-16
7626.6929951190905	7.0270086e-16
7629.744542407985	6.6524157e-16
7632.79608969688	6.4630536e-16
7635.847636985774	6.630905e-16
7638.899184274669	6.286673e-16
7641.950731563564	6.2155214e-16
7645.002278852458	6.359504e-16
7648.053826141353	6.0711187e-16
7651.105373430248	6.055779e-16
7654.156920719142	6.01179e-16
7657.208468008037	6.0486194e-16
7660.260015296932	6.2347284e-16
7663.311562585826	6.159153e-16
7666.363109874721	6.1823373e-16
7669.414657163616	6.345003e-16
7672.46620445251	6.567314e-16
7675.517751741405	6.660162e-16
7678.5692990303	6.611167e-16
7681.620846319194	6.4845475e-16
7684.672393608089	6.83874e-16
7687.723940896984	6.6713194e-16
7690.775488185878	6.617512e-16
7693.827035474773	7.018337e-16
7696.8785827636675	6.835708e-16
7699.930130052562	6.961955e-16
7702.981677341457	7.098096e-16
7706.0332246303515	7.146027e-16
7709.084771919246	7.173247e-16
7712.136319208141	7.112633e-16
7715.187866497035	7.1416355e-16
7718.23941378593	7.28582e-16
7721.290961074825	7.2878895e-16
7724.342508363719	7.190691e-16
7727.394055652614	7.4871196e-16
7730.445602941509	7.6647413e-16
7733.497150230403	7.4500555e-16
7736.548697519298	7.393555e-16
7739.600244808193	7.4909995e-16
7742.651792097087	7.5725037e-16
7745.703339385982	7.695526e-16
7748.754886674877	7.7497697e-16
7751.806433963771	7.7979653e-16
7754.857981252666	7.847407e-16
7757.909528541561	7.9708585e-16
7760.961075830455	8.122626e-16
7764.01262311935	8.130516e-16
7767.0641704082445	8.0202686e-16
7770.115717697139	8.0938456e-16
7773.167264986034	7.952527e-16
7776.2188122749285	7.916233e-16
7779.270359563823	7.9426624e-16
7782.321906852718	7.9824777e-16
7785.3734541416125	8.289854e-16
7788.425001430507	7.954065e-16
7791.476548719402	7.925398e-16
7794.528096008296	8.0620167e-16
7797.579643297191	8.020915e-16
7800.631190586086	7.9389905e-16
7803.68273787498	8.079472e-16
7806.734285163875	7.978924e-16
7809.78583245277	8.177025e-16
7812.837379741664	8.227397e-16
7815.888927030559	8.1715587e-16
7818.940474319454	8.403952e-16
7821.992021608348	8.0995053e-16
7825.043568897243	8.337256e-16
7828.095116186138	8.4845633e-16
7831.146663475032	8.311512e-16
7834.198210763927	8.193971e-16
7837.249758052822	8.1678037e-16
7840.301305341716	8.178594e-16
7843.352852630611	8.209915e-16
7846.4043999195055	8.397562e-16
7849.4559472084	8.323882e-16
7852.507494497295	8.0458426e-16
7855.5590417861895	8.182537e-16
7858.610589075084	8.3095113e-16
7861.662136363979	8.3401437e-16
7864.713683652873	8.355458e-16
7867.765230941768	8.38085e-16
7870.816778230663	8.376381e-16
7873.868325519557	8.2490405e-16
7876.919872808452	8.4780444e-16
7879.971420097347	8.4432917e-16
7883.022967386241	8.5288033e-16
7886.074514675136	8.5901476e-16
7889.126061964031	8.230541e-16
7892.177609252925	8.306151e-16
7895.22915654182	8.226205e-16
7898.280703830715	8.2231144e-16
7901.332251119609	8.2550645e-16
7904.383798408504	8.1200416e-16
7907.435345697399	8.1623134e-16
7910.486892986293	8.1733793e-16
7913.538440275188	8.1779025e-16
7916.589987564083	8.136929e-16
7919.641534852977	8.066686e-16
7922.693082141872	7.968559e-16
7925.7446294307665	8.0326644e-16
7928.796176719661	7.818467e-16
7931.847724008556	7.863612e-16
7934.8992712974505	8.0874833e-16
7937.950818586345	8.2586766e-16
7941.00236587524	8.2447175e-16
7944.053913164134	7.85381e-16
7947.105460453029	7.912115e-16
7950.157007741924	7.7687496e-16
7953.208555030818	7.7243454e-16
7956.260102319713	7.979109e-16
7959.311649608608	7.7527057e-16
7962.363196897502	7.661323e-16
7965.414744186397	7.855147e-16
7968.466291475292	7.9454666e-16
7971.517838764186	7.681783e-16
7974.569386053081	7.3510675e-16
7977.620933341976	7.642002e-16
7980.67248063087	7.9184504e-16
7983.724027919765	7.7139354e-16
7986.77557520866	7.58672e-16
7989.827122497554	7.729533e-16
7992.878669786449	7.5949e-16
7995.9302170753435	7.6747273e-16
7998.981764364238	7.6659367e-16
8002.033311653133	7.5470927e-16
8005.0848589420275	7.5068374e-16
8008.136406230922	7.498506e-16
8011.187953519817	7.3362455e-16
8014.239500808711	7.521109e-16
8017.291048097606	7.652694e-16
8020.342595386501	7.6160163e-16
8023.394142675395	7.578951e-16
8026.44568996429	7.459163e-16
8029.497237253185	7.220676e-16
8032.548784542079	7.263405e-16
8035.600331830974	7.3496805e-16
8038.651879119869	7.296402e-16
8041.703426408763	7.2115273e-16
8044.754973697658	7.1635207e-16
8047.806520986553	7.2348896e-16
8050.858068275447	7.4333346e-16
8053.909615564342	7.4078405e-16
8056.961162853237	7.235876e-16
8060.012710142131	7.143916e-16
8063.064257431026	7.0847016e-16
8066.115804719921	6.9899356e-16
8069.167352008815	7.0648885e-16
8072.21889929771	7.054637e-16
8075.2704465866045	6.9389897e-16
8078.321993875499	7.030684e-16
8081.373541164394	7.225264e-16
8084.4250884532885	7.0266973e-16
8087.476635742183	6.8051373e-16
8090.528183031078	6.909673e-16
8093.579730319972	6.958022e-16
8096.631277608867	6.7769703e-16
8099.682824897762	6.917241e-16
8102.734372186656	6.976578e-16
8105.785919475551	6.7631663e-16
8108.837466764446	6.7496625e-16
8111.88901405334	6.903532e-16
8114.940561342235	6.671816e-16
8117.99210863113	6.768922e-16
8121.043655920024	6.5711884e-16
8124.095203208919	6.5754485e-16
8127.146750497814	6.813113e-16
8130.198297786708	6.501646e-16
8133.249845075603	6.518673e-16
8136.301392364498	6.5937476e-16
8139.352939653392	6.589624e-16
8142.404486942287	6.4751153e-16
8145.456034231182	6.3207404e-16
8148.507581520076	6.2644884e-16
8151.559128808971	6.319591e-16
8154.6106760978655	6.248614e-16
8157.66222338676	6.1566113e-16
8160.713770675655	6.1470436e-16
8163.7653179645495	6.103003e-16
8166.816865253444	6.21314e-16
8169.868412542339	6.1031985e-16
8172.919959831233	6.026753e-16
8175.971507120128	6.167436e-16
8179.023054409023	6.308367e-16
8182.074601697917	6.2419525e-16
8185.126148986812	6.240932e-16
8188.177696275707	6.3427145e-16
8191.229243564601	6.380661e-16
8194.280790853496	6.307093e-16
8197.33233814239	6.187133e-16
8200.383885431285	6.1501395e-16
8203.43543272018	6.3465897e-16
8206.486980009075	6.4380306e-16
8209.53852729797	6.4797565e-16
8212.590074586864	6.4257407e-16
8215.641621875759	6.1737267e-16
8218.693169164653	6.028964e-16
8221.744716453548	5.8720305e-16
8224.796263742443	5.7762586e-16
8227.847811031337	5.731021e-16
8230.899358320232	5.6193225e-16
8233.950905609126	5.681331e-16
8237.002452898021	5.8055707e-16
8240.054000186916	5.851623e-16
8243.10554747581	5.885459e-16
8246.157094764705	5.960789e-16
8249.2086420536	5.900138e-16
8252.260189342494	5.674909e-16
8255.311736631389	5.718539e-16
8258.363283920284	5.780657e-16
8261.414831209178	5.621244e-16
8264.466378498073	5.51829e-16
8267.517925786968	5.576538e-16
8270.569473075862	5.3749434e-16
8273.621020364757	5.34663e-16
8276.672567653652	5.367313e-16
8279.724114942546	5.2285454e-16
8282.775662231441	5.1599553e-16
8285.827209520336	5.2649895e-16
8288.87875680923	5.311352e-16
8291.930304098125	5.295743e-16
8294.98185138702	5.2498753e-16
8298.033398675914	5.029639e-16
8301.084945964809	4.84208e-16
8304.136493253704	4.995736e-16
8307.188040542598	5.007951e-16
8310.239587831493	4.9327493e-16
8313.291135120387	4.8953904e-16
8316.342682409282	4.608018e-16
8319.394229698177	4.633973e-16
8322.445776987071	4.577066e-16
8325.497324275966	4.592687e-16
8328.54887156486	4.6219883e-16
8331.600418853755	4.3970192e-16
8334.65196614265	4.4078943e-16
8337.703513431545	4.536995e-16
8340.75506072044	4.4277787e-16
8343.806608009334	4.2528135e-16
8346.858155298229	4.300421e-16
8349.909702587123	4.3225142e-16
8352.961249876018	4.1399442e-16
8356.012797164913	4.0422993e-16
8359.064344453807	4.1681462e-16
8362.115891742702	4.217708e-16
8365.167439031597	4.013447e-16
8368.218986320491	4.1362548e-16
8371.270533609386	3.985333e-16
8374.32208089828	3.985491e-16
8377.373628187175	4.2157714e-16
8380.42517547607	4.2451624e-16
8383.476722764965	4.185348e-16
8386.52827005386	4.191353e-16
8389.579817342754	4.1845625e-16
8392.631364631648	4.2474057e-16
8395.682911920543	4.4349806e-16
8398.734459209438	4.3856272e-16
8401.786006498332	4.3515426e-16
8404.837553787227	4.5575275e-16
8407.889101076122	4.7125843e-16
8410.940648365016	4.6846253e-16
8413.992195653911	4.682043e-16
8417.043742942806	4.8339313e-16
8420.0952902317	5.2395817e-16
8423.146837520595	5.2439513e-16
8426.19838480949	5.068108e-16
8429.249932098384	5.137805e-16
8432.301479387279	5.174621e-16
8435.353026676174	5.302515e-16
8438.404573965068	5.3052516e-16
8441.456121253963	5.374635e-16
8444.507668542858	5.545419e-16
8447.559215831752	5.658922e-16
8450.610763120647	5.794051e-16
8453.662310409542	5.7596763e-16
8456.713857698436	5.9067027e-16
8459.76540498733	6.0324416e-16
8462.816952276225	5.8891374e-16
8465.86849956512	6.013638e-16
8468.920046854015	6.0032057e-16
8471.97159414291	5.902447e-16
8475.023141431804	5.9033787e-16
8478.074688720699	5.9487563e-16
8481.126236009593	5.8044833e-16
8484.177783298488	5.782885e-16
8487.229330587383	5.876753e-16
8490.280877876277	5.877902e-16
8493.332425165172	5.7611343e-16
8496.383972454067	5.7051047e-16
8499.435519742961	5.717355e-16
8502.487067031856	5.6283047e-16
8505.53861432075	5.7416446e-16
8508.590161609645	5.880959e-16
8511.64170889854	5.726737e-16
8514.693256187435	5.778776e-16
8517.74480347633	6.1077936e-16
8520.796350765224	5.993363e-16
8523.847898054119	6.006402e-16
8526.899445343013	6.3701425e-16
8529.950992631908	6.4171883e-16
8533.002539920803	6.523964e-16
8536.054087209697	6.7254146e-16
8539.105634498592	6.800964e-16
8542.157181787486	6.915794e-16
8545.208729076381	7.1397683e-16
8548.260276365276	7.033267e-16
8551.31182365417	7.2230126e-16
8554.363370943065	7.4966466e-16
8557.41491823196	7.769564e-16
8560.466465520854	7.952834e-16
8563.518012809749	7.942512e-16
8566.569560098644	7.965713e-16
8569.621107387538	7.896771e-16
8572.672654676433	8.049054e-16
8575.724201965328	8.3535496e-16
8578.775749254222	8.3400325e-16
8581.827296543117	8.325898e-16
8584.878843832012	8.4805113e-16
8587.930391120906	8.773609e-16
8590.981938409801	8.849648e-16
8594.033485698696	8.80256e-16
8597.08503298759	8.935473e-16
8600.136580276485	8.916053e-16
8603.18812756538	8.8454285e-16
8606.239674854274	9.067439e-16
8609.291222143169	9.409333e-16
8612.342769432064	9.495824e-16
8615.394316720958	9.518936e-16
8618.445864009853	9.388857e-16
8621.497411298747	9.492936e-16
8624.548958587642	9.771426e-16
8627.600505876537	9.832352e-16
8630.652053165431	9.986125e-16
8633.703600454326	1.0143e-15
8636.75514774322	9.88691e-16
8639.806695032115	9.806166e-16
8642.85824232101	1.0202101e-15
8645.909789609905	9.879594e-16
8648.9613368988	1.024826e-15
8652.012884187694	1.0309317e-15
8655.064431476589	1.0038579e-15
8658.115978765483	1.0234686e-15
8661.167526054378	1.0384085e-15
8664.219073343273	1.0351136e-15
8667.270620632167	1.0163691e-15
8670.322167921062	1.0240319e-15
8673.373715209957	1.0614768e-15
8676.425262498851	1.0505195e-15
8679.476809787746	1.0180963e-15
8682.52835707664	1.0409585e-15
8685.579904365535	1.043361e-15
8688.63145165443	1.0152199e-15
8691.682998943324	1.0447713e-15
8694.73454623222	1.0473969e-15
8697.786093521114	1.0461932e-15
8700.837640810008	1.0554252e-15
8703.889188098903	1.0515125e-15
8706.940735387798	1.0340408e-15
8709.992282676692	1.0414415e-15
8713.043829965587	1.0367756e-15
8716.095377254482	1.0266068e-15
8719.146924543376	1.0372871e-15
8722.198471832271	1.0579289e-15
8725.250019121166	1.0433714e-15
8728.30156641006	1.0477972e-15
8731.353113698955	1.0404224e-15
8734.40466098785	1.0296031e-15
8737.456208276744	1.0349875e-15
8740.507755565639	1.0355252e-15
8743.559302854534	1.0232443e-15
8746.610850143428	1.0361337e-15
8749.662397432323	1.030046e-15
8752.713944721218	1.0064576e-15
8755.765492010112	1.0126985e-15
8758.817039299007	1.0008129e-15
8761.868586587902	9.881794e-16
8764.920133876796	1.0025894e-15
8767.97168116569	1.015048e-15
8771.023228454585	9.802795e-16
8774.07477574348	9.474911e-16
8777.126323032375	9.479909e-16
8780.17787032127	9.387351e-16
8783.229417610164	9.306167e-16
8786.280964899059	9.41795e-16
8789.332512187953	9.29425e-16
8792.384059476848	9.516045e-16
8795.435606765743	9.616542e-16
8798.487154054637	9.317719e-16
8801.538701343532	9.004167e-16
8804.590248632427	9.003032e-16
8807.641795921321	8.828558e-16
8810.693343210216	8.8295244e-16
8813.74489049911	8.81833e-16
8816.796437788005	8.729519e-16
8819.8479850769	8.7186906e-16
8822.899532365795	8.505601e-16
8825.95107965469	8.5527627e-16
8829.002626943584	8.391007e-16
8832.054174232479	7.901791e-16
8835.105721521373	8.0841513e-16
8838.157268810268	8.144481e-16
8841.208816099163	7.9721433e-16
8844.260363388057	8.0316405e-16
8847.311910676952	8.1182803e-16
8850.363457965846	7.5839873e-16
8853.415005254741	7.411563e-16
8856.466552543636	7.611724e-16
8859.51809983253	7.580227e-16
8862.569647121425	7.5026176e-16
8865.62119441032	7.716142e-16
8868.672741699214	7.6159326e-16
8871.724288988109	7.446418e-16
8874.775836277004	7.325649e-16
8877.827383565898	7.397376e-16
8880.878930854793	7.3241123e-16
8883.930478143688	7.011882e-16
8886.982025432582	6.951124e-16
8890.033572721477	7.081275e-16
8893.085120010372	7.018333e-16
8896.136667299266	6.788276e-16
8899.188214588161	6.962849e-16
8902.239761877056	6.773796e-16
8905.29130916595	6.685446e-16
8908.342856454845	6.523923e-16
8911.39440374374	6.217625e-16
8914.445951032634	6.305025e-16
8917.497498321529	6.116224e-16
8920.549045610423	6.1532116e-16
8923.600592899318	5.982189e-16
8926.652140188213	5.797407e-16
8929.703687477107	6.078259e-16
8932.755234766002	6.026144e-16
8935.806782054897	5.902847e-16
8938.858329343791	5.6773437e-16
8941.909876632686	5.5776024e-16
8944.96142392158	5.8717076e-16
8948.012971210475	5.9798716e-16
8951.06451849937	5.5814135e-16
8954.116065788265	5.215116e-16
8957.16761307716	5.350299e-16
8960.219160366054	5.414733e-16
8963.270707654949	5.309343e-16
8966.322254943843	5.3438663e-16
8969.373802232738	5.4485516e-16
8972.425349521633	5.391207e-16
8975.476896810527	5.281937e-16
8978.528444099422	5.3797355e-16
8981.579991388317	5.307985e-16
8984.631538677211	5.1318666e-16
8987.683085966106	4.9755546e-16
8990.734633255	4.8640184e-16
8993.786180543895	4.9337313e-16
8996.83772783279	5.126634e-16
8999.889275121684	5.1038923e-16
9002.94082241058	5.125389e-16
9005.992369699474	5.283179e-16
9009.043916988368	4.922412e-16
9012.095464277263	4.915172e-16
9015.147011566158	5.0475175e-16
9018.198558855052	5.055479e-16
9021.250106143947	5.120523e-16
9024.301653432842	5.239089e-16
9027.353200721736	5.037479e-16
9030.404748010631	5.1431597e-16
9033.456295299526	5.296134e-16
9036.50784258842	5.090264e-16
9039.559389877315	5.3319983e-16
9042.61093716621	5.439034e-16
9045.662484455104	5.4265637e-16
9048.714031743999	5.363208e-16
9051.765579032894	5.3485207e-16
9054.817126321788	5.4061094e-16
9057.868673610683	5.4319424e-16
9060.920220899578	5.339857e-16
9063.971768188472	5.176031e-16
9067.023315477367	4.9720744e-16
9070.074862766262	4.8821624e-16
9073.126410055156	5.020775e-16
9076.17795734405	4.9377627e-16
9079.229504632945	4.8030405e-16
9082.28105192184	4.947294e-16
9085.332599210735	4.923858e-16
9088.38414649963	4.734978e-16
9091.435693788524	4.7415883e-16
9094.487241077419	4.8525766e-16
9097.538788366313	4.790507e-16
9100.590335655208	4.6853993e-16
9103.641882944103	5.009256e-16
9106.693430232997	5.023368e-16
9109.744977521892	4.9378484e-16
9112.796524810787	4.9063595e-16
9115.848072099681	4.6302585e-16
9118.899619388576	4.8109915e-16
9121.95116667747	4.7724134e-16
9125.002713966365	4.7484476e-16
9128.05426125526	5.006833e-16
9131.105808544155	4.7909306e-16
9134.15735583305	4.892441e-16
9137.208903121944	4.90722e-16
9140.260450410839	4.833721e-16
9143.311997699733	4.965866e-16
9146.363544988628	5.099e-16
9149.415092277522	4.93238e-16
9152.466639566417	4.8646224e-16
9155.518186855312	4.927955e-16
9158.569734144206	4.979749e-16
9161.621281433101	5.0847986e-16
9164.672828721996	5.254016e-16
9167.72437601089	5.12447e-16
9170.775923299785	4.967586e-16
9173.82747058868	5.0619213e-16
9176.879017877574	5.0208566e-16
9179.930565166469	5.2078804e-16
9182.982112455364	5.1972147e-16
9186.033659744258	5.262606e-16
9189.085207033153	5.512392e-16
9192.136754322048	5.3108886e-16
9195.188301610942	5.179325e-16
9198.239848899837	5.2285703e-16
9201.291396188732	5.410107e-16
9204.342943477624	5.5885074e-16
9207.394490766519	5.5963996e-16
9210.446038055414	5.640179e-16
9213.497585344308	5.752152e-16
9216.549132633203	5.5900585e-16
9219.600679922098	5.292146e-16
9222.652227210992	5.549111e-16
9225.703774499887	5.3886436e-16
9228.755321788782	5.240243e-16
9231.806869077676	5.3567004e-16
9234.858416366571	5.3008285e-16
9237.909963655466	5.216039e-16
9240.96151094436	5.145748e-16
9244.013058233255	5.385596e-16
9247.06460552215	5.2970063e-16
9250.116152811044	4.8047356e-16
9253.167700099939	4.989886e-16
9256.219247388834	4.971578e-16
9259.270794677728	4.9187415e-16
9262.322341966623	4.9355625e-16
9265.373889255517	5.010469e-16
9268.425436544412	5.1361373e-16
9271.476983833307	4.9564805e-16
9274.528531122201	4.782958e-16
9277.580078411096	4.859379e-16
9280.63162569999	5.1052e-16
9283.683172988885	5.272059e-16
9286.73472027778	5.1261365e-16
9289.786267566675	4.933819e-16
9292.83781485557	5.062248e-16
9295.889362144464	5.230504e-16
9298.940909433359	4.9587516e-16
9301.992456722253	5.0231314e-16
9305.044004011148	4.918222e-16
9308.095551300043	4.7089394e-16
9311.147098588937	5.1557334e-16
9314.198645877832	5.351877e-16
9317.250193166727	4.928097e-16
9320.301740455621	4.791524e-16
9323.353287744516	4.901466e-16
9326.40483503341	4.674842e-16
9329.456382322305	4.9214393e-16
9332.5079296112	4.812989e-16
9335.559476900095	4.909172e-16
9338.61102418899	4.9930983e-16
9341.662571477884	4.6277677e-16
9344.714118766778	4.728871e-16
9347.765666055673	4.971594e-16
9350.817213344568	4.6858366e-16
9353.868760633462	4.3759808e-16
9356.920307922357	4.3871865e-16
9359.971855211252	4.961876e-16
9363.023402500146	4.928281e-16
9366.074949789041	4.3733658e-16
9369.126497077936	4.494081e-16
9372.17804436683	4.8468056e-16
9375.229591655725	4.920141e-16
9378.28113894462	4.9180755e-16
9381.332686233514	4.650179e-16
9384.384233522409	4.558995e-16
9387.435780811304	4.6697403e-16
9390.487328100198	4.893118e-16
9393.538875389093	4.978064e-16
9396.590422677988	4.814827e-16
9399.641969966882	5.022476e-16
9402.693517255777	4.9775965e-16
9405.745064544672	4.713796e-16
9408.796611833566	4.700085e-16
9411.84815912246	4.907225e-16
9414.899706411356	5.1561934e-16
9417.95125370025	4.8942956e-16
9421.002800989145	4.670408e-16
9424.05434827804	4.7439626e-16
9427.105895566934	4.824902e-16
9430.157442855829	4.494535e-16
9433.208990144723	4.3981423e-16
9436.260537433618	4.2733e-16
9439.312084722513	4.1703222e-16
9442.363632011407	4.4116904e-16
9445.415179300302	4.64465e-16
9448.466726589197	5.0020324e-16
9451.518273878091	4.9954054e-16
9454.569821166986	4.990048e-16
9457.62136845588	5.047155e-16
9460.672915744775	4.3902856e-16
9463.72446303367	4.6249534e-16
9466.776010322565	4.2964677e-16
9469.82755761146	3.937635e-16
9472.879104900354	4.0920673e-16
9475.930652189249	4.6768236e-16
9478.982199478143	4.551658e-16
9482.033746767038	4.2794532e-16
9485.085294055933	4.2074707e-16
9488.136841344827	4.0699258e-16
9491.188388633722	3.768576e-16
9494.239935922616	3.6526602e-16
9497.291483211511	3.860468e-16
9500.343030500406	3.9775767e-16
9503.3945777893	3.6796114e-16
9506.446125078195	3.7312638e-16
9509.49767236709	3.7963066e-16
9512.549219655984	3.9429942e-16
9515.600766944879	3.9381516e-16
9518.652314233774	3.7219075e-16
9521.703861522668	3.8049218e-16
9524.755408811563	3.765043e-16
9527.806956100458	3.6428367e-16
9530.858503389352	3.7562044e-16
9533.910050678247	3.5263175e-16
9536.961597967142	3.5331245e-16
9540.013145256036	3.469451e-16
9543.064692544931	3.4466242e-16
9546.116239833826	3.8347818e-16
9549.16778712272	3.7216055e-16
9552.219334411615	3.6079112e-16
9555.27088170051	3.6906104e-16
9558.322428989404	3.4129244e-16
9561.373976278299	3.1976815e-16
9564.425523567194	3.6317146e-16
9567.477070856088	3.4013577e-16
9570.528618144983	3.4149518e-16
9573.580165433877	3.7214975e-16
9576.631712722772	3.4095617e-16
9579.683260011667	3.4567822e-16
9582.734807300561	3.2256563e-16
9585.786354589456	3.0952048e-16
9588.83790187835	3.2905314e-16
9591.889449167245	3.0363267e-16
9594.94099645614	3.1052995e-16
9597.992543745035	3.2058543e-16
9601.04409103393	3.242053e-16
9604.095638322824	3.1352678e-16
9607.147185611719	3.036789e-16
9610.198732900613	2.838454e-16
9613.250280189508	3.0530932e-16
9616.301827478403	3.0816165e-16
9619.353374767297	2.7822274e-16
9622.404922056192	3.0603917e-16
9625.456469345087	3.1350254e-16
9628.508016633981	2.9593073e-16
9631.559563922876	2.9666463e-16
9634.61111121177	3.0192958e-16
9637.662658500665	3.0915363e-16
9640.71420578956	3.0792898e-16
9643.765753078455	3.0124216e-16
9646.81730036735	2.9093943e-16
9649.868847656244	2.9411544e-16
9652.920394945138	3.1867616e-16
9655.971942234033	3.0762302e-16
9659.023489522928	2.8654876e-16
9662.075036811822	2.9306768e-16
9665.126584100717	3.076606e-16
9668.178131389612	3.2814186e-16
9671.229678678506	3.2398174e-16
9674.281225967401	3.2707314e-16
9677.332773256296	3.1757094e-16
9680.38432054519	3.2117226e-16
9683.435867834085	3.2304844e-16
