3777.0286438941957	2.9998153e-15
3780.0795498371126	3.2324954e-15
3783.1304557800295	3.0508983e-15
3786.1813617229463	3.3246208e-15
3789.232267665863	3.2245386e-15
3792.28317360878	3.6496443e-15
3795.334079551697	3.3852718e-15
3798.384985494614	3.5149917e-15
3801.4358914375307	3.2683524e-15
3804.4867973804476	3.2707152e-15
3807.5377033233644	3.1723461e-15
3810.5886092662813	3.2260618e-15
3813.639515209198	3.294115e-15
3816.690421152115	3.501365e-15
3819.741327095032	3.1920043e-15
3822.792233037949	3.1975252e-15
3825.8431389808657	3.502672e-15
3828.8940449237825	3.223467e-15
3831.9449508666994	3.3795458e-15
3834.9958568096163	3.612785e-15
3838.046762752533	3.4393815e-15
3841.09766869545	3.2826783e-15
3844.148574638367	3.1042758e-15
3847.1994805812838	3.8730687e-15
3850.2503865242006	3.8586446e-15
3853.3012924671175	3.6388294e-15
3856.3521984100344	3.464795e-15
3859.4031043529512	3.4132819e-15
3862.454010295868	3.591366e-15
3865.504916238785	3.6542395e-15
3868.555822181702	3.6151747e-15
3871.6067281246187	3.5572504e-15
3874.6576340675356	3.6711204e-15
3877.7085400104525	3.6094916e-15
3880.7594459533693	3.8707203e-15
3883.810351896286	3.9689635e-15
3886.861257839203	3.844462e-15
3889.91216378212	3.570955e-15
3892.963069725037	3.5809165e-15
3896.0139756679537	3.6192324e-15
3899.0648816108705	3.7126343e-15
3902.1157875537874	3.4114796e-15
3905.1666934967043	3.621278e-15
3908.217599439621	3.8275513e-15
3911.268505382538	3.834423e-15
3914.319411325455	3.6736353e-15
3917.3703172683718	3.6720903e-15
3920.4212232112886	3.851914e-15
3923.4721291542055	3.9453986e-15
3926.5230350971224	4.038305e-15
3929.5739410400392	3.9871607e-15
3932.624846982956	4.028952e-15
3935.675752925873	4.031924e-15
3938.72665886879	4.144136e-15
3941.7775648117067	4.2388057e-15
3944.8284707546236	4.0323164e-15
3947.8793766975405	3.7973575e-15
3950.9302826404573	3.949717e-15
3953.981188583374	4.0275447e-15
3957.032094526291	4.028524e-15
3960.083000469208	3.8559138e-15
3963.133906412125	4.196038e-15
3966.1848123550417	4.2700117e-15
3969.2357182979586	3.8706488e-15
3972.2866242408754	4.067489e-15
3975.3375301837923	3.948724e-15
3978.388436126709	3.9906577e-15
3981.439342069626	3.954771e-15
3984.490248012543	4.0153288e-15
3987.54115395546	4.341109e-15
3990.5920598983766	3.983521e-15
3993.6429658412935	4.1034477e-15
3996.6938717842104	4.1903012e-15
3999.7447777271273	4.019046e-15
4002.795683670044	3.9093666e-15
4005.846589612961	3.8092113e-15
4008.897495555878	3.7880567e-15
4011.9484014987947	4.0045875e-15
4014.9993074417116	3.9355497e-15
4018.0502133846285	3.9364543e-15
4021.1011193275453	3.820838e-15
4024.152025270462	3.795949e-15
4027.202931213379	3.695747e-15
4030.253837156296	3.645971e-15
4033.304743099213	3.84858e-15
4036.3556490421297	3.6925906e-15
4039.4065549850466	3.758992e-15
4042.4574609279634	3.7087647e-15
4045.5083668708803	3.7460053e-15
4048.559272813797	3.6904438e-15
4051.610178756714	3.733352e-15
4054.661084699631	3.700149e-15
4057.711990642548	3.8105497e-15
4060.7628965854647	3.7550377e-15
4063.8138025283815	3.7656175e-15
4066.8647084712984	3.7284425e-15
4069.9156144142153	3.8468742e-15
4072.966520357132	3.7515204e-15
4076.017426300049	3.9134756e-15
4079.068332242966	3.742242e-15
4082.1192381858828	3.8772577e-15
4085.1701441287996	3.8250183e-15
4088.2210500717165	3.9416234e-15
4091.2719560146334	3.898008e-15
4094.3228619575502	3.9772466e-15
4097.373767900467	4.0205706e-15
4100.424673843384	3.818974e-15
4103.475579786301	3.9037275e-15
4106.526485729218	3.8043485e-15
4109.577391672135	3.837324e-15
4112.628297615051	3.8696162e-15
4115.679203557968	3.852172e-15
4118.730109500885	3.8483523e-15
4121.781015443802	3.768282e-15
4124.831921386719	3.6351177e-15
4127.882827329636	3.7169064e-15
4130.933733272553	3.763579e-15
4133.9846392154695	3.823697e-15
4137.035545158386	3.6872166e-15
4140.086451101303	3.530561e-15
4143.13735704422	3.5477626e-15
4146.188262987137	3.4745063e-15
4149.239168930054	3.5237255e-15
4152.290074872971	3.5087186e-15
4155.340980815888	3.5298607e-15
4158.3918867588045	3.494615e-15
4161.442792701721	3.5301953e-15
4164.493698644638	3.5128176e-15
4167.544604587555	3.5586615e-15
4170.595510530472	3.511572e-15
4173.646416473389	3.429622e-15
4176.697322416306	3.4545396e-15
4179.748228359223	3.3398357e-15
4182.7991343021395	3.3808467e-15
4185.850040245056	3.3695832e-15
4188.900946187973	3.1901427e-15
4191.95185213089	3.3901295e-15
4195.002758073807	3.3904652e-15
4198.053664016724	3.4125841e-15
4201.104569959641	3.5387482e-15
4204.155475902558	3.2147162e-15
4207.206381845474	3.5042376e-15
4210.257287788391	3.5355477e-15
4213.308193731308	3.4444876e-15
4216.359099674225	3.4229787e-15
4219.410005617142	3.511267e-15
4222.460911560059	3.3903146e-15
4225.511817502976	3.5217644e-15
4228.5627234458925	3.345024e-15
4231.613629388809	3.4644825e-15
4234.664535331726	3.29734e-15
4237.715441274643	3.2823636e-15
4240.76634721756	3.4173205e-15
4243.817253160477	3.3966667e-15
4246.868159103394	3.5133682e-15
4249.919065046311	3.32495e-15
4252.9699709892275	3.3722343e-15
4256.020876932144	3.416176e-15
4259.071782875061	3.3746049e-15
4262.122688817978	3.4309809e-15
4265.173594760895	3.2921477e-15
4268.224500703812	3.1867472e-15
4271.275406646729	3.31321e-15
4274.326312589646	3.4180913e-15
4277.377218532562	3.2631252e-15
4280.428124475479	3.310863e-15
4283.479030418396	3.1836938e-15
4286.529936361313	3.1673626e-15
4289.58084230423	3.2161881e-15
4292.631748247147	3.339163e-15
4295.682654190064	3.3883196e-15
4298.7335601329805	3.3034376e-15
4301.784466075897	3.3840995e-15
4304.835372018814	3.527374e-15
4307.886277961731	3.1561267e-15
4310.937183904648	3.1950462e-15
4313.988089847565	3.1504514e-15
4317.038995790482	3.1566913e-15
4320.089901733399	3.2751183e-15
4323.1408076763155	3.182631e-15
4326.191713619232	3.1826151e-15
4329.242619562149	3.1445637e-15
4332.293525505066	3.198084e-15
4335.344431447983	3.123303e-15
4338.3953373909	3.0189457e-15
4341.446243333817	3.0429538e-15
4344.497149276734	3.010728e-15
4347.54805521965	3.0145138e-15
4350.598961162567	3.105469e-15
4353.649867105484	3.138931e-15
4356.700773048401	3.161353e-15
4359.751678991318	3.3463377e-15
4362.802584934235	3.0923824e-15
4365.853490877152	3.1590623e-15
4368.9043968200685	3.2273507e-15
4371.955302762985	3.10488e-15
4375.006208705902	3.1363754e-15
4378.057114648819	3.1748735e-15
4381.108020591736	3.3098587e-15
4384.158926534653	3.289485e-15
4387.20983247757	3.2270151e-15
4390.260738420487	3.2766898e-15
4393.3116443634035	3.2574543e-15
4396.36255030632	3.240528e-15
4399.413456249237	3.2709789e-15
4402.464362192154	3.2201639e-15
4405.515268135071	3.2256387e-15
4408.566174077988	3.245101e-15
4411.617080020905	3.2695548e-15
4414.667985963822	3.3609679e-15
4417.7188919067385	3.3181963e-15
4420.769797849655	3.4067544e-15
4423.820703792572	3.3160552e-15
4426.871609735489	3.397928e-15
4429.922515678406	3.3614378e-15
4432.973421621323	3.3894193e-15
4436.02432756424	3.424653e-15
4439.075233507157	3.2930583e-15
4442.126139450073	3.291943e-15
4445.17704539299	3.3457107e-15
4448.227951335907	3.4470546e-15
4451.278857278824	3.3894898e-15
4454.329763221741	3.4297923e-15
4457.380669164658	3.556412e-15
4460.431575107575	3.4392504e-15
4463.4824810504915	3.4229734e-15
4466.533386993408	3.470714e-15
4469.584292936325	3.5328296e-15
4472.635198879242	3.58704e-15
4475.686104822159	3.4941513e-15
4478.737010765076	3.4740245e-15
4481.787916707993	3.5036982e-15
4484.83882265091	3.4481782e-15
4487.8897285938265	3.6459055e-15
4490.940634536743	3.5818923e-15
4493.99154047966	3.4225787e-15
4497.042446422577	3.5485e-15
4500.093352365494	3.572148e-15
4503.144258308411	3.4759894e-15
4506.195164251328	3.587695e-15
4509.246070194245	3.664637e-15
4512.296976137161	3.636931e-15
4515.347882080078	3.584326e-15
4518.398788022995	3.5894025e-15
4521.449693965912	3.5362082e-15
4524.500599908829	3.596999e-15
4527.551505851746	3.5555453e-15
4530.602411794663	3.6258562e-15
4533.6533177375795	3.7255004e-15
4536.704223680496	3.677978e-15
4539.755129623413	3.7032895e-15
4542.80603556633	3.6241452e-15
4545.856941509247	3.6591184e-15
4548.907847452164	3.756997e-15
4551.958753395081	3.641877e-15
4555.009659337998	3.647792e-15
4558.0605652809145	3.7162647e-15
4561.111471223831	3.6121894e-15
4564.162377166748	3.6995227e-15
4567.213283109665	3.684116e-15
4570.264189052582	3.6650057e-15
4573.315094995499	3.680748e-15
4576.366000938416	3.710438e-15
4579.416906881333	3.695606e-15
4582.467812824249	3.7360684e-15
4585.518718767166	3.748448e-15
4588.569624710083	3.6807423e-15
4591.620530653	3.6408686e-15
4594.671436595917	3.6376605e-15
4597.722342538834	3.634617e-15
4600.773248481751	3.651104e-15
4603.8241544246675	3.6603042e-15
4606.875060367584	3.6034433e-15
4609.925966310501	3.601429e-15
4612.976872253418	3.5403078e-15
4616.027778196335	3.6813373e-15
4619.078684139252	3.655169e-15
4622.129590082169	3.5129546e-15
4625.180496025086	3.5582804e-15
4628.2314019680025	3.5550155e-15
4631.282307910919	3.4703344e-15
4634.333213853836	3.4129151e-15
4637.384119796753	3.4290854e-15
4640.43502573967	3.3444046e-15
4643.485931682587	3.2685881e-15
4646.536837625504	3.3739234e-15
4649.587743568421	3.301171e-15
4652.6386495113375	3.2537098e-15
4655.689555454254	3.0417247e-15
4658.740461397171	3.2265717e-15
4661.791367340088	3.1498866e-15
4664.842273283005	3.1103783e-15
4667.893179225922	3.0580695e-15
4670.944085168839	2.9710494e-15
4673.994991111756	2.8314848e-15
4677.045897054672	2.8460989e-15
4680.096802997589	2.8475395e-15
4683.147708940506	2.803863e-15
4686.198614883423	2.7092133e-15
4689.24952082634	2.7163896e-15
4692.300426769257	2.6687922e-15
4695.351332712174	2.5534554e-15
4698.4022386550905	2.6083865e-15
4701.453144598007	2.6178942e-15
4704.504050540924	2.5455002e-15
4707.554956483841	2.5004893e-15
4710.605862426758	2.6053323e-15
4713.656768369675	2.6497518e-15
4716.707674312592	2.7250714e-15
4719.758580255509	2.7562668e-15
4722.8094861984255	2.792901e-15
4725.860392141342	2.866392e-15
4728.911298084259	2.7555502e-15
4731.962204027176	2.898322e-15
4735.013109970093	2.7873777e-15
4738.06401591301	2.8603146e-15
4741.114921855927	2.9846148e-15
4744.165827798844	2.9804284e-15
4747.21673374176	2.8901167e-15
4750.267639684677	2.8774137e-15
4753.318545627594	2.8710108e-15
4756.369451570511	2.826576e-15
4759.420357513428	2.9034614e-15
4762.471263456345	2.954271e-15
4765.522169399262	2.874689e-15
4768.5730753421785	3.020302e-15
4771.623981285095	2.9136896e-15
4774.674887228012	2.8491675e-15
4777.725793170929	2.9005112e-15
4780.776699113846	2.8826772e-15
4783.827605056763	2.82064e-15
4786.87851099968	2.879209e-15
4789.929416942597	2.9232435e-15
4792.9803228855135	2.8612244e-15
4796.03122882843	2.951436e-15
4799.082134771347	3.05886e-15
4802.133040714264	2.9891085e-15
4805.183946657181	3.017236e-15
4808.234852600098	3.0727492e-15
4811.285758543015	3.0583304e-15
4814.336664485932	2.985953e-15
4817.387570428848	2.9707212e-15
4820.438476371765	3.0449223e-15
4823.489382314682	3.0776974e-15
4826.540288257599	3.0571225e-15
4829.591194200516	3.1054788e-15
4832.642100143433	3.1507904e-15
4835.69300608635	3.1024788e-15
4838.7439120292665	3.1191906e-15
4841.794817972183	3.1031111e-15
4844.8457239151	3.0310733e-15
4847.896629858017	3.0054353e-15
4850.947535800934	3.0066612e-15
4853.998441743851	3.0820088e-15
4857.049347686768	3.0329033e-15
4860.100253629685	2.964905e-15
4863.1511595726015	2.9662844e-15
4866.202065515518	3.0250602e-15
4869.252971458435	3.0548222e-15
4872.303877401352	2.9519638e-15
4875.354783344269	3.0606822e-15
4878.405689287186	3.0368935e-15
4881.456595230103	3.0005886e-15
4884.50750117302	2.979304e-15
4887.5584071159365	3.1343995e-15
4890.609313058853	3.1366138e-15
4893.66021900177	3.1270316e-15
4896.711124944687	3.1410567e-15
4899.762030887604	3.1106525e-15
4902.812936830521	3.1652063e-15
4905.863842773438	3.1780295e-15
4908.914748716355	3.2472365e-15
4911.965654659271	3.257293e-15
4915.016560602188	3.1746005e-15
4918.067466545105	3.1883667e-15
4921.118372488022	3.1697538e-15
4924.169278430939	3.2322233e-15
4927.220184373856	3.2235596e-15
4930.271090316773	3.2018445e-15
4933.3219962596895	3.1904603e-15
4936.372902202606	3.2015478e-15
4939.423808145523	3.2015226e-15
4942.47471408844	3.1815318e-15
4945.525620031357	3.2881626e-15
4948.576525974274	3.2212962e-15
4951.627431917191	3.2464715e-15
4954.678337860108	3.2139983e-15
4957.7292438030245	3.088502e-15
4960.780149745941	3.0751523e-15
4963.831055688858	3.1078655e-15
4966.881961631775	3.1344334e-15
4969.932867574692	3.113259e-15
4972.983773517609	3.034627e-15
4976.034679460526	3.0496869e-15
4979.085585403443	3.0643196e-15
4982.136491346359	3.0413567e-15
4985.187397289276	3.0155072e-15
4988.238303232193	3.0245082e-15
4991.28920917511	3.0489576e-15
4994.340115118027	2.9926026e-15
4997.391021060944	2.9051155e-15
5000.441927003861	3.031204e-15
5003.4928329467775	3.0496746e-15
5006.543738889694	2.9598037e-15
5009.594644832611	2.9634132e-15
5012.645550775528	3.0109101e-15
5015.696456718445	2.9685705e-15
5018.747362661362	2.9181568e-15
5021.798268604279	2.9569503e-15
5024.849174547196	2.9522412e-15
5027.9000804901125	2.817916e-15
5030.950986433029	2.8290665e-15
5034.001892375946	2.902423e-15
5037.052798318863	2.9884682e-15
5040.10370426178	2.8623172e-15
5043.154610204697	2.8299644e-15
5046.205516147614	2.917465e-15
5049.256422090531	2.9586232e-15
5052.307328033447	2.9379293e-15
5055.358233976364	2.942629e-15
5058.409139919281	2.9650784e-15
5061.460045862198	2.9413446e-15
5064.510951805115	2.941446e-15
5067.561857748032	2.8613927e-15
5070.612763690949	2.8921046e-15
5073.6636696338655	2.9131792e-15
5076.714575576782	2.8913101e-15
5079.765481519699	2.9853441e-15
5082.816387462616	2.9585385e-15
5085.867293405533	2.8776259e-15
5088.91819934845	2.964609e-15
5091.969105291367	2.8981059e-15
5095.020011234284	2.9085964e-15
5098.0709171772005	2.9186147e-15
5101.121823120117	2.9159406e-15
5104.172729063034	2.9197126e-15
5107.223635005951	2.9514207e-15
5110.274540948868	2.9147748e-15
5113.325446891785	2.9129457e-15
5116.376352834702	2.9411622e-15
5119.427258777619	2.9147323e-15
5122.4781647205355	2.8466224e-15
5125.529070663452	2.8889014e-15
5128.579976606369	2.9868264e-15
5131.630882549286	2.997911e-15
5134.681788492203	2.9771457e-15
5137.73269443512	2.945199e-15
5140.783600378037	2.9125956e-15
5143.834506320954	2.9735058e-15
5146.88541226387	2.9561005e-15
5149.936318206787	2.9780387e-15
5152.987224149704	2.9571479e-15
5156.038130092621	2.9282416e-15
5159.089036035538	2.943636e-15
5162.139941978455	2.9658278e-15
5165.190847921372	2.9435282e-15
5168.2417538642885	2.9375103e-15
5171.292659807205	2.9577457e-15
5174.343565750122	2.9528625e-15
5177.394471693039	2.989288e-15
5180.445377635956	2.9727182e-15
5183.496283578873	3.1234255e-15
5186.54718952179	2.9853937e-15
5189.598095464707	2.928422e-15
5192.6490014076235	3.028926e-15
5195.69990735054	2.9901034e-15
5198.750813293457	2.978256e-15
5201.801719236374	3.005199e-15
5204.852625179291	3.0247818e-15
5207.903531122208	2.9758842e-15
5210.954437065125	3.0116106e-15
5214.005343008042	3.0918134e-15
5217.056248950958	2.9957866e-15
5220.107154893875	3.0677848e-15
5223.158060836792	3.0637146e-15
5226.208966779709	2.9827223e-15
5229.259872722626	3.0574527e-15
5232.310778665543	3.0344305e-15
5235.36168460846	3.1642608e-15
5238.4125905513765	3.0062792e-15
5241.463496494293	3.0055168e-15
5244.51440243721	3.0539165e-15
5247.565308380127	3.1227689e-15
5250.616214323044	3.0871227e-15
5253.667120265961	3.0113192e-15
5256.718026208878	3.0545325e-15
5259.768932151795	3.0725002e-15
5262.8198380947115	3.0393442e-15
5265.870744037628	3.0315347e-15
5268.921649980545	2.9972672e-15
5271.972555923462	3.0251487e-15
5275.023461866379	3.0540611e-15
5278.074367809296	3.0319926e-15
5281.125273752213	2.9715654e-15
5284.17617969513	2.95595e-15
5287.227085638046	3.006339e-15
5290.277991580963	3.0394475e-15
5293.32889752388	3.0213318e-15
5296.379803466797	2.9931055e-15
5299.430709409714	2.945122e-15
5302.481615352631	2.9725162e-15
5305.532521295548	2.9768196e-15
5308.5834272384645	2.9448754e-15
5311.634333181381	2.945771e-15
5314.685239124298	3.0527489e-15
5317.736145067215	3.0574825e-15
5320.787051010132	2.9902114e-15
5323.837956953049	2.9977728e-15
5326.888862895966	2.9550654e-15
5329.939768838883	2.927949e-15
5332.9906747817995	2.9520132e-15
5336.041580724716	2.923489e-15
5339.092486667633	2.901806e-15
5342.14339261055	2.8791975e-15
5345.194298553467	2.9235048e-15
5348.245204496384	2.9177121e-15
5351.296110439301	2.8838033e-15
5354.347016382218	2.9173132e-15
5357.3979223251345	2.9270115e-15
5360.448828268051	2.9162383e-15
5363.499734210968	2.9460081e-15
5366.550640153885	2.8932786e-15
5369.601546096802	2.872801e-15
5372.652452039719	2.8846033e-15
5375.703357982636	2.9017348e-15
5378.754263925553	2.9652385e-15
5381.805169868469	2.8950504e-15
5384.856075811386	2.8229503e-15
5387.906981754303	2.8804255e-15
5390.95788769722	2.934919e-15
5394.008793640137	2.8644676e-15
5397.059699583054	2.8508363e-15
5400.110605525971	2.8982937e-15
5403.1615114688875	2.8420177e-15
5406.212417411804	2.841736e-15
5409.263323354721	2.8488272e-15
5412.314229297638	2.90465e-15
5415.365135240555	2.9271345e-15
5418.416041183472	2.8291614e-15
5421.466947126389	2.8148485e-15
5424.517853069306	2.8186112e-15
5427.5687590122225	2.8087517e-15
5430.619664955139	2.8348782e-15
5433.670570898056	2.7685977e-15
5436.721476840973	2.7632656e-15
5439.77238278389	2.8170903e-15
5442.823288726807	2.7734893e-15
5445.874194669724	2.794229e-15
5448.925100612641	2.8500196e-15
5451.976006555557	2.7584905e-15
5455.026912498474	2.8088496e-15
5458.077818441391	2.8822956e-15
5461.128724384308	2.8189947e-15
5464.179630327225	2.7169825e-15
5467.230536270142	2.7815023e-15
5470.281442213059	2.7641944e-15
5473.3323481559755	2.7945883e-15
5476.383254098892	2.7265309e-15
5479.434160041809	2.8042032e-15
5482.485065984726	2.7558295e-15
5485.535971927643	2.6843173e-15
5488.58687787056	2.7352932e-15
5491.637783813477	2.6684892e-15
5494.688689756394	2.645332e-15
5497.7395956993105	2.6846904e-15
5500.790501642227	2.6418216e-15
5503.841407585144	2.6016594e-15
5506.892313528061	2.6481505e-15
5509.943219470978	2.657126e-15
5512.994125413895	2.6340976e-15
5516.045031356812	2.6670558e-15
5519.095937299729	2.6482383e-15
5522.146843242645	2.6592453e-15
5525.197749185562	2.6122356e-15
5528.248655128479	2.6066444e-15
5531.299561071396	2.6279362e-15
5534.350467014313	2.6167287e-15
5537.40137295723	2.5728122e-15
5540.452278900147	2.5505464e-15
5543.5031848430635	2.5665384e-15
5546.55409078598	2.600558e-15
5549.604996728897	2.5594956e-15
5552.655902671814	2.5677336e-15
5555.706808614731	2.5591025e-15
5558.757714557648	2.567671e-15
5561.808620500565	2.5765652e-15
5564.859526443482	2.548186e-15
5567.9104323863985	2.653438e-15
5570.961338329315	2.5401684e-15
5574.012244272232	2.4222351e-15
5577.063150215149	2.5176892e-15
5580.114056158066	2.6153102e-15
5583.164962100983	2.5189341e-15
5586.2158680439	2.4206078e-15
5589.266773986817	2.4422027e-15
5592.3176799297335	2.4979912e-15
5595.36858587265	2.4529185e-15
5598.419491815567	2.438684e-15
5601.470397758484	2.4696715e-15
5604.521303701401	2.4349722e-15
5607.572209644318	2.4311796e-15
5610.623115587235	2.3739674e-15
5613.674021530152	2.2521962e-15
5616.724927473068	2.301196e-15
5619.775833415985	2.293392e-15
5622.826739358902	2.337688e-15
5625.877645301819	2.2349087e-15
5628.928551244736	2.2010403e-15
5631.979457187653	2.2568253e-15
5635.03036313057	2.2263035e-15
5638.0812690734865	2.1816217e-15
5641.132175016403	2.1636156e-15
5644.18308095932	2.0686605e-15
5647.233986902237	2.0143835e-15
5650.284892845154	2.0946267e-15
5653.335798788071	2.0281181e-15
5656.386704730988	1.9613912e-15
5659.437610673905	1.9984379e-15
5662.4885166168215	1.9510834e-15
5665.539422559738	1.89501e-15
5668.590328502655	1.903428e-15
5671.641234445572	1.8507373e-15
5674.692140388489	1.8029895e-15
5677.743046331406	1.8463472e-15
5680.793952274323	1.8192713e-15
5683.84485821724	1.775103e-15
5686.895764160156	1.8563375e-15
5689.946670103073	1.855296e-15
5692.99757604599	1.8465028e-15
5696.048481988907	1.8319546e-15
5699.099387931824	1.8596793e-15
5702.150293874741	1.8862047e-15
5705.201199817658	1.9170331e-15
5708.2521057605745	1.9242338e-15
5711.303011703491	1.9109423e-15
5714.353917646408	1.9263994e-15
5717.404823589325	1.9559092e-15
5720.455729532242	2.018529e-15
5723.506635475159	2.002521e-15
5726.557541418076	1.9749547e-15
5729.608447360993	2.043483e-15
5732.6593533039095	2.0961819e-15
5735.710259246826	2.1361555e-15
5738.761165189743	2.157598e-15
5741.81207113266	2.1464747e-15
5744.862977075577	2.181197e-15
5747.913883018494	2.1803488e-15
5750.964788961411	2.1656043e-15
5754.015694904328	2.2157884e-15
5757.066600847244	2.2021177e-15
5760.117506790161	2.2450964e-15
5763.168412733078	2.3209613e-15
5766.219318675995	2.2701014e-15
5769.270224618912	2.3186362e-15
5772.321130561829	2.3515924e-15
5775.372036504746	2.3955466e-15
5778.4229424476625	2.437567e-15
5781.473848390579	2.367049e-15
5784.524754333496	2.4557302e-15
5787.575660276413	2.5032583e-15
5790.62656621933	2.4643314e-15
5793.677472162247	2.4977286e-15
5796.728378105164	2.4840156e-15
5799.779284048081	2.459084e-15
5802.8301899909975	2.6146925e-15
5805.881095933914	2.5802961e-15
5808.932001876831	2.5740645e-15
5811.982907819748	2.5575897e-15
5815.033813762665	2.5339594e-15
5818.084719705582	2.487679e-15
5821.135625648499	2.4762608e-15
5824.186531591416	2.5387964e-15
5827.2374375343325	2.5017959e-15
5830.288343477249	2.494532e-15
5833.339249420166	2.530673e-15
5836.390155363083	2.4764768e-15
5839.441061306	2.5541393e-15
5842.491967248917	2.6147143e-15
5845.542873191834	2.5808488e-15
5848.593779134751	2.5688328e-15
5851.644685077667	2.5597905e-15
5854.695591020584	2.550145e-15
5857.746496963501	2.5284878e-15
5860.797402906418	2.530278e-15
5863.848308849335	2.5529334e-15
5866.899214792252	2.5567368e-15
5869.950120735169	2.5052941e-15
5873.0010266780855	2.5036227e-15
5876.051932621002	2.5220366e-15
5879.102838563919	2.5656126e-15
5882.153744506836	2.5545584e-15
5885.204650449753	2.4989848e-15
5888.25555639267	2.5210125e-15
5891.306462335587	2.537213e-15
5894.357368278504	2.5390984e-15
5897.4082742214205	2.4852063e-15
5900.459180164337	2.5335209e-15
5903.510086107254	2.5066631e-15
5906.560992050171	2.4399561e-15
5909.611897993088	2.4055865e-15
5912.662803936005	2.408506e-15
5915.713709878922	2.4945222e-15
5918.764615821839	2.4895535e-15
5921.815521764755	2.3509111e-15
5924.866427707672	2.451561e-15
5927.917333650589	2.4766642e-15
5930.968239593506	2.4316726e-15
5934.019145536423	2.438765e-15
5937.07005147934	2.4158127e-15
5940.120957422257	2.3932492e-15
5943.1718633651735	2.3554495e-15
5946.22276930809	2.3735682e-15
5949.273675251007	2.3983903e-15
5952.324581193924	2.3713448e-15
5955.375487136841	2.3980631e-15
5958.426393079758	2.4137286e-15
5961.477299022675	2.3789424e-15
5964.528204965592	2.4405956e-15
5967.5791109085085	2.4310515e-15
5970.630016851425	2.3801768e-15
5973.680922794342	2.3568211e-15
5976.731828737259	2.3503525e-15
5979.782734680176	2.3204743e-15
5982.833640623093	2.3024776e-15
5985.88454656601	2.296728e-15
5988.935452508927	2.3251431e-15
5991.986358451843	2.3502966e-15
5995.03726439476	2.3695906e-15
5998.088170337677	2.3684653e-15
6001.139076280594	2.3594482e-15
6004.189982223511	2.388053e-15
6007.240888166428	2.3727618e-15
6010.291794109345	2.3623906e-15
6013.3427000522615	2.3235304e-15
6016.393605995178	2.2801096e-15
6019.444511938095	2.2831733e-15
6022.495417881012	2.3106438e-15
6025.546323823929	2.3266479e-15
6028.597229766846	2.2618465e-15
6031.648135709763	2.307165e-15
6034.69904165268	2.344098e-15
6037.7499475955965	2.2845487e-15
6040.800853538513	2.2724551e-15
6043.85175948143	2.3465781e-15
6046.902665424347	2.3278833e-15
6049.953571367264	2.3226435e-15
6053.004477310181	2.3003435e-15
6056.055383253098	2.321875e-15
6059.106289196015	2.2797242e-15
6062.1571951389315	2.2559969e-15
6065.208101081848	2.2742659e-15
6068.259007024765	2.2654415e-15
6071.309912967682	2.2324042e-15
6074.360818910599	2.3012246e-15
6077.411724853516	2.2368177e-15
6080.462630796433	2.2348562e-15
6083.51353673935	2.3167692e-15
6086.564442682266	2.3193914e-15
6089.615348625183	2.240712e-15
6092.6662545681	2.1456867e-15
6095.717160511017	2.2196054e-15
6098.768066453934	2.1789124e-15
6101.818972396851	2.2240432e-15
6104.869878339768	2.202376e-15
6107.9207842826845	2.1593428e-15
6110.971690225601	2.2500602e-15
6114.022596168518	2.1564976e-15
6117.073502111435	2.1773882e-15
6120.124408054352	2.141386e-15
6123.175313997269	2.1402145e-15
6126.226219940186	2.1266255e-15
6129.277125883103	2.099478e-15
6132.3280318260195	2.1411705e-15
6135.378937768936	2.1098983e-15
6138.429843711853	2.1073536e-15
6141.48074965477	2.1335062e-15
6144.531655597687	2.1476512e-15
6147.582561540604	2.0703143e-15
6150.633467483521	2.0353577e-15
6153.684373426438	2.0794536e-15
6156.735279369354	2.0275387e-15
6159.786185312271	1.9960876e-15
6162.837091255188	1.98099e-15
6165.887997198105	1.986145e-15
6168.938903141022	1.9368406e-15
6171.989809083939	1.8570962e-15
6175.040715026856	1.8486712e-15
6178.0916209697725	1.853966e-15
6181.142526912689	1.9262446e-15
6184.193432855606	1.8753028e-15
6187.244338798523	1.8558826e-15
6190.29524474144	1.8120938e-15
6193.346150684357	1.7454271e-15
6196.397056627274	1.7806121e-15
6199.447962570191	1.7401685e-15
6202.4988685131075	1.7407158e-15
6205.549774456024	1.7547842e-15
6208.600680398941	1.7450507e-15
6211.651586341858	1.7269645e-15
6214.702492284775	1.7056951e-15
6217.753398227692	1.6712565e-15
6220.804304170609	1.6504352e-15
6223.855210113526	1.7071466e-15
6226.906116056442	1.6608812e-15
6229.957021999359	1.5767282e-15
6233.007927942276	1.5918346e-15
6236.058833885193	1.6335486e-15
6239.10973982811	1.5886055e-15
6242.160645771027	1.5959266e-15
6245.211551713944	1.5734594e-15
6248.2624576568605	1.5044483e-15
6251.313363599777	1.4503023e-15
6254.364269542694	1.4402169e-15
6257.415175485611	1.4300375e-15
6260.466081428528	1.3870743e-15
6263.516987371445	1.2908788e-15
6266.567893314362	1.2810129e-15
6269.618799257279	1.292868e-15
6272.6697052001955	1.2511514e-15
6275.720611143112	1.1990769e-15
6278.771517086029	1.1835098e-15
6281.822423028946	1.1372521e-15
6284.873328971863	1.1704593e-15
6287.92423491478	1.107491e-15
6290.975140857697	1.1646636e-15
6294.026046800614	1.1545281e-15
6297.0769527435305	1.116991e-15
6300.127858686447	1.102997e-15
6303.178764629364	1.1444265e-15
6306.229670572281	1.1444764e-15
6309.280576515198	1.0489655e-15
6312.331482458115	1.1147153e-15
6315.382388401032	1.1616873e-15
6318.433294343949	1.1188555e-15
6321.484200286865	1.1292289e-15
6324.535106229782	1.1548825e-15
6327.586012172699	1.1251608e-15
6330.636918115616	1.1593585e-15
6333.687824058533	1.2149372e-15
6336.73873000145	1.2451771e-15
6339.789635944367	1.218098e-15
6342.8405418872835	1.2353971e-15
6345.8914478302	1.2179588e-15
6348.942353773117	1.3231953e-15
6351.993259716034	1.3667857e-15
6355.044165658951	1.3419214e-15
6358.095071601868	1.2886045e-15
6361.145977544785	1.3642703e-15
6364.196883487702	1.4314137e-15
6367.2477894306185	1.4422808e-15
6370.298695373535	1.5609446e-15
6373.349601316452	1.5487958e-15
6376.400507259369	1.5369415e-15
6379.451413202286	1.6007199e-15
6382.502319145203	1.6059347e-15
6385.55322508812	1.6032603e-15
6388.604131031037	1.6820966e-15
6391.655036973953	1.7365357e-15
6394.70594291687	1.779269e-15
6397.756848859787	1.8178788e-15
6400.807754802704	1.8177886e-15
6403.858660745621	1.7945926e-15
6406.909566688538	1.7786667e-15
6409.960472631455	1.8104463e-15
6413.0113785743715	1.8242663e-15
6416.062284517288	1.858024e-15
6419.113190460205	1.9293994e-15
6422.164096403122	1.9481533e-15
6425.215002346039	1.9372901e-15
6428.265908288956	1.9402257e-15
6431.316814231873	1.8771732e-15
6434.36772017479	1.90144e-15
6437.4186261177065	1.9296994e-15
6440.469532060623	1.922462e-15
6443.52043800354	1.8978336e-15
6446.571343946457	1.8292382e-15
6449.622249889374	1.9425688e-15
6452.673155832291	1.9472519e-15
6455.724061775208	1.8592619e-15
6458.774967718125	1.8613437e-15
6461.825873661041	2.0038576e-15
6464.876779603958	2.0430845e-15
6467.927685546875	1.970384e-15
6470.978591489792	1.931867e-15
6474.029497432709	1.9484214e-15
6477.080403375626	1.9590108e-15
6480.131309318543	1.9699411e-15
6483.1822152614595	1.9837304e-15
6486.233121204376	2.0402457e-15
6489.284027147293	2.0733387e-15
6492.33493309021	2.0345378e-15
6495.385839033127	2.0777077e-15
6498.436744976044	2.1055886e-15
6501.487650918961	2.0748362e-15
6504.538556861878	2.100865e-15
6507.5894628047945	2.1393342e-15
6510.640368747711	2.0849684e-15
6513.691274690628	2.1874395e-15
6516.742180633545	2.2257e-15
6519.793086576462	2.2054866e-15
6522.843992519379	2.2277022e-15
6525.894898462296	2.1683323e-15
6528.945804405213	2.236255e-15
6531.996710348129	2.25231e-15
6535.047616291046	2.2324705e-15
6538.098522233963	2.2382085e-15
6541.14942817688	2.27641e-15
6544.200334119797	2.312022e-15
6547.251240062714	2.2328479e-15
6550.302146005631	2.2194224e-15
6553.3530519485475	2.325483e-15
6556.403957891464	2.299855e-15
6559.454863834381	2.3042888e-15
6562.505769777298	2.3329202e-15
6565.556675720215	2.2767538e-15
6568.607581663132	2.339462e-15
6571.658487606049	2.37461e-15
6574.709393548966	2.2967622e-15
6577.7602994918825	2.273247e-15
6580.811205434799	2.306123e-15
6583.862111377716	2.2983161e-15
6586.913017320633	2.2888685e-15
6589.96392326355	2.2535735e-15
6593.014829206467	2.314209e-15
6596.065735149384	2.2710542e-15
6599.116641092301	2.240778e-15
6602.1675470352175	2.306555e-15
6605.218452978134	2.32547e-15
6608.269358921051	2.300867e-15
6611.320264863968	2.2994636e-15
6614.371170806885	2.2823212e-15
6617.422076749802	2.3276698e-15
6620.472982692719	2.3648611e-15
6623.523888635636	2.319812e-15
6626.574794578552	2.2116585e-15
6629.625700521469	2.1636912e-15
6632.676606464386	2.2721053e-15
6635.727512407303	2.2744063e-15
6638.77841835022	2.2175056e-15
6641.829324293137	2.2469347e-15
6644.880230236054	2.298058e-15
6647.9311361789705	2.2998387e-15
6650.982042121887	2.33387e-15
6654.032948064804	2.2291677e-15
6657.083854007721	2.2379413e-15
6660.134759950638	2.231023e-15
6663.185665893555	2.1003107e-15
6666.236571836472	2.2026859e-15
6669.287477779389	2.2406175e-15
6672.3383837223055	2.123316e-15
6675.389289665222	2.113e-15
6678.440195608139	2.1457653e-15
6681.491101551056	2.13533e-15
6684.542007493973	2.1679906e-15
6687.59291343689	2.1730791e-15
6690.643819379807	2.1437593e-15
6693.694725322724	2.1771254e-15
6696.74563126564	2.1951064e-15
6699.796537208557	2.1465664e-15
6702.847443151474	2.1074097e-15
6705.898349094391	2.0964417e-15
6708.949255037308	2.0875269e-15
6712.000160980225	2.074814e-15
6715.051066923142	2.056963e-15
6718.1019728660585	2.0609464e-15
6721.152878808975	2.1030668e-15
6724.203784751892	2.1037344e-15
6727.254690694809	2.0902702e-15
6730.305596637726	2.0733986e-15
6733.356502580643	2.022581e-15
6736.40740852356	2.007235e-15
6739.458314466477	2.0504603e-15
6742.5092204093935	2.03393e-15
6745.56012635231	1.9861193e-15
6748.611032295227	1.9637235e-15
6751.661938238144	1.9403547e-15
6754.712844181061	1.9452546e-15
6757.763750123978	1.9328928e-15
6760.814656066895	1.9354544e-15
6763.865562009812	2.0044948e-15
6766.916467952728	1.859537e-15
6769.967373895645	1.891297e-15
6773.018279838562	1.8967886e-15
6776.069185781479	1.8807069e-15
6779.120091724396	1.916601e-15
6782.170997667313	1.8808659e-15
6785.22190361023	1.8804212e-15
6788.2728095531465	1.82314e-15
6791.323715496063	1.85189e-15
6794.37462143898	1.8574566e-15
6797.425527381897	1.8069506e-15
6800.476433324814	1.774191e-15
6803.527339267731	1.7276658e-15
6806.578245210648	1.7818168e-15
6809.629151153565	1.7483073e-15
6812.6800570964815	1.7104822e-15
6815.730963039398	1.7378392e-15
6818.781868982315	1.7478202e-15
6821.832774925232	1.7176655e-15
6824.883680868149	1.723588e-15
6827.934586811066	1.676073e-15
6830.985492753983	1.6639716e-15
6834.0363986969	1.6479432e-15
6837.0873046398165	1.5866431e-15
6840.138210582733	1.6653398e-15
6843.18911652565	1.6554191e-15
6846.240022468567	1.6472176e-15
6849.290928411484	1.5863245e-15
6852.341834354401	1.6272861e-15
6855.392740297318	1.7199455e-15
6858.443646240235	1.6979279e-15
6861.494552183151	1.7410333e-15
6864.545458126068	1.8128765e-15
6867.596364068985	1.819843e-15
6870.647270011902	1.883867e-15
6873.698175954819	1.9426654e-15
6876.749081897736	1.8204369e-15
6879.799987840653	1.6598587e-15
6882.8508937835695	1.6738467e-15
6885.901799726486	1.7416788e-15
6888.952705669403	1.7291556e-15
6892.00361161232	1.6856509e-15
6895.054517555237	1.737687e-15
6898.105423498154	1.8224532e-15
6901.156329441071	1.6732741e-15
6904.207235383988	1.6341835e-15
6907.2581413269045	1.7452899e-15
6910.309047269821	1.8089583e-15
6913.359953212738	1.732397e-15
6916.410859155655	1.5732535e-15
6919.461765098572	1.6225078e-15
6922.512671041489	1.6801197e-15
6925.563576984406	1.6746354e-15
6928.614482927323	1.7149172e-15
6931.665388870239	1.6958672e-15
6934.716294813156	1.6217759e-15
6937.767200756073	1.5572107e-15
6940.81810669899	1.5439299e-15
6943.869012641907	1.6142131e-15
6946.919918584824	1.634376e-15
6949.970824527741	1.6110911e-15
6953.0217304706575	1.6137267e-15
6956.072636413574	1.5515212e-15
6959.123542356491	1.6072029e-15
6962.174448299408	1.6110475e-15
6965.225354242325	1.5779694e-15
6968.276260185242	1.5845833e-15
6971.327166128159	1.6269524e-15
6974.378072071076	1.649023e-15
6977.4289780139925	1.682361e-15
6980.479883956909	1.5743207e-15
6983.530789899826	1.5445487e-15
6986.581695842743	1.5717248e-15
6989.63260178566	1.567331e-15
6992.683507728577	1.5202948e-15
6995.734413671494	1.5709509e-15
6998.785319614411	1.5684257e-15
7001.836225557327	1.5253972e-15
7004.887131500244	1.5313507e-15
7007.938037443161	1.5710381e-15
7010.988943386078	1.5620836e-15
7014.039849328995	1.5993186e-15
7017.090755271912	1.5436346e-15
7020.141661214829	1.5602263e-15
7023.1925671577455	1.5416144e-15
7026.243473100662	1.5170035e-15
7029.294379043579	1.5385559e-15
7032.345284986496	1.5175927e-15
7035.396190929413	1.4831174e-15
7038.44709687233	1.5402891e-15
7041.498002815247	1.5248799e-15
7044.548908758164	1.5110239e-15
7047.5998147010805	1.536412e-15
7050.650720643997	1.5054584e-15
7053.701626586914	1.526387e-15
7056.752532529831	1.4602876e-15
7059.803438472748	1.4825564e-15
7062.854344415665	1.4995185e-15
7065.905250358582	1.4993982e-15
7068.956156301499	1.4323546e-15
7072.0070622444155	1.4393816e-15
7075.057968187332	1.4995373e-15
7078.108874130249	1.5115047e-15
7081.159780073166	1.4575847e-15
7084.210686016083	1.4941886e-15
7087.261591959	1.510471e-15
7090.312497901917	1.4907815e-15
7093.363403844834	1.4290974e-15
7096.41430978775	1.4862599e-15
7099.465215730667	1.4929806e-15
7102.516121673584	1.4692326e-15
7105.567027616501	1.5040086e-15
7108.617933559418	1.5069494e-15
7111.668839502335	1.4555169e-15
7114.719745445252	1.4807813e-15
7117.7706513881685	1.5281502e-15
7120.821557331085	1.5268868e-15
7123.872463274002	1.4628716e-15
7126.923369216919	1.4523902e-15
7129.974275159836	1.4447427e-15
7133.025181102753	1.4822653e-15
7136.07608704567	1.5035571e-15
7139.126992988587	1.483785e-15
7142.1778989315035	1.4402289e-15
7145.22880487442	1.5049349e-15
7148.279710817337	1.5208219e-15
7151.330616760254	1.5023797e-15
7154.381522703171	1.5018312e-15
7157.432428646088	1.4969208e-15
7160.483334589005	1.4711514e-15
7163.534240531922	1.4930795e-15
7166.585146474838	1.5294665e-15
7169.636052417755	1.5281659e-15
7172.686958360672	1.5373683e-15
7175.737864303589	1.5716174e-15
7178.788770246506	1.5960461e-15
7181.839676189423	1.5872094e-15
7184.89058213234	1.5863184e-15
7187.9414880752565	1.5958971e-15
7190.992394018173	1.5947118e-15
7194.04329996109	1.592372e-15
7197.094205904007	1.5877088e-15
7200.145111846924	1.5709143e-15
7203.196017789841	1.604631e-15
7206.246923732758	1.5705701e-15
7209.297829675675	1.5493716e-15
7212.3487356185915	1.5354774e-15
7215.399641561508	1.4843881e-15
7218.450547504425	1.4804055e-15
7221.501453447342	1.5161749e-15
7224.552359390259	1.4578565e-15
7227.603265333176	1.4571674e-15
7230.654171276093	1.460059e-15
7233.70507721901	1.4025485e-15
7236.755983161926	1.450478e-15
7239.806889104843	1.5709446e-15
7242.85779504776	1.5293495e-15
7245.908700990677	1.487345e-15
7248.959606933594	1.5192103e-15
7252.010512876511	1.5355874e-15
7255.061418819428	1.5140229e-15
7258.1123247623445	1.5198727e-15
7261.163230705261	1.4801829e-15
7264.214136648178	1.4660183e-15
7267.265042591095	1.4893365e-15
7270.315948534012	1.4820192e-15
7273.366854476929	1.4460255e-15
7276.417760419846	1.5186429e-15
7279.468666362763	1.5260518e-15
7282.5195723056795	1.4624983e-15
7285.570478248596	1.382657e-15
7288.621384191513	1.3922631e-15
7291.67229013443	1.4740478e-15
7294.723196077347	1.4263036e-15
7297.774102020264	1.4404859e-15
7300.825007963181	1.4570992e-15
7303.875913906098	1.482295e-15
7306.9268198490145	1.4467015e-15
7309.977725791931	1.3178085e-15
7313.028631734848	1.3274918e-15
7316.079537677765	1.4498562e-15
7319.130443620682	1.4760658e-15
7322.181349563599	1.4261208e-15
7325.232255506516	1.4073541e-15
7328.283161449433	1.387343e-15
7331.334067392349	1.3407713e-15
7334.384973335266	1.3094112e-15
7337.435879278183	1.2938985e-15
7340.4867852211	1.3227503e-15
7343.537691164017	1.3559375e-15
7346.588597106934	1.3269919e-15
7349.639503049851	1.3328147e-15
7352.6904089927675	1.3152524e-15
7355.741314935684	1.2664291e-15
7358.792220878601	1.3018723e-15
7361.843126821518	1.3258892e-15
7364.894032764435	1.225098e-15
7367.944938707352	1.1895743e-15
7370.995844650269	1.2067727e-15
7374.046750593186	1.3111436e-15
7377.0976565361025	1.3063544e-15
7380.148562479019	1.25474e-15
7383.199468421936	1.2819568e-15
7386.250374364853	1.3051509e-15
7389.30128030777	1.2990159e-15
7392.352186250687	1.2778099e-15
7395.403092193604	1.2401165e-15
7398.453998136521	1.2669732e-15
7401.504904079437	1.3102392e-15
7404.555810022354	1.2337363e-15
7407.606715965271	1.3189331e-15
7410.657621908188	1.2784657e-15
7413.708527851105	1.2159899e-15
7416.759433794022	1.2421452e-15
7419.810339736939	1.2588252e-15
7422.8612456798555	1.23511e-15
7425.912151622772	1.2950924e-15
7428.963057565689	1.2885469e-15
7432.013963508606	1.2610726e-15
7435.064869451523	1.2610209e-15
7438.11577539444	1.2562344e-15
7441.166681337357	1.1709373e-15
7444.217587280274	1.1979389e-15
7447.2684932231905	1.2307213e-15
7450.319399166107	1.1820056e-15
7453.370305109024	1.142661e-15
7456.421211051941	1.19879e-15
7459.472116994858	1.242454e-15
7462.523022937775	1.1697267e-15
7465.573928880692	1.1541856e-15
7468.624834823609	1.19408e-15
7471.675740766525	1.1818796e-15
7474.726646709442	1.1412058e-15
7477.777552652359	1.1334953e-15
7480.828458595276	1.1414494e-15
7483.879364538193	1.1485161e-15
7486.93027048111	1.1748036e-15
7489.981176424027	1.2183154e-15
7493.0320823669435	1.1933058e-15
7496.08298830986	1.169872e-15
7499.133894252777	1.1901551e-15
7502.184800195694	1.1680565e-15
7505.235706138611	1.1100967e-15
7508.286612081528	1.1038689e-15
7511.337518024445	1.1111911e-15
7514.388423967362	1.0936238e-15
7517.4393299102785	1.1077858e-15
7520.490235853195	1.1285075e-15
7523.541141796112	1.1400451e-15
7526.592047739029	1.1700133e-15
7529.642953681946	1.1488741e-15
7532.693859624863	1.1090091e-15
7535.74476556778	1.0382078e-15
7538.795671510697	1.0531991e-15
7541.8465774536135	1.0832451e-15
7544.89748339653	1.0646612e-15
7547.948389339447	1.0946147e-15
7550.999295282364	1.0851576e-15
7554.050201225281	1.0768865e-15
7557.101107168198	1.0364422e-15
7560.152013111115	1.0226922e-15
7563.202919054032	1.0505454e-15
7566.253824996948	9.803017e-16
7569.304730939865	1.0058469e-15
7572.355636882782	1.0729493e-15
7575.406542825699	1.0791777e-15
7578.457448768616	1.0301316e-15
7581.508354711533	1.0389607e-15
7584.55926065445	1.0835938e-15
7587.6101665973665	1.1165127e-15
7590.661072540283	1.1324558e-15
7593.7119784832	1.1677881e-15
7596.762884426117	1.1598957e-15
7599.813790369034	8.1149187e-16
7602.864696311951	7.084159e-16
7605.915602254868	6.0082413e-16
7608.966508197785	8.2123185e-16
7612.0174141407015	1.2092806e-15
7615.068320083618	1.2664083e-15
7618.119226026535	1.0474091e-15
7621.170131969452	9.776028e-16
7624.221037912369	1.0451385e-15
7627.271943855286	1.1078747e-15
7630.322849798203	1.1325237e-15
7633.37375574112	1.0812514e-15
7636.424661684036	9.720391e-16
7639.475567626953	1.089751e-15
7642.52647356987	9.719161e-16
7645.577379512787	1.0877789e-15
7648.628285455704	1.1784647e-15
7651.679191398621	1.0703928e-15
7654.730097341538	1.0820084e-15
7657.7810032844545	1.0670305e-15
7660.831909227371	1.0592415e-15
7663.882815170288	1.0657606e-15
7666.933721113205	1.0680439e-15
7669.984627056122	1.0451314e-15
7673.035532999039	1.0282484e-15
7676.086438941956	1.0159528e-15
7679.137344884873	9.949156e-16
7682.1882508277895	1.018118e-15
7685.239156770706	9.969574e-16
7688.290062713623	9.364138e-16
7691.34096865654	9.60448e-16
7694.391874599457	9.84922e-16
7697.442780542374	1.0114535e-15
7700.493686485291	9.741074e-16
7703.544592428208	9.547663e-16
7706.595498371124	9.989225e-16
7709.646404314041	9.987279e-16
7712.697310256958	1.0611383e-15
7715.748216199875	1.0166895e-15
7718.799122142792	9.397661e-16
7721.850028085709	9.529188e-16
7724.900934028626	9.701191e-16
7727.9518399715425	9.876112e-16
7731.002745914459	1.0217149e-15
7734.053651857376	1.0206982e-15
7737.104557800293	1.015379e-15
7740.15546374321	1.0071659e-15
7743.206369686127	1.0041269e-15
7746.257275629044	9.615548e-16
7749.308181571961	1.0081891e-15
7752.3590875148775	1.0753097e-15
7755.409993457794	1.019364e-15
7758.460899400711	9.622995e-16
7761.511805343628	1.0382321e-15
7764.562711286545	1.0213828e-15
7767.613617229462	1.0127654e-15
7770.664523172379	1.019081e-15
7773.715429115296	9.481499e-16
7776.7663350582125	9.103462e-16
7779.817241001129	1.0198559e-15
7782.868146944046	1.0465311e-15
7785.919052886963	1.0027321e-15
7788.96995882988	9.875193e-16
7792.020864772797	1.0137999e-15
7795.071770715714	1.0373374e-15
7798.122676658631	1.0183985e-15
7801.173582601547	9.793354e-16
7804.224488544464	9.897361e-16
7807.275394487381	9.928882e-16
7810.326300430298	9.649547e-16
7813.377206373215	9.770113e-16
7816.428112316132	9.686414e-16
7819.479018259049	9.935875e-16
7822.5299242019655	1.0527434e-15
7825.580830144882	1.0282646e-15
7828.631736087799	9.529801e-16
7831.682642030716	9.857881e-16
7834.733547973633	9.467319e-16
7837.78445391655	9.404757e-16
7840.835359859467	9.70613e-16
7843.886265802384	9.718004e-16
7846.9371717453005	9.812356e-16
7849.988077688217	9.213656e-16
7853.038983631134	9.698479e-16
7856.089889574051	9.664262e-16
7859.140795516968	9.211887e-16
7862.191701459885	9.82e-16
7865.242607402802	9.829597e-16
7868.293513345719	9.6701e-16
7871.344419288635	1.0145732e-15
7874.395325231552	1.0400251e-15
7877.446231174469	1.0466184e-15
7880.497137117386	1.0270316e-15
7883.548043060303	9.849163e-16
7886.59894900322	9.540221e-16
7889.649854946137	9.907972e-16
7892.7007608890535	9.310946e-16
7895.75166683197	8.509558e-16
7898.802572774887	9.330353e-16
7901.853478717804	9.641753e-16
7904.904384660721	9.311584e-16
7907.955290603638	9.551715e-16
7911.006196546555	9.664007e-16
7914.057102489472	9.712683e-16
7917.1080084323885	9.818746e-16
7920.158914375305	9.299617e-16
7923.209820318222	9.514262e-16
7926.260726261139	9.81981e-16
7929.311632204056	9.425287e-16
7932.362538146973	9.181205e-16
7935.41344408989	9.748449e-16
7938.464350032807	1.0164702e-15
7941.515255975723	9.519512e-16
7944.56616191864	9.079052e-16
7947.617067861557	9.47602e-16
7950.667973804474	9.511294e-16
7953.718879747391	8.972826e-16
7956.769785690308	8.662449e-16
7959.820691633225	9.186389e-16
7962.8715975761415	9.044446e-16
7965.922503519058	9.076791e-16
7968.973409461975	9.724701e-16
7972.024315404892	9.147541e-16
7975.075221347809	9.471381e-16
7978.126127290726	9.073102e-16
7981.177033233643	8.8396724e-16
7984.22793917656	9.651654e-16
7987.2788451194765	8.983219e-16
7990.329751062393	9.014226e-16
7993.38065700531	9.004002e-16
7996.431562948227	8.996801e-16
7999.482468891144	9.037704e-16
8002.533374834061	9.440085e-16
8005.584280776978	9.584073e-16
8008.635186719895	8.908062e-16
8011.6860926628115	9.089061e-16
8014.736998605728	9.205839e-16
8017.787904548645	8.5004023e-16
8020.838810491562	8.6980093e-16
8023.889716434479	8.93603e-16
8026.940622377396	9.152619e-16
8029.991528320313	8.71305e-16
8033.04243426323	8.2040805e-16
8036.093340206146	8.720565e-16
8039.144246149063	8.2954955e-16
8042.19515209198	8.773986e-16
8045.246058034897	9.10398e-16
8048.296963977814	9.191394e-16
8051.347869920731	8.7766304e-16
8054.398775863648	7.667985e-16
8057.4496818065645	8.815308e-16
8060.500587749481	8.5628853e-16
8063.551493692398	8.608905e-16
8066.602399635315	8.894712e-16
8069.653305578232	8.941753e-16
8072.704211521149	9.023274e-16
8075.755117464066	8.913329e-16
8078.806023406983	8.7747097e-16
8081.8569293498995	8.701431e-16
8084.907835292816	8.581718e-16
8087.958741235733	8.4285046e-16
8091.00964717865	8.4788e-16
8094.060553121567	8.708026e-16
8097.111459064484	8.8649965e-16
8100.162365007401	8.395119e-16
8103.213270950318	8.4071387e-16
8106.264176893234	8.6399166e-16
8109.315082836151	8.5156606e-16
8112.365988779068	8.358686e-16
8115.416894721985	8.68354e-16
8118.467800664902	8.997599e-16
8121.518706607819	8.494668e-16
8124.569612550736	8.189723e-16
8127.6205184936525	8.1010914e-16
8130.671424436569	7.951107e-16
8133.722330379486	7.688818e-16
8136.773236322403	7.7174734e-16
8139.82414226532	7.7803047e-16
8142.875048208237	7.497992e-16
8145.925954151154	8.1136937e-16
8148.976860094071	8.130252e-16
8152.0277660369875	7.2174423e-16
8155.078671979904	7.0204685e-16
8158.129577922821	7.818008e-16
8161.180483865738	7.369228e-16
8164.231389808655	6.9398833e-16
8167.282295751572	7.016e-16
8170.333201694489	7.212358e-16
8173.384107637406	7.239279e-16
8176.435013580322	7.48847e-16
8179.485919523239	7.958403e-16
8182.536825466156	8.2066164e-16
8185.587731409073	7.751886e-16
8188.63863735199	7.38469e-16
8191.689543294907	7.7176946e-16
8194.740449237823	7.5650604e-16
8197.79135518074	7.722619e-16
8200.842261123656	7.2558727e-16
8203.893167066573	6.737821e-16
8206.94407300949	7.809688e-16
8209.994978952407	7.9715414e-16
8213.045884895324	7.1114234e-16
8216.09679083824	7.668993e-16
8219.147696781158	8.2223325e-16
8222.198602724075	7.2619734e-16
8225.249508666991	7.146857e-16
8228.300414609908	6.869466e-16
8231.351320552825	6.836687e-16
8234.402226495742	7.054769e-16
8237.453132438659	7.732652e-16
8240.504038381576	7.7231945e-16
8243.554944324493	7.408459e-16
8246.60585026741	7.650725e-16
8249.656756210326	7.760925e-16
8252.707662153243	7.571884e-16
8255.75856809616	7.449941e-16
8258.809474039077	7.237095e-16
8261.860379981994	7.581417e-16
8264.91128592491	7.7485293e-16
8267.962191867828	7.5954207e-16
8271.013097810745	7.417445e-16
8274.064003753661	7.456621e-16
8277.114909696578	7.7704516e-16
8280.165815639495	7.0986745e-16
8283.216721582412	6.7145435e-16
8286.267627525329	7.014388e-16
8289.318533468246	7.3782896e-16
8292.369439411163	7.508216e-16
8295.42034535408	7.653812e-16
8298.471251296996	8.054542e-16
8301.522157239913	7.8482934e-16
8304.57306318283	7.43946e-16
8307.623969125747	7.074572e-16
8310.674875068664	7.0982113e-16
8313.72578101158	6.933345e-16
8316.776686954498	7.023857e-16
8319.827592897414	7.489074e-16
8322.878498840331	7.3346547e-16
8325.929404783248	7.219247e-16
8328.980310726165	7.057072e-16
8332.031216669082	7.407414e-16
8335.082122611999	8.082706e-16
8338.133028554916	8.39585e-16
8341.183934497833	8.267999e-16
8344.23484044075	7.685666e-16
8347.285746383666	7.9359136e-16
8350.336652326583	7.504715e-16
8353.3875582695	7.3416485e-16
8356.438464212417	8.0121784e-16
8359.489370155334	8.1935826e-16
8362.54027609825	7.8376165e-16
8365.591182041167	7.644078e-16
8368.642087984084	7.334505e-16
8371.692993927001	7.627237e-16
8374.743899869918	7.854593e-16
8377.794805812835	7.5937864e-16
8380.845711755752	7.8268497e-16
8383.896617698669	8.1497275e-16
8386.947523641586	7.871966e-16
8389.998429584502	7.831786e-16
8393.04933552742	7.9639737e-16
8396.100241470336	8.5397327e-16
8399.151147413253	8.3912134e-16
8402.20205335617	7.496278e-16
8405.252959299087	8.150352e-16
8408.303865242004	8.3373114e-16
8411.35477118492	7.624424e-16
8414.405677127837	7.411019e-16
8417.456583070754	7.747749e-16
8420.507489013671	6.89516e-16
8423.558394956588	7.451033e-16
8426.609300899505	7.6420647e-16
8429.660206842422	7.7860364e-16
8432.711112785339	7.244344e-16
8435.762018728255	7.0611324e-16
8438.812924671172	8.3793915e-16
8441.86383061409	6.9549457e-16
8444.914736557006	7.181458e-16
8447.965642499923	7.321064e-16
8451.01654844284	7.7010706e-16
8454.067454385757	8.021296e-16
8457.118360328674	7.4090655e-16
8460.16926627159	7.9319093e-16
8463.220172214507	8.104853e-16
8466.271078157424	7.907196e-16
8469.321984100341	7.897914e-16
8472.372890043258	8.0117183e-16
8475.423795986175	7.429359e-16
8478.474701929092	7.6240673e-16
8481.525607872009	8.0599235e-16
8484.576513814925	8.025551e-16
8487.627419757842	7.727018e-16
8490.67832570076	8.1653256e-16
8493.729231643676	8.028787e-16
8496.780137586593	7.803295e-16
8499.83104352951	7.506999e-16
8502.881949472427	7.2669455e-16
8505.932855415344	7.4246154e-16
8508.98376135826	8.1318403e-16
8512.034667301177	7.8841874e-16
8515.085573244094	7.4818267e-16
8518.136479187011	7.7288755e-16
8521.187385129928	7.457361e-16
8524.238291072845	8.2006765e-16
8527.289197015762	8.264359e-16
8530.340102958678	7.6283485e-16
8533.391008901595	7.065148e-16
8536.441914844512	7.3487906e-16
8539.492820787429	7.605023e-16
8542.543726730346	8.0921806e-16
8545.594632673263	8.3274117e-16
8548.64553861618	8.196782e-16
8551.696444559097	8.1769316e-16
8554.747350502013	8.2137897e-16
8557.79825644493	8.1373407e-16
8560.849162387847	8.0139206e-16
8563.900068330764	7.932412e-16
8566.950974273681	7.7360837e-16
8570.001880216598	7.684338e-16
8573.052786159515	7.2748303e-16
8576.103692102432	7.693397e-16
8579.154598045348	7.9515853e-16
8582.205503988265	7.583866e-16
8585.256409931182	8.1562396e-16
8588.307315874099	8.604017e-16
8591.358221817016	8.0250564e-16
8594.409127759933	7.8157414e-16
8597.46003370285	7.8455866e-16
8600.510939645766	7.3021186e-16
8603.561845588683	8.1862944e-16
8606.6127515316	8.3537814e-16
8609.663657474517	7.9678844e-16
8612.714563417434	8.2834306e-16
8615.76546936035	8.4449026e-16
8618.816375303268	7.465714e-16
8621.867281246185	7.3119627e-16
8624.918187189101	7.734881e-16
8627.969093132018	7.9146854e-16
8631.019999074935	7.8812625e-16
8634.070905017852	7.969091e-16
8637.121810960769	8.1046823e-16
8640.172716903686	7.5958865e-16
8643.223622846603	7.496115e-16
8646.27452878952	8.096804e-16
8649.325434732436	8.2541497e-16
8652.376340675353	8.3282037e-16
8655.42724661827	8.020877e-16
8658.478152561187	8.3085393e-16
8661.529058504104	8.5662957e-16
8664.57996444702	8.4834405e-16
8667.630870389938	8.3252253e-16
8670.681776332854	7.6566294e-16
8673.732682275771	7.246194e-16
8676.783588218688	7.4083074e-16
8679.834494161605	7.584717e-16
8682.885400104522	7.513518e-16
8685.936306047439	7.718516e-16
8688.987211990356	7.5044636e-16
8692.038117933273	7.5407976e-16
8695.08902387619	7.655563e-16
8698.139929819106	7.3252023e-16
8701.190835762023	7.742557e-16
8704.24174170494	6.802557e-16
8707.292647647857	6.7270234e-16
8710.343553590774	7.233161e-16
8713.39445953369	6.8517363e-16
8716.445365476608	7.4844906e-16
8719.496271419524	7.9541047e-16
8722.547177362441	7.850214e-16
8725.598083305358	7.261823e-16
8728.648989248275	7.275605e-16
8731.699895191192	7.477278e-16
8734.750801134109	7.19388e-16
8737.801707077026	7.2150113e-16
8740.852613019943	7.160707e-16
8743.90351896286	6.638563e-16
8746.954424905776	7.1558143e-16
8750.005330848693	7.429868e-16
8753.05623679161	6.819796e-16
8756.107142734527	7.016919e-16
8759.158048677444	7.538872e-16
8762.20895462036	6.637532e-16
8765.259860563277	7.137016e-16
8768.310766506194	7.46701e-16
8771.361672449111	7.72229e-16
8774.412578392028	7.810342e-16
8777.463484334945	6.690378e-16
8780.514390277862	6.9996315e-16
8783.565296220779	7.356845e-16
8786.616202163696	6.9396785e-16
8789.667108106612	6.818509e-16
8792.71801404953	7.1727544e-16
8795.768919992446	6.2016454e-16
8798.819825935363	6.824253e-16
8801.87073187828	6.8723695e-16
8804.921637821197	6.328053e-16
8807.972543764114	6.898525e-16
8811.02344970703	6.74587e-16
8814.074355649947	7.511377e-16
8817.125261592864	6.7787597e-16
8820.176167535781	6.058546e-16
8823.227073478698	6.748434e-16
8826.277979421615	6.3800046e-16
8829.328885364532	6.6559775e-16
8832.379791307449	6.362835e-16
8835.430697250365	6.146982e-16
8838.481603193282	5.9751684e-16
8841.5325091362	5.8950206e-16
8844.583415079116	5.694973e-16
8847.634321022033	5.486567e-16
8850.68522696495	5.9288156e-16
8853.736132907867	6.6871753e-16
8856.787038850784	6.160957e-16
8859.8379447937	6.1516096e-16
8862.888850736617	6.172324e-16
8865.939756679534	5.950965e-16
8868.990662622451	5.7005084e-16
8872.041568565368	5.918703e-16
8875.092474508285	6.6612593e-16
8878.143380451202	6.164627e-16
8881.194286394119	5.5232853e-16
8884.245192337035	5.532699e-16
8887.296098279952	5.9281634e-16
8890.34700422287	6.14239e-16
8893.397910165786	6.0681276e-16
8896.448816108703	5.275744e-16
8899.49972205162	5.4051613e-16
8902.550627994537	6.117117e-16
8905.601533937453	5.8336737e-16
8908.65243988037	5.6448944e-16
8911.703345823287	6.087162e-16
8914.754251766204	6.0377594e-16
8917.805157709121	5.2771206e-16
8920.856063652038	5.3814073e-16
8923.906969594955	4.9995866e-16
8926.957875537872	4.7657716e-16
8930.008781480788	5.0210784e-16
8933.059687423705	4.4226118e-16
8936.110593366622	5.2399375e-16
8939.161499309539	5.2242965e-16
8942.212405252456	5.1612544e-16
8945.263311195373	5.148522e-16
8948.31421713829	4.8603116e-16
8951.365123081207	5.324788e-16
8954.416029024123	5.229146e-16
8957.46693496704	4.976535e-16
8960.517840909957	5.007022e-16
8963.568746852874	5.310977e-16
8966.61965279579	4.7369084e-16
8969.670558738708	4.439528e-16
8972.721464681625	4.1791912e-16
8975.772370624542	4.3742198e-16
8978.823276567458	4.784444e-16
8981.874182510375	4.4472957e-16
8984.925088453292	4.5668814e-16
8987.975994396209	4.1991367e-16
8991.026900339126	4.015134e-16
8994.077806282043	4.0816813e-16
8997.12871222496	4.0185999e-16
9000.179618167876	4.6245267e-16
9003.230524110793	4.6148705e-16
9006.28143005371	4.460391e-16
9009.332335996627	4.1294193e-16
9012.383241939544	4.2045741e-16
9015.43414788246	4.1195278e-16
9018.485053825378	3.7670488e-16
9021.535959768295	4.0614992e-16
9024.586865711211	4.6165387e-16
9027.637771654128	4.145231e-16
9030.688677597045	4.0843082e-16
9033.739583539962	4.836658e-16
9036.790489482879	4.7333064e-16
9039.841395425796	4.1380077e-16
9042.892301368713	4.970704e-16
9045.94320731163	4.83016e-16
9048.994113254546	4.0659808e-16
9052.045019197463	3.9720996e-16
9055.09592514038	4.9566065e-16
9058.146831083297	5.244422e-16
9061.197737026214	4.470724e-16
9064.24864296913	4.466327e-16
9067.299548912048	4.511438e-16
9070.350454854964	4.2017326e-16
9073.401360797881	3.8389915e-16
9076.452266740798	4.4132801e-16
9079.503172683715	4.506196e-16
9082.554078626632	4.1255986e-16
9085.604984569549	4.2747638e-16
9088.655890512466	4.3734466e-16
9091.706796455383	3.9994971e-16
9094.7577023983	3.6419378e-16
9097.808608341216	3.919886e-16
9100.859514284133	4.531405e-16
9103.91042022705	4.8496316e-16
9106.961326169967	4.570662e-16
9110.012232112884	4.479192e-16
9113.0631380558	4.419796e-16
9116.114043998718	4.1616005e-16
9119.164949941634	4.2736317e-16
9122.215855884551	4.3827843e-16
9125.266761827468	4.323273e-16
9128.317667770385	4.3746634e-16
9131.368573713302	4.3266319e-16
9134.419479656219	4.2521364e-16
9137.470385599136	4.113914e-16
9140.521291542052	3.921017e-16
9143.57219748497	3.91768e-16
9146.623103427886	3.9477225e-16
9149.674009370803	3.4609385e-16
9152.72491531372	3.9902737e-16
9155.775821256637	4.1218113e-16
9158.826727199554	3.589008e-16
9161.87763314247	3.4350055e-16
9164.928539085387	3.9702917e-16
9167.979445028304	4.0975401e-16
9171.030350971221	4.0494213e-16
9174.081256914138	3.7009638e-16
9177.132162857055	3.6604185e-16
9180.183068799972	4.005755e-16
9183.233974742889	4.1561657e-16
9186.284880685806	4.0698252e-16
9189.335786628722	3.782485e-16
9192.38669257164	3.8620015e-16
9195.437598514556	4.305067e-16
9198.488504457473	3.9335228e-16
9201.53941040039	4.3230418e-16
9204.590316343307	4.5487104e-16
9207.641222286224	3.9576296e-16
9210.69212822914	4.382215e-16
9213.743034172057	4.3196888e-16
9216.793940114974	4.1175087e-16
9219.844846057891	3.9779312e-16
9222.895752000808	4.3525344e-16
9225.946657943725	4.0424065e-16
9228.997563886642	4.037195e-16
9232.048469829559	4.1349324e-16
9235.099375772475	3.8816457e-16
9238.150281715392	4.0016637e-16
9241.20118765831	4.0339645e-16
9244.252093601226	4.2116776e-16
9247.302999544143	4.1609252e-16
9250.35390548706	3.9029777e-16
9253.404811429977	3.7347356e-16
9256.455717372894	4.3019588e-16
9259.50662331581	4.018972e-16
9262.557529258727	3.8873293e-16
9265.608435201644	4.3920752e-16
9268.659341144561	4.314746e-16
9271.710247087478	3.5669545e-16
9274.761153030395	3.3303742e-16
9277.812058973312	3.2393616e-16
9280.862964916229	3.5105611e-16
9283.913870859145	4.1609562e-16
9286.964776802062	3.618057e-16
9290.01568274498	3.3281785e-16
9293.066588687896	3.514736e-16
9296.117494630813	2.8001922e-16
9299.16840057373	2.7390777e-16
9302.219306516647	3.3529386e-16
9305.270212459563	3.2591101e-16
9308.32111840248	2.4412363e-16
9311.372024345397	2.399321e-16
9314.422930288314	2.6251992e-16
9317.473836231231	2.3477985e-16
9320.524742174148	2.7382931e-16
9323.575648117065	3.4186792e-16
9326.626554059982	3.0857175e-16
9329.677460002898	2.3685701e-16
9332.728365945815	2.2759481e-16
9335.779271888732	2.352083e-16
9338.830177831649	2.1111751e-16
9341.881083774566	1.2009991e-16
9344.931989717483	1.7123074e-16
9347.9828956604	2.0031477e-16
9351.033801603317	1.598281e-16
9354.084707546233	1.432509e-16
9357.13561348915	1.6463034e-16
9360.186519432067	1.7340146e-16
9363.237425374984	1.9389373e-16
9366.2883313179	2.0162256e-16
9369.339237260818	1.992893e-16
9372.390143203735	2.0252012e-16
9375.441049146651	1.8046552e-16
9378.491955089568	2.1074402e-16
9381.542861032485	2.5322916e-16
9384.593766975402	2.062425e-16
9387.644672918319	1.5097851e-16
9390.695578861236	1.7140278e-16
9393.746484804153	2.0603412e-16
9396.79739074707	2.228627e-16
9399.848296689986	2.3334686e-16
9402.899202632903	1.7995026e-16
9405.95010857582	2.2267384e-16
9409.001014518737	2.4944228e-16
9412.051920461654	2.3290336e-16
9415.10282640457	2.1705802e-16
9418.153732347488	2.6124156e-16
9421.204638290405	2.2005981e-16
9424.255544233321	1.8016453e-16
9427.306450176238	1.9146388e-16
9430.357356119155	1.8934623e-16
9433.408262062072	1.5345526e-16
9436.459168004989	1.6059607e-16
9439.510073947906	1.8996906e-16
9442.560979890823	1.6330816e-16
9445.61188583374	1.8778779e-16
9448.662791776656	2.0641147e-16
9451.713697719573	1.8809171e-16
9454.76460366249	1.5180147e-16
9457.815509605407	1.5250106e-16
9460.866415548324	1.6062826e-16
9463.91732149124	1.8570852e-16
9466.968227434158	1.5855949e-16
9470.019133377074	1.2754835e-16
9473.070039319991	1.3652693e-16
9476.120945262908	1.6872025e-16
9479.171851205825	1.9640404e-16
9482.222757148742	2.0026673e-16
9485.273663091659	2.0996435e-16
9488.324569034576	1.9132572e-16
9491.375474977493	1.8239984e-16
9494.42638092041	1.3345424e-16
9497.477286863326	1.04883226e-16
9500.528192806243	1.3063648e-16
9503.57909874916	1.5098272e-16
9506.630004692077	1.2624858e-16
9509.680910634994	1.0005415e-16
9512.73181657791	1.02909924e-16
9515.782722520828	1.349057e-16
9518.833628463744	1.1080747e-16
9521.884534406661	1.116668e-16
9524.935440349578	1.037709e-16
9527.986346292495	1.080328e-16
9531.037252235412	1.1660848e-16
9534.088158178329	9.386527e-17
9537.139064121246	8.7902723e-17
9540.189970064162	1.08672904e-16
9543.24087600708	1.0490553e-16
9546.291781949996	8.4524564e-17
9549.342687892913	1.085156e-16
9552.39359383583	1.1668882e-16
9555.444499778747	9.961074e-17
9558.495405721664	9.287814e-17
9561.54631166458	9.394311e-17
9564.597217607497	8.4103794e-17
9567.648123550414	6.201161e-17
9570.699029493331	5.960049e-17
9573.749935436248	8.3488147e-17
9576.800841379165	9.967374e-17
9579.851747322082	8.924349e-17
9582.902653264999	8.106369e-17
9585.953559207916	7.511424e-17
9589.004465150832	6.161418e-17
9592.05537109375	6.2099056e-17
9595.106277036666	6.604943e-17
9598.157182979583	6.028647e-17
9601.2080889225	5.5291892e-17
9604.258994865417	4.7590993e-17
9607.309900808334	5.2610814e-17
9610.36080675125	5.7196654e-17
9613.411712694167	4.8286218e-17
9616.462618637084	4.8574315e-17
9619.513524580001	4.9673284e-17
9622.564430522918	4.8875366e-17
9625.615336465835	4.7377365e-17
