3398.0	1.5129635e-15
3401.0379004478455	1.5096728e-15
3404.075800895691	1.969889e-15
3407.1137013435364	2.4151482e-15
3410.151601791382	1.86372e-15
3413.1895022392273	1.3617145e-15
3416.2274026870728	1.7551502e-15
3419.265303134918	1.559115e-15
3422.3032035827637	2.0619702e-15
3425.341104030609	2.2216975e-15
3428.3790044784546	1.868374e-15
3431.4169049263	1.7343744e-15
3434.4548053741455	2.4440407e-15
3437.492705821991	1.9976052e-15
3440.5306062698364	1.6017701e-15
3443.568506717682	1.5820815e-15
3446.6064071655273	1.7240121e-15
3449.644307613373	2.0146736e-15
3452.6822080612183	1.5809963e-15
3455.7201085090637	1.83194e-15
3458.758008956909	2.0452322e-15
3461.7959094047546	1.6476162e-15
3464.8338098526	1.9025446e-15
3467.8717103004456	1.633378e-15
3470.909610748291	1.799103e-15
3473.9475111961365	1.813764e-15
3476.985411643982	1.7493337e-15
3480.0233120918274	1.6821073e-15
3483.061212539673	1.8409603e-15
3486.0991129875183	1.9813805e-15
3489.1370134353638	1.4602233e-15
3492.1749138832092	1.9184843e-15
3495.2128143310547	1.8394907e-15
3498.2507147789	1.7003145e-15
3501.2886152267456	1.901654e-15
3504.326515674591	1.5406023e-15
3507.3644161224365	1.6521794e-15
3510.402316570282	1.8690502e-15
3513.4402170181274	1.8299833e-15
3516.478117465973	1.5812954e-15
3519.5160179138184	1.6029287e-15
3522.553918361664	1.9794546e-15
3525.5918188095093	1.9802974e-15
3528.6297192573547	1.6720232e-15
3531.6676197052	1.6808083e-15
3534.7055201530457	1.8597593e-15
3537.743420600891	1.8273304e-15
3540.7813210487366	1.5708084e-15
3543.819221496582	1.5939823e-15
3546.8571219444275	1.5923025e-15
3549.895022392273	1.6704321e-15
3552.9329228401184	1.4386541e-15
3555.970823287964	2.0804916e-15
3559.0087237358093	1.814813e-15
3562.046624183655	1.6448737e-15
3565.0845246315002	1.7381983e-15
3568.1224250793457	1.4919074e-15
3571.160325527191	1.7103494e-15
3574.1982259750366	1.7637947e-15
3577.236126422882	1.6262015e-15
3580.2740268707275	1.6791585e-15
3583.311927318573	1.6235789e-15
3586.3498277664185	1.6566981e-15
3589.387728214264	1.4822449e-15
3592.4256286621094	1.6438234e-15
3595.463529109955	1.667881e-15
3598.5014295578003	1.6044768e-15
3601.5393300056458	1.6522424e-15
3604.577230453491	1.8488152e-15
3607.6151309013367	1.5665562e-15
3610.653031349182	1.6550137e-15
3613.6909317970276	1.6013643e-15
3616.728832244873	1.5809189e-15
3619.7667326927185	1.70499e-15
3622.804633140564	1.6820953e-15
3625.8425335884094	1.6155133e-15
3628.880434036255	1.4843281e-15
3631.9183344841003	1.6455419e-15
3634.956234931946	1.7887271e-15
3637.9941353797913	1.66778e-15
3641.0320358276367	1.5206943e-15
3644.069936275482	1.6360257e-15
3647.1078367233276	1.7041878e-15
3650.145737171173	1.7490088e-15
3653.1836376190186	1.7057961e-15
3656.221538066864	1.7102328e-15
3659.2594385147095	1.5732383e-15
3662.297338962555	1.5894882e-15
3665.3352394104004	1.7437318e-15
3668.373139858246	1.6372347e-15
3671.4110403060913	1.6429082e-15
3674.4489407539368	1.7477839e-15
3677.486841201782	1.6794143e-15
3680.5247416496277	1.4869889e-15
3683.562642097473	1.5803868e-15
3686.6005425453186	1.576435e-15
3689.638442993164	1.7249038e-15
3692.6763434410095	1.5582804e-15
3695.714243888855	1.5549916e-15
3698.7521443367004	1.7341005e-15
3701.790044784546	1.558434e-15
3704.8279452323914	1.5819914e-15
3707.865845680237	1.4965624e-15
3710.9037461280823	1.5488193e-15
3713.9416465759277	1.5811679e-15
3716.979547023773	1.4348168e-15
3720.0174474716187	1.5250681e-15
3723.055347919464	1.4860869e-15
3726.0932483673096	1.5017471e-15
3729.131148815155	1.4554912e-15
3732.1690492630005	1.4275917e-15
3735.206949710846	1.4797305e-15
3738.2448501586914	1.442431e-15
3741.282750606537	1.5276002e-15
3744.3206510543823	1.4710929e-15
3747.358551502228	1.3438179e-15
3750.3964519500732	1.4521763e-15
3753.4343523979187	1.3438528e-15
3756.472252845764	1.3852231e-15
3759.5101532936096	1.4114768e-15
3762.548053741455	1.4262799e-15
3765.5859541893005	1.4244112e-15
3768.623854637146	1.474116e-15
3771.6617550849915	1.4006749e-15
3774.699655532837	1.4283463e-15
3777.7375559806824	1.4935365e-15
3780.775456428528	1.4711349e-15
3783.8133568763733	1.5395926e-15
3786.8512573242188	1.6898137e-15
3789.889157772064	1.504081e-15
3792.9270582199097	1.5643422e-15
3795.964958667755	1.6389692e-15
3799.0028591156006	1.5750232e-15
3802.040759563446	1.541473e-15
3805.0786600112915	1.5801769e-15
3808.116560459137	1.5251307e-15
3811.1544609069824	1.632588e-15
3814.192361354828	1.4785295e-15
3817.2302618026733	1.5683702e-15
3820.268162250519	1.5296011e-15
3823.3060626983643	1.5487214e-15
3826.3439631462097	1.5395461e-15
3829.381863594055	1.5373715e-15
3832.4197640419006	1.5717879e-15
3835.457664489746	1.602109e-15
3838.4955649375916	1.6213475e-15
3841.533465385437	1.5850928e-15
3844.5713658332825	1.5618315e-15
3847.609266281128	1.6358155e-15
3850.6471667289734	1.6746527e-15
3853.685067176819	1.5871805e-15
3856.7229676246643	1.6490947e-15
3859.7608680725098	1.7421093e-15
3862.798768520355	1.6506857e-15
3865.8366689682007	1.7163511e-15
3868.874569416046	1.7285069e-15
3871.9124698638916	1.6363871e-15
3874.950370311737	1.6685732e-15
3877.9882707595825	1.7412596e-15
3881.026171207428	1.7626173e-15
3884.0640716552734	1.6521851e-15
3887.101972103119	1.6726813e-15
3890.1398725509644	1.7252352e-15
3893.17777299881	1.6741723e-15
3896.2156734466553	1.7427288e-15
3899.2535738945007	1.7722217e-15
3902.291474342346	1.7078619e-15
3905.3293747901917	1.7063814e-15
3908.367275238037	1.7379191e-15
3911.4051756858826	1.80007e-15
3914.443076133728	1.7371956e-15
3917.4809765815735	1.7085151e-15
3920.518877029419	1.7343399e-15
3923.5567774772644	1.7141175e-15
3926.59467792511	1.7302948e-15
3929.6325783729553	1.7679889e-15
3932.670478820801	1.7770438e-15
3935.7083792686462	1.7587193e-15
3938.7462797164917	1.7992972e-15
3941.784180164337	1.830569e-15
3944.8220806121826	1.8690851e-15
3947.859981060028	1.78845e-15
3950.8978815078735	1.810442e-15
3953.935781955719	1.8572843e-15
3956.9736824035645	1.7952253e-15
3960.01158285141	1.868719e-15
3963.0494832992554	1.8764437e-15
3966.087383747101	1.816939e-15
3969.1252841949463	1.8739928e-15
3972.1631846427917	1.8715182e-15
3975.201085090637	1.8643125e-15
3978.2389855384827	1.8179127e-15
3981.276885986328	1.85417e-15
3984.3147864341736	1.855823e-15
3987.352686882019	1.782407e-15
3990.3905873298645	1.7687129e-15
3993.42848777771	1.8068665e-15
3996.4663882255554	1.8434755e-15
3999.504288673401	1.8749834e-15
4002.5421891212463	1.7945085e-15
4005.580089569092	1.789597e-15
4008.6179900169373	1.8647458e-15
4011.6558904647827	1.8185175e-15
4014.693790912628	1.8343305e-15
4017.7316913604736	1.7994122e-15
4020.769591808319	1.6982125e-15
4023.8074922561646	1.7566841e-15
4026.84539270401	1.8171472e-15
4029.8832931518555	1.743875e-15
4032.921193599701	1.7703314e-15
4035.9590940475464	1.8308884e-15
4038.996994495392	1.7624288e-15
4042.0348949432373	1.7282972e-15
4045.0727953910828	1.732277e-15
4048.110695838928	1.7566822e-15
4051.1485962867737	1.7805746e-15
4054.186496734619	1.7593352e-15
4057.2243971824646	1.7948048e-15
4060.26229763031	1.8117338e-15
4063.3001980781555	1.7481867e-15
4066.338098526001	1.7284014e-15
4069.3759989738464	1.818768e-15
4072.413899421692	1.8034848e-15
4075.4517998695374	1.7793621e-15
4078.489700317383	1.8194333e-15
4081.5276007652283	1.841353e-15
4084.5655012130737	1.7464762e-15
4087.603401660919	1.7745889e-15
4090.6413021087646	1.8317314e-15
4093.67920255661	1.8051674e-15
4096.717103004456	1.8288653e-15
4099.755003452301	1.7878786e-15
4102.7929039001465	1.810873e-15
4105.830804347992	1.7495113e-15
4108.868704795837	1.7549324e-15
4111.906605243683	1.7589291e-15
4114.944505691528	1.7062891e-15
4117.982406139374	1.7303741e-15
4121.020306587219	1.7368333e-15
4124.058207035065	1.6986567e-15
4127.09610748291	1.6640287e-15
4130.134007930756	1.7051064e-15
4133.171908378601	1.6761629e-15
4136.2098088264465	1.7200527e-15
4139.247709274292	1.7219637e-15
4142.285609722137	1.7082182e-15
4145.323510169983	1.6455662e-15
4148.361410617828	1.647091e-15
4151.399311065674	1.602167e-15
4154.437211513519	1.6279454e-15
4157.475111961365	1.6541161e-15
4160.51301240921	1.6175598e-15
4163.550912857056	1.6377904e-15
4166.588813304901	1.6107566e-15
4169.626713752747	1.5911257e-15
4172.664614200592	1.5902465e-15
4175.7025146484375	1.6221793e-15
4178.740415096283	1.5962964e-15
4181.778315544128	1.546098e-15
4184.816215991974	1.5724956e-15
4187.854116439819	1.5634853e-15
4190.892016887665	1.5203058e-15
4193.92991733551	1.5258587e-15
4196.967817783356	1.5921234e-15
4200.005718231201	1.5977741e-15
4203.043618679047	1.5552176e-15
4206.081519126892	1.5866238e-15
4209.119419574738	1.5243985e-15
4212.157320022583	1.5575724e-15
4215.1952204704285	1.550764e-15
4218.233120918274	1.5440255e-15
4221.271021366119	1.5968343e-15
4224.308921813965	1.5850656e-15
4227.34682226181	1.6197715e-15
4230.384722709656	1.5576715e-15
4233.422623157501	1.541803e-15
4236.460523605347	1.55729e-15
4239.498424053192	1.5739416e-15
4242.536324501038	1.5396282e-15
4245.574224948883	1.5597247e-15
4248.6121253967285	1.620539e-15
4251.650025844574	1.6047235e-15
4254.687926292419	1.5977586e-15
4257.725826740265	1.6228144e-15
4260.76372718811	1.6173367e-15
4263.801627635956	1.6252026e-15
4266.839528083801	1.6306554e-15
4269.877428531647	1.6293391e-15
4272.915328979492	1.6411072e-15
4275.953229427338	1.637514e-15
4278.991129875183	1.5874448e-15
4282.029030323029	1.5529193e-15
4285.066930770874	1.5690672e-15
4288.1048312187195	1.5689733e-15
4291.142731666565	1.5871228e-15
4294.18063211441	1.5895483e-15
4297.218532562256	1.5564416e-15
4300.256433010101	1.6011612e-15
4303.294333457947	1.5355849e-15
4306.332233905792	1.5620245e-15
4309.370134353638	1.5588612e-15
4312.408034801483	1.5616282e-15
4315.445935249329	1.5471738e-15
4318.483835697174	1.4867283e-15
4321.5217361450195	1.5477622e-15
4324.559636592865	1.5099546e-15
4327.59753704071	1.5107958e-15
4330.635437488556	1.5176426e-15
4333.673337936401	1.4949118e-15
4336.711238384247	1.4795594e-15
4339.749138832092	1.4512062e-15
4342.787039279938	1.4287053e-15
4345.824939727783	1.4532323e-15
4348.862840175629	1.491899e-15
4351.900740623474	1.497865e-15
4354.93864107132	1.4636099e-15
4357.976541519165	1.4650379e-15
4361.0144419670105	1.5002976e-15
4364.052342414856	1.4876155e-15
4367.090242862701	1.481583e-15
4370.128143310547	1.5201725e-15
4373.166043758392	1.4945624e-15
4376.203944206238	1.5546793e-15
4379.241844654083	1.5151844e-15
4382.279745101929	1.526649e-15
4385.317645549774	1.5379325e-15
4388.35554599762	1.5281902e-15
4391.393446445465	1.5510814e-15
4394.431346893311	1.5736712e-15
4397.469247341156	1.6152954e-15
4400.5071477890015	1.6019675e-15
4403.545048236847	1.6156472e-15
4406.582948684692	1.664216e-15
4409.620849132538	1.5890067e-15
4412.658749580383	1.5826653e-15
4415.696650028229	1.6366362e-15
4418.734550476074	1.5832946e-15
4421.77245092392	1.6114319e-15
4424.810351371765	1.624425e-15
4427.848251819611	1.6009956e-15
4430.886152267456	1.6239423e-15
4433.9240527153015	1.6202089e-15
4436.961953163147	1.6085476e-15
4439.999853610992	1.6386223e-15
4443.037754058838	1.6573848e-15
4446.075654506683	1.6304341e-15
4449.113554954529	1.6533303e-15
4452.151455402374	1.6167681e-15
4455.18935585022	1.613872e-15
4458.227256298065	1.6938988e-15
4461.265156745911	1.6931013e-15
4464.303057193756	1.6336216e-15
4467.340957641602	1.6607355e-15
4470.378858089447	1.7113282e-15
4473.4167585372925	1.617368e-15
4476.454658985138	1.6627062e-15
4479.492559432983	1.6989102e-15
4482.530459880829	1.609497e-15
4485.568360328674	1.6824316e-15
4488.60626077652	1.6881554e-15
4491.644161224365	1.716656e-15
4494.682061672211	1.7122258e-15
4497.719962120056	1.7004814e-15
4500.757862567902	1.707242e-15
4503.795763015747	1.6899418e-15
4506.8336634635925	1.7092421e-15
4509.871563911438	1.7341502e-15
4512.909464359283	1.7154311e-15
4515.947364807129	1.7486214e-15
4518.985265254974	1.7621998e-15
4522.02316570282	1.740254e-15
4525.061066150665	1.7401495e-15
4528.098966598511	1.7448399e-15
4531.136867046356	1.7549242e-15
4534.174767494202	1.7501903e-15
4537.212667942047	1.7341571e-15
4540.250568389893	1.7706684e-15
4543.288468837738	1.7616879e-15
4546.3263692855835	1.767287e-15
4549.364269733429	1.7653723e-15
4552.402170181274	1.7756935e-15
4555.44007062912	1.7669651e-15
4558.477971076965	1.7656335e-15
4561.515871524811	1.7825463e-15
4564.553771972656	1.7355188e-15
4567.591672420502	1.7472709e-15
4570.629572868347	1.7938106e-15
4573.667473316193	1.77867e-15
4576.705373764038	1.7586653e-15
4579.7432742118835	1.7791357e-15
4582.781174659729	1.7134505e-15
4585.8190751075745	1.781574e-15
4588.85697555542	1.752682e-15
4591.894876003265	1.7211763e-15
4594.932776451111	1.7279764e-15
4597.970676898956	1.7166044e-15
4601.008577346802	1.7148455e-15
4604.046477794647	1.6940985e-15
4607.084378242493	1.6614667e-15
4610.122278690338	1.6744444e-15
4613.160179138184	1.6811816e-15
4616.198079586029	1.6826078e-15
4619.2359800338745	1.6149975e-15
4622.27388048172	1.6196037e-15
4625.311780929565	1.6501604e-15
4628.349681377411	1.6052669e-15
4631.387581825256	1.5864185e-15
4634.425482273102	1.5638933e-15
4637.463382720947	1.5247746e-15
4640.501283168793	1.549372e-15
4643.539183616638	1.5390265e-15
4646.577084064484	1.5011632e-15
4649.614984512329	1.4705161e-15
4652.652884960175	1.4024599e-15
4655.69078540802	1.4124427e-15
4658.7286858558655	1.396124e-15
4661.766586303711	1.372303e-15
4664.804486751556	1.3547388e-15
4667.842387199402	1.3237232e-15
4670.880287647247	1.3143544e-15
4673.918188095093	1.3130368e-15
4676.956088542938	1.2991835e-15
4679.993988990784	1.244035e-15
4683.031889438629	1.2052666e-15
4686.069789886475	1.2342471e-15
4689.10769033432	1.2276304e-15
4692.1455907821655	1.1916757e-15
4695.183491230011	1.2158517e-15
4698.221391677856	1.2564984e-15
4701.259292125702	1.2341992e-15
4704.297192573547	1.2202949e-15
4707.335093021393	1.2064281e-15
4710.372993469238	1.254033e-15
4713.410893917084	1.243575e-15
4716.448794364929	1.2345969e-15
4719.486694812775	1.282417e-15
4722.52459526062	1.2952781e-15
4725.562495708466	1.2805408e-15
4728.600396156311	1.2961173e-15
4731.6382966041565	1.3311487e-15
4734.676197052002	1.318032e-15
4737.714097499847	1.3410035e-15
4740.751997947693	1.3315378e-15
4743.789898395538	1.3370249e-15
4746.827798843384	1.3541884e-15
4749.865699291229	1.3631129e-15
4752.903599739075	1.3614935e-15
4755.94150018692	1.3786643e-15
4758.979400634766	1.3779236e-15
4762.017301082611	1.3661075e-15
4765.0552015304565	1.3904406e-15
4768.093101978302	1.4000979e-15
4771.1310024261475	1.3640505e-15
4774.168902873993	1.3769046e-15
4777.206803321838	1.3950016e-15
4780.244703769684	1.3968548e-15
4783.282604217529	1.4081456e-15
4786.320504665375	1.3974679e-15
4789.35840511322	1.4040292e-15
4792.396305561066	1.4357652e-15
4795.434206008911	1.4300091e-15
4798.472106456757	1.4182235e-15
4801.510006904602	1.4586474e-15
4804.5479073524475	1.4750536e-15
4807.585807800293	1.4360236e-15
4810.623708248138	1.4617891e-15
4813.661608695984	1.4406569e-15
4816.699509143829	1.4644568e-15
4819.737409591675	1.4509065e-15
4822.77531003952	1.470128e-15
4825.813210487366	1.4554978e-15
4828.851110935211	1.4334388e-15
4831.889011383057	1.4622773e-15
4834.926911830902	1.4514273e-15
4837.964812278748	1.4381788e-15
4841.002712726593	1.4598839e-15
4844.0406131744385	1.4731526e-15
4847.078513622284	1.4959339e-15
4850.116414070129	1.4647499e-15
4853.154314517975	1.420001e-15
4856.19221496582	1.4618377e-15
4859.230115413666	1.4683317e-15
4862.268015861511	1.4399278e-15
4865.305916309357	1.4437996e-15
4868.343816757202	1.4562762e-15
4871.381717205048	1.4776137e-15
4874.419617652893	1.4717773e-15
4877.4575181007385	1.4749214e-15
4880.495418548584	1.4797573e-15
4883.533318996429	1.5029367e-15
4886.571219444275	1.5322368e-15
4889.60911989212	1.5107772e-15
4892.647020339966	1.4863792e-15
4895.684920787811	1.5087882e-15
4898.722821235657	1.513512e-15
4901.760721683502	1.4789792e-15
4904.798622131348	1.4711339e-15
4907.836522579193	1.5212836e-15
4910.874423027039	1.5298392e-15
4913.912323474884	1.511697e-15
4916.9502239227295	1.5074459e-15
4919.988124370575	1.5264068e-15
4923.02602481842	1.5158606e-15
4926.063925266266	1.4858399e-15
4929.101825714111	1.5100391e-15
4932.139726161957	1.5287092e-15
4935.177626609802	1.492603e-15
4938.215527057648	1.4915348e-15
4941.253427505493	1.5138858e-15
4944.291327953339	1.4901011e-15
4947.329228401184	1.4864564e-15
4950.3671288490295	1.4700873e-15
4953.405029296875	1.4874395e-15
4956.4429297447205	1.4985685e-15
4959.480830192566	1.4643154e-15
4962.518730640411	1.4399248e-15
4965.556631088257	1.4389837e-15
4968.594531536102	1.4397539e-15
4971.632431983948	1.4504057e-15
4974.670332431793	1.4455988e-15
4977.708232879639	1.4352856e-15
4980.746133327484	1.4202446e-15
4983.78403377533	1.4398978e-15
4986.821934223175	1.4344565e-15
4989.8598346710205	1.406241e-15
4992.897735118866	1.40401e-15
4995.935635566711	1.4057753e-15
4998.973536014557	1.3912337e-15
5002.011436462402	1.3786888e-15
5005.049336910248	1.3914019e-15
5008.087237358093	1.4083238e-15
5011.125137805939	1.3847302e-15
5014.163038253784	1.3834052e-15
5017.20093870163	1.4031848e-15
5020.238839149475	1.412502e-15
5023.276739597321	1.3884678e-15
5026.314640045166	1.3605669e-15
5029.3525404930115	1.3948097e-15
5032.390440940857	1.4066824e-15
5035.428341388702	1.3822533e-15
5038.466241836548	1.3780112e-15
5041.504142284393	1.3574615e-15
5044.542042732239	1.3935242e-15
5047.579943180084	1.4184683e-15
5050.61784362793	1.4040366e-15
5053.655744075775	1.3983435e-15
5056.693644523621	1.3747536e-15
5059.731544971466	1.3866731e-15
5062.7694454193115	1.4071521e-15
5065.807345867157	1.3781847e-15
5068.845246315002	1.3973441e-15
5071.883146762848	1.394485e-15
5074.921047210693	1.4031517e-15
5077.958947658539	1.3793858e-15
5080.996848106384	1.3697901e-15
5084.03474855423	1.4075924e-15
5087.072649002075	1.3865413e-15
5090.110549449921	1.4133279e-15
5093.148449897766	1.4058708e-15
5096.186350345612	1.35794e-15
5099.224250793457	1.3549124e-15
5102.2621512413025	1.3850143e-15
5105.300051689148	1.3936513e-15
5108.337952136993	1.3917184e-15
5111.375852584839	1.3852687e-15
5114.413753032684	1.364392e-15
5117.45165348053	1.386019e-15
5120.489553928375	1.3735247e-15
5123.527454376221	1.3887037e-15
5126.565354824066	1.378945e-15
5129.603255271912	1.35684e-15
5132.641155719757	1.3897382e-15
5135.6790561676025	1.4321776e-15
5138.716956615448	1.4210455e-15
5141.7548570632935	1.4104703e-15
5144.792757511139	1.4021619e-15
5147.830657958984	1.4088363e-15
5150.86855840683	1.3647069e-15
5153.906458854675	1.374522e-15
5156.944359302521	1.3903035e-15
5159.982259750366	1.4103041e-15
5163.020160198212	1.4026565e-15
5166.058060646057	1.3824983e-15
5169.095961093903	1.3777911e-15
5172.133861541748	1.3736087e-15
5175.1717619895935	1.4048059e-15
5178.209662437439	1.4135715e-15
5181.247562885284	1.408664e-15
5184.28546333313	1.3999271e-15
5187.323363780975	1.4110446e-15
5190.361264228821	1.4126904e-15
5193.399164676666	1.4305801e-15
5196.437065124512	1.4435652e-15
5199.474965572357	1.4142748e-15
5202.512866020203	1.4103024e-15
5205.550766468048	1.4007876e-15
5208.588666915894	1.4116374e-15
5211.626567363739	1.4042696e-15
5214.6644678115845	1.4049982e-15
5217.70236825943	1.419188e-15
5220.740268707275	1.4303543e-15
5223.778169155121	1.4373566e-15
5226.816069602966	1.4178415e-15
5229.853970050812	1.4097e-15
5232.891870498657	1.4115546e-15
5235.929770946503	1.40592e-15
5238.967671394348	1.4146617e-15
5242.005571842194	1.4140152e-15
5245.043472290039	1.4217431e-15
5248.0813727378845	1.4151447e-15
5251.11927318573	1.3882488e-15
5254.157173633575	1.3999873e-15
5257.195074081421	1.3935107e-15
5260.232974529266	1.4155069e-15
5263.270874977112	1.40248e-15
5266.308775424957	1.3996749e-15
5269.346675872803	1.3845992e-15
5272.384576320648	1.3648169e-15
5275.422476768494	1.3672306e-15
5278.460377216339	1.376629e-15
5281.498277664185	1.3686932e-15
5284.53617811203	1.369723e-15
5287.5740785598755	1.3752679e-15
5290.611979007721	1.3872373e-15
5293.649879455566	1.3655458e-15
5296.687779903412	1.3568032e-15
5299.725680351257	1.3649716e-15
5302.763580799103	1.3501886e-15
5305.801481246948	1.3266307e-15
5308.839381694794	1.3600111e-15
5311.877282142639	1.338733e-15
5314.915182590485	1.3292688e-15
5317.95308303833	1.3408265e-15
5320.9909834861755	1.3398079e-15
5324.028883934021	1.3422656e-15
5327.0667843818665	1.3504925e-15
5330.104684829712	1.329391e-15
5333.142585277557	1.3254999e-15
5336.180485725403	1.3480791e-15
5339.218386173248	1.315092e-15
5342.256286621094	1.3181605e-15
5345.29418706894	1.3239436e-15
5348.332087516786	1.3129395e-15
5351.369987964631	1.31795e-15
5354.4078884124765	1.3277637e-15
5357.445788860322	1.335628e-15
5360.483689308167	1.2838689e-15
5363.521589756013	1.292584e-15
5366.559490203858	1.3139815e-15
5369.597390651704	1.2980842e-15
5372.635291099549	1.2877677e-15
5375.673191547395	1.287719e-15
5378.71109199524	1.287367e-15
5381.748992443086	1.2947001e-15
5384.786892890931	1.2981397e-15
5387.8247933387765	1.2918611e-15
5390.862693786622	1.279819e-15
5393.9005942344675	1.2665621e-15
5396.938494682313	1.2683343e-15
5399.976395130158	1.2809367e-15
5403.014295578004	1.2875098e-15
5406.052196025849	1.2775525e-15
5409.090096473695	1.2523075e-15
5412.12799692154	1.2507429e-15
5415.165897369386	1.2435175e-15
5418.203797817231	1.2323783e-15
5421.241698265077	1.2478357e-15
5424.279598712922	1.2427403e-15
5427.3174991607675	1.2353819e-15
5430.355399608613	1.2589878e-15
5433.393300056458	1.2259056e-15
5436.431200504304	1.2488166e-15
5439.469100952149	1.2021249e-15
5442.507001399995	1.2189018e-15
5445.54490184784	1.2306107e-15
5448.582802295685	1.2252724e-15
5451.62070274353	1.2171379e-15
5454.658603191376	1.1776734e-15
5457.696503639221	1.187721e-15
5460.734404087067	1.2137243e-15
5463.772304534912	1.2005657e-15
5466.810204982758	1.1918899e-15
5469.848105430603	1.1991036e-15
5472.8860058784485	1.2090222e-15
5475.923906326294	1.1960502e-15
5478.961806774139	1.1706099e-15
5481.999707221985	1.1750843e-15
5485.03760766983	1.1899307e-15
5488.075508117676	1.1395241e-15
5491.113408565521	1.1677295e-15
5494.151309013367	1.1665677e-15
5497.189209461212	1.1393363e-15
5500.227109909058	1.1515107e-15
5503.265010356903	1.1619217e-15
5506.3029108047485	1.1671704e-15
5509.340811252594	1.1468268e-15
5512.378711700439	1.1676957e-15
5515.416612148285	1.1665394e-15
5518.45451259613	1.1383149e-15
5521.492413043976	1.1220135e-15
5524.530313491821	1.1377636e-15
5527.568213939667	1.1543712e-15
5530.606114387512	1.1315911e-15
5533.644014835358	1.1143243e-15
5536.681915283203	1.1185714e-15
5539.719815731049	1.1366164e-15
5542.757716178894	1.1299423e-15
5545.7956166267395	1.1131246e-15
5548.833517074585	1.1121218e-15
5551.87141752243	1.1066205e-15
5554.909317970276	1.0861482e-15
5557.947218418121	1.1306957e-15
5560.985118865967	1.087796e-15
5564.023019313812	1.0825138e-15
5567.060919761658	1.1124513e-15
5570.098820209503	1.0794085e-15
5573.136720657349	1.056555e-15
5576.174621105194	1.0843143e-15
5579.21252155304	1.0693218e-15
5582.250422000885	1.0643883e-15
5585.2883224487305	1.0550034e-15
5588.326222896576	1.0551805e-15
5591.364123344421	1.0359924e-15
5594.402023792267	1.0250959e-15
5597.439924240112	1.0361039e-15
5600.477824687958	1.0358921e-15
5603.515725135803	1.0216329e-15
5606.553625583649	1.0303059e-15
5609.591526031494	9.828636e-16
5612.62942647934	9.89472e-16
5615.667326927185	9.999156e-16
5618.7052273750305	9.784399e-16
5621.743127822876	9.933978e-16
5624.781028270721	9.847998e-16
5627.818928718567	9.808152e-16
5630.856829166412	9.58265e-16
5633.894729614258	9.303934e-16
5636.932630062103	9.272168e-16
5639.970530509949	9.237275e-16
5643.008430957794	8.956498e-16
5646.04633140564	8.7669117e-16
5649.084231853485	8.919172e-16
5652.122132301331	8.556487e-16
5655.160032749176	8.5763716e-16
5658.1979331970215	8.6683547e-16
5661.235833644867	8.5038873e-16
5664.273734092712	8.3928424e-16
5667.311634540558	8.446491e-16
5670.349534988403	8.35344e-16
5673.387435436249	8.178137e-16
5676.425335884094	7.9680336e-16
5679.46323633194	8.433058e-16
5682.501136779785	8.300022e-16
5685.539037227631	8.1744386e-16
5688.576937675476	8.6941537e-16
5691.6148381233215	8.556077e-16
5694.652738571167	8.4352623e-16
5697.690639019012	8.78335e-16
5700.728539466858	8.862834e-16
5703.766439914703	9.005238e-16
5706.804340362549	9.158241e-16
5709.842240810394	9.218654e-16
5712.88014125824	9.425772e-16
5715.918041706085	9.409247e-16
5718.955942153931	9.505023e-16
5721.993842601776	9.580357e-16
5725.031743049622	9.513429e-16
5728.069643497467	9.741315e-16
5731.107543945313	9.864216e-16
5734.145444393159	9.975857e-16
5737.183344841004	1.0423042e-15
5740.22124528885	9.99391e-16
5743.259145736695	1.0190087e-15
5746.297046184541	1.0201014e-15
5749.334946632386	1.0592627e-15
5752.372847080232	1.06608e-15
5755.410747528077	1.0390005e-15
5758.4486479759225	1.068534e-15
5761.486548423768	1.074864e-15
5764.5244488716135	1.0841572e-15
5767.562349319459	1.0777675e-15
5770.600249767304	1.1041896e-15
5773.63815021515	1.1048776e-15
5776.676050662995	1.0957095e-15
5779.713951110841	1.131814e-15
5782.751851558686	1.1350023e-15
5785.789752006532	1.1121395e-15
5788.827652454377	1.1426505e-15
5791.865552902223	1.1233158e-15
5794.903453350068	1.1228078e-15
5797.9413537979135	1.1477125e-15
5800.979254245759	1.1474151e-15
5804.017154693604	1.1371404e-15
5807.05505514145	1.1395443e-15
5810.092955589295	1.139636e-15
5813.130856037141	1.1494735e-15
5816.168756484986	1.1374556e-15
5819.206656932832	1.1224283e-15
5822.244557380677	1.1290908e-15
5825.282457828523	1.1314191e-15
5828.320358276368	1.1231472e-15
5831.358258724214	1.1162279e-15
5834.396159172059	1.1402284e-15
5837.4340596199045	1.1472931e-15
5840.47196006775	1.1502597e-15
5843.509860515595	1.1467549e-15
5846.547760963441	1.133961e-15
5849.585661411286	1.1387795e-15
5852.623561859132	1.1246011e-15
5855.661462306977	1.117169e-15
5858.699362754823	1.1266611e-15
5861.737263202668	1.1384814e-15
5864.775163650514	1.144171e-15
5867.813064098359	1.1276197e-15
5870.8509645462045	1.0994185e-15
5873.88886499405	1.1214025e-15
5876.926765441895	1.1079819e-15
5879.964665889741	1.0924818e-15
5883.002566337586	1.0932321e-15
5886.040466785432	1.1032427e-15
5889.078367233277	1.1167518e-15
5892.116267681123	1.1129543e-15
5895.154168128968	1.10119e-15
5898.192068576814	1.0884002e-15
5901.229969024659	1.0989498e-15
5904.267869472505	1.0797132e-15
5907.30576992035	1.0658902e-15
5910.3436703681955	1.0956714e-15
5913.381570816041	1.1132318e-15
5916.419471263886	1.0900686e-15
5919.457371711732	1.090227e-15
5922.495272159577	1.0780575e-15
5925.533172607423	1.0868487e-15
5928.571073055268	1.0983169e-15
5931.608973503114	1.0861503e-15
5934.646873950959	1.0763865e-15
5937.684774398805	1.0556736e-15
5940.72267484665	1.0641739e-15
5943.7605752944955	1.0508198e-15
5946.798475742341	1.0480243e-15
5949.8363761901865	1.0572307e-15
5952.874276638032	1.0591532e-15
5955.912177085877	1.0592999e-15
5958.950077533723	1.0317773e-15
5961.987977981568	1.0662322e-15
5965.025878429414	1.0246771e-15
5968.063778877259	1.0363523e-15
5971.101679325105	1.0625633e-15
5974.13957977295	1.0314204e-15
5977.177480220796	1.0435614e-15
5980.215380668641	1.0137507e-15
5983.2532811164865	1.0394398e-15
5986.291181564332	1.0700705e-15
5989.329082012177	1.0542761e-15
5992.366982460023	1.0555034e-15
5995.404882907868	1.069726e-15
5998.442783355714	1.0496575e-15
6001.480683803559	1.0705504e-15
6004.518584251405	1.0376655e-15
6007.55648469925	1.0484191e-15
6010.594385147096	1.0564379e-15
6013.632285594941	1.0524741e-15
6016.670186042787	1.065828e-15
6019.708086490632	1.0550502e-15
6022.7459869384775	1.0495643e-15
6025.783887386323	1.0194548e-15
6028.821787834168	1.0487e-15
6031.859688282014	1.0399177e-15
6034.897588729859	1.0166318e-15
6037.935489177705	1.0372513e-15
6040.97338962555	1.0266498e-15
6044.011290073396	1.0108747e-15
6047.049190521241	1.0299266e-15
6050.087090969087	1.0363199e-15
6053.124991416932	1.032546e-15
6056.1628918647775	1.0232056e-15
6059.200792312623	1.0106709e-15
6062.238692760468	1.0274425e-15
6065.276593208314	1.0135425e-15
6068.314493656159	1.0145221e-15
6071.352394104005	1.0264662e-15
6074.39029455185	1.012063e-15
6077.428194999696	9.898622e-16
6080.466095447541	1.0031863e-15
6083.503995895387	1.0116139e-15
6086.541896343232	9.782737e-16
6089.579796791078	1.0040521e-15
6092.617697238923	1.0098217e-15
6095.6555976867685	9.936465e-16
6098.693498134614	9.865567e-16
6101.731398582459	9.958312e-16
6104.769299030305	1.0168266e-15
6107.80719947815	9.67493e-16
6110.845099925996	9.690283e-16
6113.883000373841	9.661301e-16
6116.920900821687	9.597911e-16
6119.958801269532	9.56048e-16
6122.996701717378	9.363147e-16
6126.034602165223	9.498624e-16
6129.0725026130685	9.381717e-16
6132.110403060914	9.214673e-16
6135.148303508759	9.042413e-16
6138.186203956605	9.19647e-16
6141.22410440445	9.26768e-16
6144.262004852296	9.020407e-16
6147.299905300141	8.939067e-16
6150.337805747987	8.783069e-16
6153.375706195832	8.7042636e-16
6156.413606643678	8.636194e-16
6159.451507091523	8.594027e-16
6162.489407539369	8.622062e-16
6165.527307987214	8.5770863e-16
6168.5652084350595	8.572926e-16
6171.603108882905	8.698445e-16
6174.64100933075	8.4002364e-16
6177.678909778596	8.25821e-16
6180.716810226441	8.393949e-16
6183.754710674287	8.282171e-16
6186.792611122132	8.2476053e-16
6189.830511569978	8.0011913e-16
6192.868412017823	7.933632e-16
6195.906312465669	7.984664e-16
6198.944212913514	7.800231e-16
6201.98211336136	7.6754235e-16
6205.020013809205	7.878732e-16
6208.0579142570505	7.828038e-16
6211.095814704896	7.7450374e-16
6214.133715152741	7.6675863e-16
6217.171615600587	7.5660567e-16
6220.209516048432	7.535446e-16
6223.247416496278	7.4541684e-16
6226.285316944123	7.277042e-16
6229.323217391969	7.1996276e-16
6232.361117839814	7.062073e-16
6235.39901828766	6.9275574e-16
6238.436918735505	6.937251e-16
6241.4748191833505	6.8703425e-16
6244.512719631196	6.7223076e-16
6247.550620079041	6.734574e-16
6250.588520526887	6.337742e-16
6253.626420974732	6.296836e-16
6256.664321422578	6.266942e-16
6259.702221870423	6.0668475e-16
6262.740122318269	5.9803443e-16
6265.778022766114	5.888403e-16
6268.81592321396	5.5817497e-16
6271.853823661805	5.6039366e-16
6274.891724109651	5.4795985e-16
6277.929624557496	5.3931567e-16
6280.9675250053415	5.3275694e-16
6284.005425453187	5.383219e-16
6287.043325901032	5.576241e-16
6290.081226348878	5.27113e-16
6293.119126796723	5.3952034e-16
6296.157027244569	5.4999035e-16
6299.194927692414	5.5051085e-16
6302.23282814026	5.453777e-16
6305.270728588105	5.3904854e-16
6308.308629035951	5.558334e-16
6311.346529483796	5.666271e-16
6314.3844299316415	5.736419e-16
6317.422330379487	5.895915e-16
6320.460230827332	6.0016567e-16
6323.498131275178	5.9768905e-16
6326.536031723023	5.9724807e-16
6329.573932170869	6.0787357e-16
6332.611832618714	6.127406e-16
6335.64973306656	6.307308e-16
6338.687633514405	6.4027496e-16
6341.725533962251	6.402232e-16
6344.763434410096	6.642278e-16
6347.801334857942	6.73607e-16
6350.839235305787	6.671851e-16
6353.8771357536325	6.97564e-16
6356.915036201478	7.106381e-16
6359.952936649323	7.309289e-16
6362.990837097169	7.539027e-16
6366.028737545014	7.5735656e-16
6369.06663799286	7.7535384e-16
6372.104538440705	7.8993186e-16
6375.142438888551	7.991601e-16
6378.180339336396	8.206124e-16
6381.218239784242	8.435951e-16
6384.256140232087	8.470074e-16
6387.294040679933	8.3691074e-16
6390.331941127778	8.6490254e-16
6393.3698415756235	8.570063e-16
6396.407742023469	8.6225815e-16
6399.445642471314	8.7822944e-16
6402.48354291916	8.888619e-16
6405.521443367005	9.015175e-16
6408.559343814851	9.045755e-16
6411.597244262696	8.888267e-16
6414.635144710542	8.982117e-16
6417.673045158387	9.104582e-16
6420.710945606233	9.235281e-16
6423.748846054078	9.401769e-16
6426.7867465019235	9.308486e-16
6429.824646949769	9.284878e-16
6432.862547397614	9.536184e-16
6435.90044784546	9.379842e-16
6438.938348293305	9.529033e-16
6441.976248741151	9.877929e-16
6445.014149188996	9.722662e-16
6448.052049636842	9.685465e-16
6451.089950084687	9.510977e-16
6454.127850532533	9.673938e-16
6457.165750980378	9.914999e-16
6460.203651428224	9.791815e-16
6463.241551876069	9.657905e-16
6466.2794523239145	9.985201e-16
6469.31735277176	9.952472e-16
6472.355253219605	9.922361e-16
6475.393153667451	9.945727e-16
6478.431054115296	9.920611e-16
6481.468954563142	1.0015969e-15
6484.506855010987	1.0189165e-15
6487.544755458833	1.0266779e-15
6490.582655906678	1.0308561e-15
6493.620556354524	1.0685983e-15
6496.658456802369	1.0601276e-15
6499.6963572502145	1.0339531e-15
6502.73425769806	1.0462421e-15
6505.772158145905	1.0482406e-15
6508.810058593751	1.0840129e-15
6511.847959041596	1.0541799e-15
6514.885859489442	1.0462433e-15
6517.923759937287	1.0605488e-15
6520.961660385133	1.0534252e-15
6523.999560832978	1.0632289e-15
6527.037461280824	1.1129531e-15
6530.075361728669	1.0887591e-15
6533.113262176515	1.0731323e-15
6536.15116262436	1.0818871e-15
6539.1890630722055	1.0773848e-15
6542.226963520051	1.0845109e-15
6545.264863967896	1.1257404e-15
6548.302764415742	1.0989407e-15
6551.340664863587	1.1107535e-15
6554.378565311433	1.0926222e-15
6557.416465759278	1.0800448e-15
6560.454366207124	1.1004082e-15
6563.492266654969	1.0987676e-15
6566.530167102815	1.1238801e-15
6569.56806755066	1.1187069e-15
6572.605967998506	1.107727e-15
6575.643868446351	1.1024195e-15
6578.6817688941965	1.0999828e-15
6581.719669342042	1.1139384e-15
6584.757569789887	1.1131675e-15
6587.795470237733	1.1190286e-15
6590.833370685578	1.1061533e-15
6593.871271133424	1.0847097e-15
6596.909171581269	1.0928224e-15
6599.947072029115	1.1024491e-15
6602.98497247696	1.0861652e-15
6606.022872924806	1.0963738e-15
6609.060773372651	1.088321e-15
6612.0986738204965	1.1038864e-15
6615.136574268342	1.1028571e-15
6618.174474716187	1.0813616e-15
6621.212375164033	1.0950964e-15
6624.250275611878	1.0916214e-15
6627.288176059724	1.0968628e-15
6630.326076507569	1.0865604e-15
6633.363976955415	1.065848e-15
6636.40187740326	1.0657411e-15
6639.439777851106	1.0760988e-15
6642.477678298951	1.0582022e-15
6645.515578746797	1.0681812e-15
6648.553479194642	1.052816e-15
6651.5913796424875	1.0557424e-15
6654.629280090333	1.0670973e-15
6657.667180538178	1.0532345e-15
6660.705080986024	1.0487895e-15
6663.742981433869	1.0449849e-15
6666.780881881715	1.0435019e-15
6669.81878232956	1.0259146e-15
6672.856682777406	1.0259892e-15
6675.894583225251	1.0405474e-15
6678.932483673097	1.0317458e-15
6681.970384120942	1.0171245e-15
6685.0082845687875	1.0332261e-15
6688.046185016633	1.0245245e-15
6691.084085464478	1.0085006e-15
6694.121985912324	1.0110074e-15
6697.159886360169	1.0173564e-15
6700.197786808015	1.013736e-15
6703.23568725586	1.0016033e-15
6706.273587703706	1.0073057e-15
6709.311488151551	1.012975e-15
6712.349388599397	9.966436e-16
6715.387289047242	9.78361e-16
6718.425189495088	9.804387e-16
6721.463089942933	9.832044e-16
6724.5009903907785	9.946421e-16
6727.538890838624	9.782772e-16
6730.576791286469	9.629762e-16
6733.614691734315	9.77918e-16
6736.65259218216	9.651487e-16
6739.690492630006	9.445226e-16
6742.728393077851	9.45856e-16
6745.766293525697	9.551583e-16
6748.804193973542	9.462575e-16
6751.842094421388	9.341691e-16
6754.879994869233	9.353179e-16
6757.917895317079	9.278087e-16
6760.955795764924	9.212435e-16
6763.9936962127695	9.188143e-16
6767.031596660615	9.174513e-16
6770.06949710846	9.062058e-16
6773.107397556306	8.980565e-16
6776.145298004151	8.977744e-16
6779.183198451997	8.904944e-16
6782.221098899842	8.901641e-16
6785.258999347688	9.014539e-16
6788.296899795533	8.963587e-16
6791.334800243379	8.8341836e-16
6794.372700691224	8.938257e-16
6797.4106011390695	8.7179897e-16
6800.448501586915	8.6153743e-16
6803.48640203476	8.701636e-16
6806.524302482606	8.615908e-16
6809.562202930451	8.4618846e-16
6812.600103378297	8.515253e-16
6815.638003826142	8.4564355e-16
6818.675904273988	8.479746e-16
6821.713804721833	8.56506e-16
6824.751705169679	8.628104e-16
6827.789605617524	8.409943e-16
6830.82750606537	8.143672e-16
6833.865406513215	8.237021e-16
6836.9033069610605	8.22634e-16
6839.941207408906	8.136829e-16
6842.979107856751	8.150754e-16
6846.017008304597	8.1626755e-16
6849.054908752442	8.0929535e-16
6852.092809200288	8.075949e-16
6855.130709648133	7.865366e-16
6858.168610095979	7.771984e-16
6861.206510543824	7.6149633e-16
6864.24441099167	7.5140997e-16
6867.282311439515	7.6455015e-16
6870.3202118873605	7.578867e-16
6873.358112335206	7.6038534e-16
6876.396012783051	7.4835006e-16
6879.433913230897	7.361263e-16
6882.471813678742	7.496064e-16
6885.509714126588	7.7047954e-16
6888.547614574433	7.7614603e-16
6891.585515022279	7.5638385e-16
6894.623415470124	7.87821e-16
6897.66131591797	8.0282863e-16
6900.699216365815	7.9266635e-16
6903.737116813661	7.9115577e-16
6906.775017261506	7.8764037e-16
6909.8129177093515	7.9940714e-16
6912.850818157197	8.0853953e-16
6915.888718605042	8.1204657e-16
6918.926619052888	8.001727e-16
6921.964519500733	8.044898e-16
6925.002419948579	8.3124293e-16
6928.040320396424	8.2126324e-16
6931.07822084427	8.294212e-16
6934.116121292115	8.230875e-16
6937.154021739961	8.1792773e-16
6940.191922187806	8.1659196e-16
6943.2298226356515	8.1066463e-16
6946.267723083497	8.319646e-16
6949.3056235313425	8.175841e-16
6952.343523979188	8.1534746e-16
6955.381424427033	8.227635e-16
6958.419324874879	8.1142104e-16
6961.457225322724	8.1980147e-16
6964.49512577057	8.2951853e-16
6967.533026218415	8.307328e-16
6970.570926666261	8.3554866e-16
6973.608827114106	8.3086716e-16
6976.646727561952	8.169676e-16
6979.684628009797	8.1108243e-16
6982.7225284576425	8.255348e-16
6985.760428905488	8.3442137e-16
6988.798329353333	8.266695e-16
6991.836229801179	8.1894544e-16
6994.874130249024	8.1251805e-16
6997.91203069687	7.9666376e-16
7000.949931144715	8.028285e-16
7003.987831592561	8.129126e-16
7007.025732040406	8.1214154e-16
7010.063632488252	8.0880016e-16
7013.101532936097	8.0893944e-16
7016.139433383943	8.0292244e-16
7019.177333831788	7.875487e-16
7022.2152342796335	7.853093e-16
7025.253134727479	8.049153e-16
7028.291035175324	7.9545976e-16
7031.32893562317	7.79144e-16
7034.366836071015	7.8878736e-16
7037.404736518861	7.942414e-16
7040.442636966706	8.027966e-16
7043.480537414552	7.961886e-16
7046.518437862397	7.9452675e-16
7049.556338310243	7.901135e-16
7052.594238758088	7.738108e-16
7055.6321392059335	7.8050354e-16
7058.670039653779	7.8240486e-16
7061.707940101624	7.6568163e-16
7064.74584054947	7.607444e-16
7067.783740997315	7.681959e-16
7070.821641445161	7.863864e-16
7073.859541893006	8.040077e-16
7076.897442340852	7.804494e-16
7079.935342788697	7.74341e-16
7082.973243236543	7.7370774e-16
7086.011143684388	7.751069e-16
7089.049044132234	7.804506e-16
7092.086944580079	7.7048573e-16
7095.1248450279245	7.664708e-16
7098.16274547577	7.7760695e-16
7101.200645923615	7.9304646e-16
7104.238546371461	7.8609766e-16
7107.276446819306	7.7311503e-16
7110.314347267152	7.8905365e-16
7113.352247714997	7.898e-16
7116.390148162843	8.0953284e-16
7119.428048610688	8.055045e-16
7122.465949058534	7.794893e-16
7125.503849506379	7.8806225e-16
7128.5417499542245	8.0457923e-16
7131.57965040207	7.693622e-16
7134.6175508499155	7.7186026e-16
7137.655451297761	7.856789e-16
7140.693351745606	7.8786833e-16
7143.731252193452	7.94443e-16
7146.769152641297	7.985878e-16
7149.807053089143	7.963033e-16
7152.844953536988	7.818594e-16
7155.882853984834	7.7014306e-16
7158.920754432679	7.793033e-16
7161.958654880525	7.8018225e-16
7164.99655532837	7.6185955e-16
7168.0344557762155	7.7091e-16
7171.072356224061	7.654665e-16
7174.110256671906	7.5687164e-16
7177.148157119752	7.58559e-16
7180.186057567597	7.5775663e-16
7183.223958015443	7.3557416e-16
7186.261858463288	7.479823e-16
7189.299758911134	7.5151775e-16
7192.337659358979	7.341451e-16
7195.375559806825	7.291739e-16
7198.41346025467	7.3920327e-16
7201.451360702516	7.439013e-16
7204.489261150361	7.3671093e-16
7207.5271615982065	7.2769103e-16
7210.565062046052	7.4647944e-16
7213.602962493897	7.585296e-16
7216.640862941743	7.503099e-16
7219.678763389588	7.5645807e-16
7222.716663837434	7.699733e-16
7225.754564285279	7.572309e-16
7228.792464733125	7.430592e-16
7231.83036518097	7.4604396e-16
7234.868265628816	7.5877084e-16
7237.906166076661	7.573089e-16
7240.9440665245065	7.309422e-16
7243.981966972352	7.295753e-16
7247.019867420197	7.395552e-16
7250.057767868043	7.392757e-16
7253.095668315888	7.134034e-16
7256.133568763734	7.180268e-16
7259.171469211579	7.1838617e-16
7262.209369659425	7.2376567e-16
7265.24727010727	7.2560103e-16
7268.285170555116	7.1895516e-16
7271.323071002961	7.2393587e-16
7274.360971450807	7.4437176e-16
7277.398871898652	7.2694734e-16
7280.4367723464975	7.266866e-16
7283.474672794343	7.0123343e-16
7286.512573242188	7.0387543e-16
7289.550473690035	7.3562085e-16
7292.58837413788	7.0082717e-16
7295.626274585726	6.9058956e-16
7298.664175033571	7.1031627e-16
7301.702075481417	7.125296e-16
7304.739975929262	7.138529e-16
7307.7778763771075	7.213309e-16
7310.815776824953	6.8761886e-16
7313.853677272798	6.89506e-16
7316.891577720644	6.965362e-16
7319.929478168489	7.0080107e-16
7322.967378616335	6.795066e-16
7326.00527906418	6.7200735e-16
7329.043179512026	7.1077663e-16
7332.081079959871	6.904829e-16
7335.118980407717	7.07467e-16
7338.156880855562	7.0692724e-16
7341.194781303408	6.9516e-16
7344.232681751253	7.154663e-16
7347.2705821990985	7.0774235e-16
7350.308482646944	6.799318e-16
7353.346383094789	6.9882553e-16
7356.384283542635	7.142081e-16
7359.42218399048	6.9879906e-16
7362.460084438326	6.8893647e-16
7365.497984886171	6.873443e-16
7368.535885334017	6.9134083e-16
7371.573785781862	6.85105e-16
7374.611686229708	6.8227424e-16
7377.649586677553	6.846717e-16
7380.687487125399	6.79663e-16
7383.725387573244	6.725636e-16
7386.7632880210895	6.920954e-16
7389.801188468935	6.8336924e-16
7392.83908891678	6.865019e-16
7395.876989364626	6.992611e-16
7398.914889812471	6.7509945e-16
7401.952790260317	6.7182985e-16
7404.990690708162	6.7379465e-16
7408.028591156008	6.709865e-16
7411.066491603853	6.7943207e-16
7414.104392051699	6.808937e-16
7417.142292499544	6.6581475e-16
7420.1801929473895	6.6190347e-16
7423.218093395235	6.609535e-16
7426.25599384308	6.5603623e-16
7429.293894290926	6.6490043e-16
7432.331794738771	6.6620724e-16
7435.369695186617	6.7136684e-16
7438.407595634462	6.75312e-16
7441.445496082308	6.8081136e-16
7444.483396530153	6.6927864e-16
7447.521296977999	6.607669e-16
7450.559197425844	6.617707e-16
7453.59709787369	6.4711904e-16
7456.634998321535	6.357904e-16
7459.6728987693805	6.560483e-16
7462.710799217226	6.536781e-16
7465.748699665071	6.3294156e-16
7468.786600112917	6.285759e-16
7471.824500560762	6.3419697e-16
7474.862401008608	6.4719654e-16
7477.900301456453	6.1933e-16
7480.938201904299	6.08392e-16
7483.976102352144	6.2258113e-16
7487.01400279999	6.127021e-16
7490.051903247835	6.2341064e-16
7493.0898036956805	6.293536e-16
7496.127704143525	6.4244204e-16
7499.1656045913705	6.4192175e-16
7502.203505039216	6.2006057e-16
7505.2414054870615	6.009717e-16
7508.279305934907	6.180989e-16
7511.317206382752	6.312294e-16
7514.355106830598	6.2318204e-16
7517.393007278443	6.1971657e-16
7520.430907726289	6.0613286e-16
7523.468808174134	5.891269e-16
7526.50670862198	6.0842207e-16
7529.544609069825	6.051973e-16
7532.582509517671	6.074297e-16
7535.620409965516	6.1114555e-16
7538.6583104133615	5.933152e-16
7541.696210861207	5.8713423e-16
7544.734111309052	5.983502e-16
7547.772011756898	5.935177e-16
7550.809912204743	5.9830495e-16
7553.847812652589	6.049892e-16
7556.885713100434	6.1105e-16
7559.92361354828	6.1614955e-16
7562.961513996125	5.910598e-16
7565.999414443971	5.7736127e-16
7569.037314891816	5.835253e-16
7572.075215339662	5.7670985e-16
7575.113115787507	5.661127e-16
7578.1510162353525	6.0265637e-16
7581.188916683198	5.9532027e-16
7584.226817131043	5.593243e-16
7587.264717578889	5.313203e-16
7590.302618026734	5.0911487e-16
7593.34051847458	4.9593747e-16
7596.378418922425	5.279738e-16
7599.416319370271	6.2764146e-16
7602.454219818116	4.9261287e-16
7605.492120265962	5.007465e-16
7608.530020713807	6.278151e-16
7611.5679211616525	7.1553436e-16
7614.605821609498	5.877642e-16
7617.643722057343	5.297348e-16
7620.681622505189	5.083552e-16
7623.719522953034	5.2583477e-16
7626.75742340088	5.678089e-16
7629.795323848725	5.77611e-16
7632.833224296571	6.2331175e-16
7635.871124744416	6.20333e-16
7638.909025192262	5.7843996e-16
7641.946925640107	5.5622827e-16
7644.984826087953	5.6208905e-16
7648.022726535798	5.721904e-16
7651.0606269836435	5.7998146e-16
7654.098527431489	5.623245e-16
7657.136427879334	5.621471e-16
7660.17432832718	5.820683e-16
7663.212228775025	5.788627e-16
7666.250129222871	5.6958344e-16
7669.288029670716	5.758719e-16
7672.325930118562	5.8618407e-16
7675.363830566407	5.8528796e-16
7678.401731014253	5.858057e-16
7681.439631462098	5.879431e-16
7684.4775319099435	5.6444984e-16
7687.515432357789	5.8061784e-16
7690.553332805634	5.7681726e-16
7693.59123325348	5.6659463e-16
7696.629133701325	5.865042e-16
7699.667034149171	5.795571e-16
7702.704934597016	5.666999e-16
7705.742835044862	5.8911274e-16
7708.780735492707	6.1643193e-16
7711.818635940553	5.9255593e-16
7714.856536388398	5.6926273e-16
7717.894436836244	6.1571005e-16
7720.932337284089	5.9251596e-16
7723.9702377319345	5.7891806e-16
7727.00813817978	5.939905e-16
7730.046038627625	5.788802e-16
7733.083939075471	5.619222e-16
7736.121839523316	5.7682367e-16
7739.159739971162	5.782198e-16
7742.197640419007	5.853979e-16
7745.235540866853	5.851865e-16
7748.273441314698	5.910883e-16
7751.311341762544	6.123184e-16
7754.349242210389	5.988672e-16
7757.387142658235	5.694509e-16
7760.42504310608	5.6678474e-16
7763.4629435539255	5.71772e-16
7766.500844001771	5.9388836e-16
7769.538744449616	5.996177e-16
7772.576644897462	5.6965226e-16
7775.614545345307	5.779765e-16
7778.652445793153	5.790903e-16
7781.690346240998	5.6740736e-16
7784.728246688844	5.9103884e-16
7787.766147136689	5.899715e-16
7790.804047584535	5.8721004e-16
7793.84194803238	5.6949884e-16
7796.8798484802255	5.614006e-16
7799.917748928071	5.818936e-16
7802.955649375916	5.906016e-16
7805.993549823762	5.6850607e-16
7809.031450271607	5.7280084e-16
7812.069350719453	5.9303286e-16
7815.107251167298	5.922791e-16
7818.145151615144	5.841833e-16
7821.183052062989	5.627136e-16
7824.220952510835	5.6484387e-16
7827.25885295868	5.5302733e-16
7830.296753406526	5.521883e-16
7833.334653854371	5.6486997e-16
7836.3725543022165	5.7772576e-16
7839.410454750062	6.044804e-16
7842.448355197907	5.8834845e-16
7845.486255645753	5.615683e-16
7848.524156093598	5.526793e-16
7851.562056541444	5.5071843e-16
7854.599956989289	5.7972327e-16
7857.637857437135	5.825784e-16
7860.67575788498	5.838667e-16
7863.713658332826	5.735227e-16
7866.751558780671	5.647216e-16
7869.7894592285165	5.7819554e-16
7872.827359676362	5.6182573e-16
7875.865260124207	5.588516e-16
7878.903160572053	5.727236e-16
7881.941061019898	5.6693784e-16
7884.978961467744	5.3993655e-16
7888.016861915589	5.2004774e-16
7891.054762363435	5.165963e-16
7894.09266281128	5.4181876e-16
7897.130563259126	5.4777255e-16
7900.168463706971	5.4094986e-16
7903.206364154817	5.451272e-16
7906.244264602662	5.3089786e-16
7909.2821650505075	5.4236536e-16
7912.320065498353	5.597126e-16
7915.357965946198	5.559345e-16
7918.395866394044	5.487606e-16
7921.433766841889	5.4760606e-16
7924.471667289735	5.409742e-16
7927.50956773758	5.461862e-16
7930.547468185426	5.5824956e-16
7933.585368633271	5.6656525e-16
7936.623269081117	5.5844686e-16
7939.661169528962	5.4832927e-16
7942.699069976808	5.262266e-16
7945.736970424653	5.3928814e-16
7948.7748708724985	5.348933e-16
7951.812771320344	5.173081e-16
7954.850671768189	5.4484134e-16
7957.888572216035	5.343633e-16
7960.92647266388	5.215491e-16
7963.964373111726	5.250912e-16
7967.002273559571	5.4176095e-16
7970.040174007417	5.49063e-16
7973.078074455262	5.073896e-16
7976.115974903108	5.0207693e-16
7979.153875350953	5.2306196e-16
7982.1917757987985	5.3400816e-16
7985.229676246644	5.249875e-16
7988.267576694489	5.351597e-16
7991.305477142335	5.486011e-16
7994.34337759018	5.3761144e-16
7997.381278038026	5.325316e-16
8000.419178485871	5.241522e-16
8003.457078933717	5.0731715e-16
8006.494979381562	5.1541764e-16
8009.532879829408	4.997596e-16
8012.570780277253	5.1178954e-16
8015.608680725099	5.284345e-16
8018.646581172944	5.200387e-16
8021.6844816207895	5.1376063e-16
8024.722382068635	5.342355e-16
8027.76028251648	4.993743e-16
8030.798182964326	4.864899e-16
8033.836083412171	5.0038117e-16
8036.873983860017	5.108296e-16
8039.911884307862	5.2104967e-16
8042.949784755708	5.1384073e-16
8045.987685203553	5.1193035e-16
8049.025585651399	5.164247e-16
8052.063486099244	5.072188e-16
8055.1013865470895	5.0560355e-16
8058.139286994935	5.0929513e-16
8061.17718744278	4.8288623e-16
8064.215087890627	5.132562e-16
8067.252988338472	5.466074e-16
8070.290888786318	5.1252645e-16
8073.328789234163	5.196754e-16
8076.366689682009	5.1585386e-16
8079.404590129854	5.021632e-16
8082.4424905777	4.9287746e-16
8085.480391025545	4.950665e-16
8088.5182914733905	4.971857e-16
8091.556191921236	4.8855717e-16
8094.594092369081	4.8931013e-16
8097.631992816927	5.0529375e-16
8100.669893264772	5.094547e-16
8103.707793712618	4.830652e-16
8106.745694160463	4.74685e-16
8109.783594608309	4.954327e-16
8112.821495056154	5.048055e-16
8115.859395504	4.9424293e-16
8118.897295951845	4.816043e-16
8121.9351963996905	4.7116827e-16
8124.973096847536	4.7192907e-16
8128.0109972953815	4.7107346e-16
8131.048897743227	4.630826e-16
8134.086798191072	4.411528e-16
8137.124698638918	4.1940863e-16
8140.162599086763	4.3226714e-16
8143.200499534609	4.4293653e-16
8146.238399982454	4.252486e-16
8149.2763004303	4.1548446e-16
8152.314200878145	4.2957845e-16
8155.352101325991	4.3818436e-16
8158.390001773836	4.4273192e-16
8161.4279022216815	4.1623935e-16
8164.465802669527	3.914822e-16
8167.503703117372	4.0160762e-16
8170.541603565218	4.1489463e-16
8173.579504013063	4.007486e-16
8176.617404460909	4.2255422e-16
8179.655304908754	4.280877e-16
8182.6932053566	4.1009847e-16
8185.731105804445	4.0738013e-16
8188.769006252291	4.2093255e-16
8191.806906700136	4.2817193e-16
8194.844807147982	4.221734e-16
8197.882707595827	4.1157791e-16
8200.920608043672	4.2235067e-16
8203.958508491518	4.5503605e-16
8206.996408939363	4.3746647e-16
8210.034309387209	4.4180212e-16
8213.072209835054	4.3763805e-16
8216.1101102829	4.058182e-16
8219.148010730745	4.0069288e-16
8222.18591117859	4.0884626e-16
8225.223811626436	4.1742096e-16
8228.261712074282	3.9289316e-16
8231.299612522127	3.8920346e-16
8234.337512969973	4.163238e-16
8237.375413417818	4.0075937e-16
8240.413313865663	4.2832344e-16
8243.451214313509	4.1964294e-16
8246.489114761354	4.105867e-16
8249.5270152092	4.3599443e-16
8252.564915657045	4.2404087e-16
8255.60281610489	4.186691e-16
8258.640716552736	4.4138215e-16
8261.678617000582	4.3411966e-16
8264.716517448427	4.0354622e-16
8267.754417896273	4.067381e-16
8270.792318344118	4.2649776e-16
8273.830218791963	4.2836722e-16
8276.868119239809	4.165791e-16
8279.906019687654	4.0007023e-16
8282.9439201355	3.984195e-16
8285.981820583345	4.1935053e-16
8289.01972103119	4.3712125e-16
8292.057621479036	4.097771e-16
8295.095521926882	4.026437e-16
8298.133422374727	4.3846978e-16
8301.171322822573	4.1764987e-16
8304.209223270418	4.2186778e-16
8307.247123718264	4.0844617e-16
8310.285024166109	3.9211127e-16
8313.322924613954	4.0374212e-16
8316.3608250618	4.0636517e-16
8319.398725509645	4.0274977e-16
8322.43662595749	4.1104653e-16
8325.474526405336	4.0810865e-16
8328.512426853182	4.077452e-16
8331.550327301027	4.3229555e-16
8334.588227748873	4.2196034e-16
8337.626128196718	4.1828777e-16
8340.664028644564	4.399234e-16
8343.701929092409	4.5037954e-16
8346.739829540255	4.269251e-16
8349.7777299881	4.1603754e-16
8352.815630435945	4.3177407e-16
8355.85353088379	4.3083817e-16
8358.891431331636	4.2863472e-16
8361.929331779482	4.478689e-16
8364.967232227327	4.483762e-16
8368.005132675173	4.2769494e-16
8371.043033123018	4.255123e-16
8374.080933570864	4.2916677e-16
8377.11883401871	4.3341355e-16
8380.156734466555	4.3820273e-16
8383.1946349144	4.3003122e-16
8386.232535362245	4.4598164e-16
8389.270435810091	4.5047526e-16
8392.308336257936	4.4009045e-16
8395.346236705782	4.4355775e-16
8398.384137153627	4.425901e-16
8401.422037601473	4.654502e-16
8404.459938049318	4.5083196e-16
8407.497838497164	4.1624835e-16
8410.53573894501	4.2734766e-16
8413.573639392855	4.4191506e-16
8416.6115398407	4.458408e-16
8419.649440288546	4.4888416e-16
8422.687340736391	4.516698e-16
8425.725241184236	4.484036e-16
8428.763141632082	4.5036784e-16
8431.801042079927	4.4180873e-16
8434.838942527773	4.3021264e-16
8437.876842975618	4.302129e-16
8440.914743423464	4.4998043e-16
8443.95264387131	4.529269e-16
8446.990544319155	4.486189e-16
8450.028444767	4.545583e-16
8453.066345214846	4.3954768e-16
8456.104245662691	4.1338337e-16
8459.142146110536	4.4508034e-16
8462.180046558382	4.755603e-16
8465.217947006227	4.626723e-16
8468.255847454073	4.509267e-16
8471.293747901918	4.603232e-16
8474.331648349764	4.639063e-16
8477.36954879761	4.6776627e-16
8480.407449245455	4.6408014e-16
8483.4453496933	4.5958033e-16
8486.483250141146	4.582037e-16
8489.521150588991	4.641068e-16
8492.559051036837	4.701539e-16
8495.596951484682	4.6095755e-16
8498.634851932527	4.594316e-16
8501.672752380373	4.756151e-16
8504.710652828218	4.7684964e-16
8507.748553276064	4.6525974e-16
8510.78645372391	4.63555e-16
8513.824354171755	4.608343e-16
8516.8622546196	4.6368394e-16
8519.900155067446	4.636588e-16
8522.938055515291	4.6131696e-16
8525.975955963137	4.6867053e-16
8529.013856410982	4.7560376e-16
8532.051756858828	4.587344e-16
8535.089657306673	4.5094504e-16
8538.127557754518	4.901421e-16
8541.165458202364	4.6440323e-16
8544.20335865021	4.531081e-16
8547.241259098055	4.6167674e-16
8550.2791595459	4.4261185e-16
8553.317059993746	4.5255065e-16
8556.354960441591	4.675271e-16
8559.392860889437	4.70379e-16
8562.430761337282	4.7610197e-16
8565.468661785128	4.8348635e-16
8568.506562232973	4.852019e-16
8571.544462680818	4.780577e-16
8574.582363128664	4.8276055e-16
8577.62026357651	4.730612e-16
8580.658164024355	4.425318e-16
8583.6960644722	4.7238763e-16
8586.733964920046	5.0579387e-16
8589.771865367891	4.963339e-16
8592.809765815737	4.75415e-16
8595.847666263582	4.7969805e-16
8598.885566711428	4.74255e-16
8601.923467159273	4.7947105e-16
8604.961367607119	4.6822324e-16
8607.999268054964	4.639089e-16
8611.03716850281	4.9259635e-16
8614.075068950655	4.8104007e-16
8617.1129693985	4.685076e-16
8620.150869846346	4.715529e-16
8623.188770294191	4.81427e-16
8626.226670742037	4.843451e-16
8629.264571189882	4.92309e-16
8632.302471637728	4.7798763e-16
8635.340372085573	4.609847e-16
8638.378272533419	4.5789426e-16
8641.416172981264	4.6616914e-16
8644.45407342911	4.8614905e-16
8647.491973876955	4.580838e-16
8650.5298743248	4.6121786e-16
8653.567774772646	4.738941e-16
8656.605675220491	4.5652413e-16
8659.643575668337	4.7393934e-16
8662.681476116182	4.4890814e-16
8665.719376564028	4.517036e-16
8668.757277011873	4.8002384e-16
8671.795177459719	4.7789583e-16
8674.833077907564	4.758348e-16
8677.87097835541	4.725578e-16
8680.908878803255	4.69172e-16
8683.9467792511	4.741114e-16
8686.984679698946	4.8646034e-16
8690.022580146791	4.694188e-16
8693.060480594637	4.6717536e-16
8696.098381042482	4.6004027e-16
8699.136281490328	4.570921e-16
8702.174181938173	4.6327027e-16
8705.212082386019	4.593633e-16
8708.249982833864	4.8346285e-16
8711.28788328171	4.630226e-16
8714.325783729555	4.452614e-16
8717.3636841774	4.755591e-16
8720.401584625246	4.3525818e-16
8723.439485073091	4.290229e-16
8726.477385520937	4.587788e-16
8729.515285968782	4.7275773e-16
8732.553186416628	4.535984e-16
8735.591086864473	4.4249197e-16
8738.628987312319	4.5299227e-16
8741.666887760164	4.5809363e-16
8744.70478820801	4.406411e-16
8747.742688655855	4.3192878e-16
8750.7805891037	4.634719e-16
8753.818489551546	4.4447376e-16
8756.856389999391	4.3256395e-16
8759.894290447237	4.5859047e-16
8762.932190895082	4.455288e-16
8765.970091342928	4.1637564e-16
8769.007991790773	4.254091e-16
8772.045892238619	4.2731404e-16
8775.083792686464	4.0572545e-16
8778.12169313431	4.3197095e-16
8781.159593582155	4.3485785e-16
8784.19749403	4.365819e-16
8787.235394477846	4.326988e-16
8790.273294925692	4.1367212e-16
8793.311195373537	4.370301e-16
8796.349095821382	4.501278e-16
8799.386996269228	4.4680485e-16
8802.424896717073	4.317537e-16
8805.462797164919	4.1415194e-16
8808.500697612764	4.2302432e-16
8811.53859806061	4.4694466e-16
8814.576498508455	4.3294639e-16
8817.6143989563	4.2297241e-16
8820.652299404146	4.3789597e-16
8823.690199851992	4.0750644e-16
8826.728100299837	4.2501194e-16
8829.766000747682	4.469113e-16
8832.803901195528	4.1818575e-16
8835.841801643373	3.8757358e-16
8838.879702091219	4.2412681e-16
8841.917602539064	4.1095333e-16
8844.95550298691	3.9697658e-16
8847.993403434755	4.2101098e-16
8851.0313038826	3.9885024e-16
8854.069204330446	3.9446973e-16
8857.107104778292	4.0171213e-16
8860.145005226137	4.0909613e-16
8863.182905673983	4.1233995e-16
8866.220806121828	3.9362092e-16
8869.258706569673	3.98142e-16
8872.296607017519	4.1422426e-16
8875.334507465364	4.0802781e-16
8878.37240791321	3.8597372e-16
8881.410308361055	3.8703508e-16
8884.4482088089	3.8134916e-16
8887.486109256746	3.621384e-16
8890.524009704592	3.672209e-16
8893.561910152437	4.050209e-16
8896.599810600283	3.9115516e-16
8899.637711048128	3.8973407e-16
8902.675611495973	3.778978e-16
8905.713511943819	3.6961447e-16
8908.751412391664	3.639558e-16
8911.78931283951	3.7372515e-16
8914.827213287355	3.7354256e-16
8917.8651137352	3.6688173e-16
8920.903014183046	3.624797e-16
8923.940914630892	3.4609483e-16
8926.978815078737	3.5908937e-16
8930.016715526583	3.7180397e-16
8933.054615974428	3.6170295e-16
8936.092516422274	3.6620495e-16
8939.130416870119	3.698994e-16
8942.168317317964	3.713883e-16
8945.20621776581	3.5548525e-16
8948.244118213655	3.4858355e-16
8951.2820186615	3.6278834e-16
8954.319919109346	3.5286082e-16
8957.357819557192	3.359248e-16
8960.395720005037	3.4123175e-16
8963.433620452883	3.4955986e-16
8966.471520900728	3.1616045e-16
8969.509421348574	3.1787437e-16
8972.547321796419	3.2950265e-16
8975.585222244265	3.134898e-16
8978.62312269211	3.0461894e-16
8981.661023139955	3.0932545e-16
8984.6989235878	3.086927e-16
8987.736824035646	3.0863488e-16
8990.774724483492	3.0899677e-16
8993.812624931337	3.1784247e-16
8996.850525379183	2.994033e-16
8999.888425827028	2.8772674e-16
9002.926326274874	2.9562154e-16
9005.96422672272	2.9753263e-16
9009.002127170565	2.9880784e-16
9012.04002761841	3.138781e-16
9015.077928066255	3.0439532e-16
9018.115828514101	3.0096645e-16
9021.153728961946	3.2282575e-16
9024.191629409792	3.1389887e-16
9027.229529857637	3.0779324e-16
9030.267430305483	3.1175122e-16
9033.305330753328	3.054952e-16
9036.343231201174	2.9506356e-16
9039.38113164902	3.2874987e-16
9042.419032096865	3.3265747e-16
9045.45693254471	3.220632e-16
9048.494832992556	3.5021956e-16
9051.532733440401	3.468748e-16
9054.570633888246	3.3592496e-16
9057.608534336092	3.3877763e-16
9060.646434783937	3.418426e-16
9063.684335231783	3.340661e-16
9066.722235679628	3.1919711e-16
9069.760136127474	3.1549833e-16
9072.79803657532	3.2418844e-16
9075.835937023165	3.1499189e-16
9078.87383747101	3.0342028e-16
9081.911737918856	2.9798402e-16
9084.949638366701	2.7796797e-16
9087.987538814546	2.7824267e-16
9091.025439262392	2.9966885e-16
9094.063339710237	2.8093052e-16
9097.101240158083	2.9098448e-16
9100.139140605928	2.9412698e-16
9103.177041053774	2.7390835e-16
9106.21494150162	3.0289284e-16
9109.252841949465	2.986299e-16
9112.29074239731	3.0492403e-16
9115.328642845156	3.1490565e-16
9118.366543293001	2.990551e-16
9121.404443740847	2.9614088e-16
9124.442344188692	3.027661e-16
9127.480244636537	3.0057848e-16
9130.518145084383	2.9416983e-16
9133.556045532228	3.0507657e-16
9136.593945980074	3.046009e-16
9139.63184642792	2.889037e-16
9142.669746875765	2.7664612e-16
9145.70764732361	2.6601914e-16
9148.745547771456	2.636128e-16
9151.783448219301	2.8842629e-16
9154.821348667147	2.929462e-16
9157.859249114992	2.655963e-16
9160.897149562838	2.677705e-16
9163.935050010683	2.7881527e-16
9166.972950458528	2.789466e-16
9170.010850906374	2.6952236e-16
9173.04875135422	2.5697484e-16
9176.086651802065	2.765662e-16
9179.12455224991	2.7547634e-16
9182.162452697756	2.6017676e-16
9185.200353145601	2.7290687e-16
9188.238253593447	2.936661e-16
9191.276154041292	2.763609e-16
9194.314054489138	2.708386e-16
9197.351954936983	2.8708858e-16
9200.389855384828	2.837604e-16
9203.427755832674	2.8248694e-16
9206.46565628052	2.891054e-16
9209.503556728365	3.044781e-16
9212.54145717621	3.013394e-16
9215.579357624056	3.0198617e-16
9218.617258071901	2.884312e-16
9221.655158519747	2.9785932e-16
9224.693058967592	3.1647287e-16
9227.730959415438	2.9749984e-16
9230.768859863283	3.0156713e-16
9233.806760311129	2.955182e-16
9236.844660758974	2.7374781e-16
9239.88256120682	2.8624991e-16
9242.920461654665	2.8147964e-16
9245.95836210251	2.8562806e-16
9248.996262550356	2.786573e-16
9252.034162998201	2.6868812e-16
9255.072063446047	2.973428e-16
9258.109963893892	2.7573236e-16
9261.147864341738	2.5987791e-16
9264.185764789583	2.8274132e-16
9267.223665237429	2.6779127e-16
9270.261565685274	2.7647973e-16
9273.29946613312	3.0525127e-16
9276.337366580965	3.0581783e-16
9279.37526702881	2.601417e-16
9282.413167476656	2.7524153e-16
9285.451067924501	2.9231523e-16
9288.488968372347	2.6929605e-16
9291.526868820192	2.5019686e-16
9294.564769268038	2.5386372e-16
9297.602669715883	2.5505014e-16
9300.640570163729	2.564975e-16
9303.678470611574	2.5616434e-16
9306.71637105942	2.324732e-16
9309.754271507265	2.3183596e-16
9312.79217195511	2.3856484e-16
9315.830072402956	2.1807112e-16
9318.867972850801	2.1702799e-16
9321.905873298647	2.4325235e-16
9324.943773746492	2.2884157e-16
9327.981674194338	1.870415e-16
9331.019574642183	1.9285326e-16
9334.057475090029	1.6674463e-16
9337.095375537874	1.5519103e-16
9340.13327598572	1.8364237e-16
9343.171176433565	1.7970238e-16
9346.20907688141	1.6277988e-16
9349.246977329256	1.6140861e-16
9352.284877777101	1.4299209e-16
9355.322778224947	1.203266e-16
9358.360678672792	1.3699424e-16
9361.398579120638	1.2073679e-16
9364.436479568483	1.2839233e-16
9367.474380016329	1.6206197e-16
9370.512280464174	1.5592347e-16
9373.55018091202	1.644287e-16
9376.588081359865	1.6120378e-16
9379.62598180771	1.5225581e-16
9382.663882255556	1.6061322e-16
9385.701782703401	1.7723272e-16
9388.739683151247	2.1327302e-16
9391.777583599092	1.8653532e-16
9394.815484046938	1.2722711e-16
9397.853384494783	1.4725631e-16
9400.891284942629	1.7176294e-16
9403.929185390474	1.5410491e-16
9406.96708583832	1.3608314e-16
9410.004986286165	1.5222095e-16
9413.04288673401	1.9383114e-16
9416.080787181856	2.0895094e-16
9419.118687629702	2.060377e-16
9422.156588077547	2.1504938e-16
9425.194488525392	1.9938338e-16
9428.232388973238	1.7949123e-16
9431.270289421083	1.8320799e-16
9434.308189868929	2.114119e-16
9437.346090316774	1.9271209e-16
9440.38399076462	1.7967448e-16
9443.421891212465	1.7846113e-16
9446.45979166031	1.8644108e-16
9449.497692108156	1.6880845e-16
9452.535592556002	1.7863245e-16
9455.573493003847	1.8601886e-16
9458.611393451692	1.6126079e-16
9461.649293899538	1.5751357e-16
9464.687194347383	1.6905536e-16
9467.725094795229	1.6954444e-16
9470.762995243074	1.6441047e-16
9473.80089569092	1.6860995e-16
9476.838796138765	1.5469548e-16
9479.87669658661	1.5024572e-16
9482.914597034456	1.7872145e-16
9485.952497482302	1.811841e-16
9488.990397930147	1.8849895e-16
9492.028298377993	1.793788e-16
9495.066198825838	1.680566e-16
9498.104099273683	1.6374382e-16
9501.141999721529	1.7139315e-16
9504.179900169374	1.6883004e-16
9507.21780061722	1.5585475e-16
9510.255701065065	1.5810571e-16
9513.29360151291	1.7486457e-16
9516.331501960756	1.7454432e-16
9519.369402408602	1.657495e-16
9522.407302856447	1.750788e-16
9525.445203304293	1.8803754e-16
9528.483103752138	1.8492648e-16
9531.521004199984	1.6309412e-16
9534.558904647829	1.7329905e-16
9537.596805095674	1.8673759e-16
9540.63470554352	1.8231695e-16
9543.672605991365	1.7726567e-16
9546.71050643921	1.7583802e-16
9549.748406887056	1.799821e-16
9552.786307334902	1.6829879e-16
9555.824207782747	1.5444795e-16
9558.862108230593	1.5768934e-16
9561.900008678438	1.7278102e-16
9564.937909126284	1.7413338e-16
9567.975809574129	1.7787031e-16
9571.013710021974	1.9317664e-16
9574.05161046982	1.7977368e-16
9577.089510917665	1.7573648e-16
9580.12741136551	1.9560597e-16
9583.165311813356	1.8718769e-16
9586.203212261202	1.6801339e-16
9589.241112709047	1.8597118e-16
9592.279013156893	2.0652981e-16
9595.316913604738	1.8371141e-16
9598.354814052584	1.7441912e-16
9601.392714500429	1.8642451e-16
9604.430614948275	1.7326845e-16
9607.46851539612	1.6707296e-16
9610.506415843965	1.6653028e-16
9613.54431629181	1.7272806e-16
9616.582216739656	1.7471938e-16
9619.620117187502	1.6376805e-16
9622.658017635347	1.5921907e-16
9625.695918083193	1.7615585e-16
9628.733818531038	1.8704543e-16
9631.771718978884	1.6658225e-16
9634.80961942673	1.7201876e-16
9637.847519874575	1.7576471e-16
9640.88542032242	1.6150024e-16
9643.923320770265	1.5809703e-16
9646.961221218111	1.659143e-16
9649.999121665956	1.6393984e-16
9653.037022113802	1.6415591e-16
