3398.8000488281	3.617823e-16
3401.8546034084106	9.42508e-17
3404.909157988721	-3.2877081e-18
3407.9637125690315	4.092491e-16
3411.018267149342	1.720105e-16
3414.0728217296523	4.001841e-16
3417.127376309963	1.216419e-16
3420.1819308902736	4.021662e-16
3423.236485470584	3.5902894e-17
3426.2910400508945	4.3379172e-16
3429.345594631205	4.723137e-16
3432.4001492115153	4.652246e-16
3435.454703791826	1.0534955e-16
3438.5092583721366	2.3657227e-17
3441.563812952447	1.530631e-16
3444.6183675327575	3.436071e-16
3447.672922113068	2.433109e-16
3450.7274766933783	2.95132e-16
3453.782031273689	6.976617e-17
3456.8365858539996	8.3835576e-17
3459.89114043431	2.8955705e-16
3462.9456950146205	1.6245396e-16
3466.000249594931	3.6654324e-16
3469.0548041752413	4.5729424e-16
3472.109358755552	4.311816e-16
3475.1639133358626	3.1187155e-16
3478.218467916173	2.1652902e-16
3481.2730224964835	3.1793085e-16
3484.327577076794	7.837724e-17
3487.3821316571043	3.9967864e-16
3490.436686237415	5.0940413e-17
3493.4912408177256	2.7688776e-16
3496.545795398036	3.6596366e-16
3499.6003499783465	3.587571e-16
3502.654904558657	1.7466444e-16
3505.7094591389673	4.857915e-16
3508.764013719278	4.7128855e-16
3511.8185682995886	2.9156648e-16
3514.873122879899	2.220085e-16
3517.9276774602095	3.4981915e-16
3520.98223204052	3.2333873e-16
3524.0367866208303	1.5776844e-16
3527.091341201141	1.2175879e-16
3530.1458957814516	1.1174112e-16
3533.200450361762	1.2059745e-16
3536.2550049420724	1.7343824e-16
3539.309559522383	1.3670847e-16
3542.3641141026933	1.7779703e-16
3545.418668683004	2.0649446e-16
3548.4732232633146	5.2106787e-17
3551.527777843625	2.0515478e-16
3554.5823324239354	9.1226004e-17
3557.636887004246	2.3490571e-16
3560.6914415845563	2.6515956e-16
3563.745996164867	1.3432823e-16
3566.8005507451776	2.1569568e-16
3569.855105325488	1.1783361e-16
3572.9096599057984	1.475632e-16
3575.964214486109	2.9392012e-16
3579.0187690664193	1.8180707e-16
3582.07332364673	2.4186134e-16
3585.1278782270406	1.5558566e-16
3588.182432807351	2.4815307e-16
3591.2369873876614	1.8784721e-16
3594.291541967972	1.7266899e-16
3597.3460965482827	1.757631e-16
3600.400651128593	1.9470615e-16
3603.4552057089036	2.917595e-16
3606.509760289214	2.4310364e-16
3609.5643148695244	1.9575148e-16
3612.618869449835	1.501457e-16
3615.6734240301457	2.0722621e-16
3618.727978610456	2.923023e-16
3621.7825331907666	2.4132106e-16
3624.8370877710768	1.890429e-16
3627.8916423513874	2.0186418e-16
3630.946196931698	3.500363e-16
3634.0007515120087	1.5561594e-16
3637.055306092319	3.0085128e-16
3640.1098606726296	2.2180295e-16
3643.1644152529398	2.3827513e-16
3646.2189698332504	2.0315705e-16
3649.273524413561	2.9892404e-16
3652.3280789938717	2.8860048e-16
3655.382633574182	1.6207883e-16
3658.4371881544926	2.263273e-16
3661.4917427348028	1.7956418e-16
3664.5462973151134	1.7597173e-16
3667.600851895424	2.6346388e-16
3670.6554064757347	2.0710607e-16
3673.709961056045	1.9747583e-16
3676.7645156363556	2.1577872e-16
3679.8190702166658	2.2238562e-16
3682.8736247969764	2.1756278e-16
3685.928179377287	2.0897555e-16
3688.9827339575977	3.041321e-16
3692.037288537908	2.1791053e-16
3695.0918431182185	3.021799e-16
3698.1463976985287	3.3491164e-16
3701.2009522788394	2.2498243e-16
3704.25550685915	2.652136e-16
3707.3100614394607	1.857295e-16
3710.364616019771	2.476233e-16
3713.4191706000815	2.5239356e-16
3716.473725180392	2.1579623e-16
3719.5282797607024	2.3793198e-16
3722.582834341013	2.1139871e-16
3725.6373889213237	2.4784457e-16
3728.691943501634	2.0675182e-16
3731.7464980819445	2.6800117e-16
3734.801052662255	2.5516227e-16
3737.8556072425654	1.9110662e-16
3740.910161822876	2.478367e-16
3743.9647164031867	2.4469262e-16
3747.019270983497	2.2063628e-16
3750.0738255638075	1.4268471e-16
3753.128380144118	1.6849905e-16
3756.1829347244284	2.2553856e-16
3759.237489304739	1.905701e-16
3762.2920438850497	1.6448267e-16
3765.34659846536	1.6371584e-16
3768.4011530456705	1.605877e-16
3771.455707625981	1.8942766e-16
3774.5102622062914	1.6159058e-16
3777.564816786602	1.478407e-16
3780.6193713669127	1.4157927e-16
3783.673925947223	1.7385052e-16
3786.7284805275335	1.4278551e-16
3789.783035107844	8.807863e-17
3792.8375896881544	1.02826623e-16
3795.892144268465	6.984721e-17
3798.9466988487757	1.1775734e-16
3802.001253429086	8.90691e-17
3805.0558080093965	9.749827e-17
3808.110362589707	1.07048394e-16
3811.1649171700174	1.1872039e-16
3814.219471750328	1.4993862e-16
3817.2740263306387	1.0875753e-16
3820.328580910949	1.653979e-16
3823.3831354912595	1.374943e-16
3826.43769007157	1.361399e-16
3829.4922446518804	1.3275183e-16
3832.546799232191	1.4243039e-16
3835.6013538125017	1.0562468e-16
3838.655908392812	1.281014e-16
3841.7104629731225	1.0338741e-16
3844.765017553433	1.3347495e-16
3847.8195721337433	1.2319373e-16
3850.874126714054	1.2575938e-16
3853.9286812943647	1.2523417e-16
3856.983235874675	1.3077244e-16
3860.0377904549855	1.2802519e-16
3863.092345035296	1.2128008e-16
3866.1468996156063	1.661628e-16
3869.201454195917	1.4324902e-16
3872.2560087762276	1.3499188e-16
3875.310563356538	1.3483875e-16
3878.3651179368485	1.4601495e-16
3881.419672517159	1.6196863e-16
3884.4742270974693	1.4881895e-16
3887.52878167778	1.8728785e-16
3890.5833362580906	1.652057e-16
3893.637890838401	1.8173875e-16
3896.6924454187115	2.0810707e-16
3899.746999999022	2.1022741e-16
3902.8015545793323	2.1638109e-16
3905.856109159643	2.2608006e-16
3908.9106637399536	2.4350932e-16
3911.9652183202643	2.6743302e-16
3915.0197729005745	2.548675e-16
3918.074327480885	2.8718618e-16
3921.1288820611953	2.6969757e-16
3924.183436641506	2.4458563e-16
3927.2379912218166	2.6812828e-16
3930.2925458021273	2.6424177e-16
3933.3471003824375	2.9067516e-16
3936.401654962748	2.6564054e-16
3939.4562095430583	2.679479e-16
3942.510764123369	2.7496738e-16
3945.5653187036796	2.572668e-16
3948.6198732839903	2.635329e-16
3951.6744278643005	2.4207852e-16
3954.728982444611	2.8883194e-16
3957.7835370249213	3.038368e-16
3960.838091605232	2.9879685e-16
3963.8926461855426	3.1065436e-16
3966.9472007658533	2.9896954e-16
3970.0017553461635	2.949743e-16
3973.056309926474	3.353459e-16
3976.1108645067843	3.2877483e-16
3979.165419087095	3.640097e-16
3982.2199736674056	3.5861374e-16
3985.2745282477163	3.477299e-16
3988.3290828280265	3.6675052e-16
3991.383637408337	3.9777207e-16
3994.4381919886473	3.7411227e-16
3997.492746568958	4.040029e-16
4000.5473011492686	4.400556e-16
4003.6018557295793	4.2977546e-16
4006.6564103098895	4.2400272e-16
4009.7109648902	4.43511e-16
4012.7655194705103	4.2212078e-16
4015.820074050821	4.194178e-16
4018.8746286311316	4.175485e-16
4021.9291832114423	4.3213154e-16
4024.9837377917524	4.5186243e-16
4028.038292372063	4.5692965e-16
4031.0928469523733	4.653473e-16
4034.147401532684	4.691205e-16
4037.2019561129946	4.728383e-16
4040.2565106933052	4.5273477e-16
4043.3110652736154	4.422689e-16
4046.365619853926	4.4379444e-16
4049.4201744342363	4.448718e-16
4052.474729014547	4.5858946e-16
4055.5292835948576	4.264983e-16
4058.5838381751682	4.442281e-16
4061.6383927554784	4.5905385e-16
4064.692947335789	4.8675484e-16
4067.7475019160993	4.441367e-16
4070.80205649641	4.6789317e-16
4073.8566110767206	4.5008086e-16
4076.9111656570312	4.5014587e-16
4079.9657202373414	4.838559e-16
4083.020274817652	4.76925e-16
4086.0748293979623	4.9923704e-16
4089.129383978273	4.5407345e-16
4092.1839385585836	4.8379436e-16
4095.2384931388942	4.7894324e-16
4098.293047719205	4.6624357e-16
4101.347602299515	4.8163225e-16
4104.402156879825	4.478645e-16
4107.456711460136	4.455026e-16
4110.511266040447	4.3758474e-16
4113.565820620757	4.4131695e-16
4116.620375201068	4.622275e-16
4119.674929781378	4.4889713e-16
4122.729484361688	4.5300423e-16
4125.784038941999	4.635792e-16
4128.83859352231	4.8447394e-16
4131.89314810262	4.626316e-16
4134.947702682931	4.758224e-16
4138.002257263241	4.792482e-16
4141.056811843551	4.659687e-16
4144.111366423862	4.7640627e-16
4147.165921004173	4.662492e-16
4150.220475584483	4.6390136e-16
4153.275030164794	4.4806645e-16
4156.3295847451045	4.331592e-16
4159.384139325414	4.439037e-16
4162.438693905725	4.370895e-16
4165.493248486036	4.3436728e-16
4168.547803066346	4.544226e-16
4171.602357646657	4.342644e-16
4174.656912226967	4.3966876e-16
4177.711466807277	4.0957346e-16
4180.766021387588	3.9615403e-16
4183.820575967899	3.9471285e-16
4186.875130548209	4.0648137e-16
4189.92968512852	3.7282605e-16
4192.9842397088305	3.4381986e-16
4196.03879428914	3.8652347e-16
4199.093348869451	3.5884366e-16
4202.1479034497615	3.585389e-16
4205.202458030072	3.4980137e-16
4208.257012610383	3.5488584e-16
4211.311567190693	3.5136806e-16
4214.366121771003	3.7677124e-16
4217.420676351314	3.4719558e-16
4220.4752309316245	3.716156e-16
4223.529785511935	3.4510788e-16
4226.584340092246	3.7062596e-16
4229.6388946725565	3.6947739e-16
4232.693449252866	3.9793163e-16
4235.748003833177	3.821577e-16
4238.8025584134875	3.808287e-16
4241.857112993798	3.841986e-16
4244.911667574109	3.908527e-16
4247.966222154419	3.9364459e-16
4251.020776734729	3.940708e-16
4254.07533131504	4.187965e-16
4257.1298858953505	4.2694397e-16
4260.184440475661	4.3483395e-16
4263.238995055972	4.1724044e-16
4266.2935496362825	4.2488242e-16
4269.348104216592	4.366615e-16
4272.402658796903	4.1855005e-16
4275.4572133772135	4.1701216e-16
4278.511767957524	4.0572698e-16
4281.566322537835	4.154246e-16
4284.620877118145	4.3546652e-16
4287.675431698455	4.1887195e-16
4290.729986278766	4.259898e-16
4293.7845408590765	4.2840436e-16
4296.839095439387	4.1995417e-16
4299.893650019698	4.05956e-16
4302.9482046000085	4.1441283e-16
4306.002759180318	4.6829667e-16
4309.057313760629	4.1654597e-16
4312.1118683409395	4.451288e-16
4315.16642292125	4.3364717e-16
4318.220977501561	4.131623e-16
4321.275532081871	4.009251e-16
4324.330086662181	3.8649362e-16
4327.384641242492	3.7755935e-16
4330.4391958228025	3.6687946e-16
4333.493750403113	3.6325818e-16
4336.548304983424	3.892864e-16
4339.6028595637345	3.8504185e-16
4342.657414144044	4.01013e-16
4345.711968724355	3.9999627e-16
4348.7665233046655	3.75404e-16
4351.821077884976	3.6854695e-16
4354.875632465287	3.7886254e-16
4357.9301870455965	3.8696158e-16
4360.984741625907	3.6571336e-16
4364.039296206218	3.6289443e-16
4367.0938507865285	3.6242263e-16
4370.148405366839	3.4302828e-16
4373.20295994715	3.1013428e-16
4376.25751452746	3.1030766e-16
4379.31206910777	3.1432464e-16
4382.366623688081	2.972181e-16
4385.4211782683915	3.0337936e-16
4388.475732848702	2.9594542e-16
4391.530287429013	2.9747564e-16
4394.5848420093225	2.9625298e-16
4397.639396589633	3.094157e-16
4400.693951169944	3.216147e-16
4403.7485057502545	3.2228786e-16
4406.803060330565	3.5542236e-16
4409.857614910876	3.590897e-16
4412.912169491186	3.6875632e-16
4415.966724071496	3.8043008e-16
4419.021278651807	3.4724317e-16
4422.0758332321175	3.489431e-16
4425.130387812428	3.7998147e-16
4428.184942392739	3.7014352e-16
4431.2394969730485	3.62331e-16
4434.294051553359	3.8717696e-16
4437.34860613367	3.831507e-16
4440.4031607139805	4.0628465e-16
4443.457715294291	4.0390184e-16
4446.512269874602	3.9548773e-16
4449.566824454912	4.048744e-16
4452.621379035223	4.0489385e-16
4455.675933615533	4.1863463e-16
4458.7304881958435	4.1685424e-16
4461.785042776154	4.2185348e-16
4464.839597356465	4.1511812e-16
4467.8941519367745	3.9906073e-16
4470.948706517085	4.2381362e-16
4474.003261097396	4.472944e-16
4477.0578156777065	4.3567754e-16
4480.112370258017	4.461872e-16
4483.166924838328	4.486995e-16
4486.221479418638	4.2846807e-16
4489.276033998949	4.5527566e-16
4492.330588579259	4.6497704e-16
4495.385143159569	4.5152965e-16
4498.43969773988	5.0170725e-16
4501.494252320191	4.7880374e-16
4504.5488069005005	4.918086e-16
4507.603361480811	4.964727e-16
4510.657916061122	4.880228e-16
4513.712470641432	4.880624e-16
4516.767025221743	4.968351e-16
4519.821579802054	5.11444e-16
4522.876134382364	5.3272994e-16
4525.930688962675	5.204661e-16
4528.985243542985	5.269783e-16
4532.039798123295	5.5235834e-16
4535.094352703606	5.558995e-16
4538.148907283917	5.7128487e-16
4541.2034618642265	5.6820823e-16
4544.258016444537	5.527093e-16
4547.312571024848	5.4627495e-16
4550.367125605158	5.575922e-16
4553.421680185469	5.692291e-16
4556.47623476578	5.4564306e-16
4559.53078934609	5.850753e-16
4562.585343926401	5.979577e-16
4565.639898506711	5.9499194e-16
4568.694453087021	6.1230307e-16
4571.749007667332	6.3906677e-16
4574.803562247643	6.3503235e-16
4577.8581168279525	6.1452473e-16
4580.912671408263	6.0956265e-16
4583.967225988574	6.1792287e-16
4587.021780568884	6.1643013e-16
4590.076335149195	6.002664e-16
4593.130889729506	6.2712795e-16
4596.185444309816	6.0246886e-16
4599.239998890127	6.269761e-16
4602.294553470437	6.2667627e-16
4605.349108050747	6.106734e-16
4608.403662631058	6.224431e-16
4611.458217211369	6.338275e-16
4614.5127717916785	6.2973946e-16
4617.567326371989	6.115774e-16
4620.6218809523	6.216917e-16
4623.67643553261	6.095158e-16
4626.730990112921	5.9111984e-16
4629.785544693232	6.0462863e-16
4632.840099273542	5.8436856e-16
4635.894653853853	5.8732036e-16
4638.949208434163	5.825219e-16
4642.003763014473	5.74163e-16
4645.058317594784	5.7962073e-16
4648.112872175095	5.786564e-16
4651.167426755405	5.6859093e-16
4654.221981335715	5.5268185e-16
4657.276535916026	5.551656e-16
4660.331090496336	5.402021e-16
4663.385645076647	5.189668e-16
4666.440199656958	5.2345863e-16
4669.494754237268	5.129172e-16
4672.549308817579	4.98857e-16
4675.603863397889	5.047361e-16
4678.658417978199	4.74387e-16
4681.71297255851	4.653326e-16
4684.767527138821	4.518688e-16
4687.822081719131	4.1646768e-16
4690.876636299441	3.934397e-16
4693.931190879752	3.8218884e-16
4696.985745460062	3.9667564e-16
4700.040300040373	3.698108e-16
4703.094854620684	3.5821976e-16
4706.149409200994	3.64586e-16
4709.203963781305	3.6380412e-16
4712.258518361615	3.822172e-16
4715.313072941925	3.931387e-16
4718.367627522236	4.053967e-16
4721.422182102547	4.093391e-16
4724.476736682857	4.0215875e-16
4727.531291263167	4.4456657e-16
4730.585845843478	4.575765e-16
4733.640400423788	4.792977e-16
4736.694955004099	4.871806e-16
4739.74950958441	5.1202385e-16
4742.80406416472	5.076819e-16
4745.858618745031	5.0751085e-16
4748.913173325341	5.3686293e-16
4751.967727905651	5.5268635e-16
4755.022282485962	5.681968e-16
4758.076837066273	5.663616e-16
4761.131391646583	5.884714e-16
4764.185946226893	6.244687e-16
4767.240500807204	6.137335e-16
4770.295055387514	6.086479e-16
4773.349609967825	6.0945386e-16
4776.404164548136	6.1050736e-16
4779.458719128446	6.1445623e-16
4782.513273708757	5.8287693e-16
4785.567828289067	5.7957626e-16
4788.622382869377	5.999496e-16
4791.676937449688	5.872866e-16
4794.731492029999	5.8322867e-16
4797.786046610309	5.7105225e-16
4800.840601190619	5.4175105e-16
4803.89515577093	5.4901743e-16
4806.94971035124	5.644964e-16
4810.004264931551	5.6428583e-16
4813.058819511862	5.63355e-16
4816.113374092172	5.703902e-16
4819.167928672483	5.577534e-16
4822.222483252793	5.660632e-16
4825.277037833103	5.7578886e-16
4828.331592413414	5.465334e-16
4831.386146993725	5.7200056e-16
4834.440701574035	5.7976123e-16
4837.495256154345	5.8419984e-16
4840.549810734656	5.772858e-16
4843.604365314966	5.945627e-16
4846.658919895277	5.9487484e-16
4849.713474475588	6.190454e-16
4852.768029055898	6.1696016e-16
4855.822583636209	6.1038825e-16
4858.87713821652	5.987893e-16
4861.931692796829	5.7799014e-16
4864.98624737714	5.775698e-16
4868.040801957451	5.4896475e-16
4871.095356537761	5.1233465e-16
4874.149911118071	4.9272235e-16
4877.204465698382	4.8063333e-16
4880.259020278692	4.4511497e-16
4883.313574859003	4.6814807e-16
4886.368129439314	4.6016494e-16
4889.422684019624	4.2918852e-16
4892.477238599935	4.2579158e-16
4895.531793180246	4.2445679e-16
4898.586347760555	4.1592687e-16
4901.640902340866	4.0820455e-16
4904.695456921177	4.141321e-16
4907.750011501487	4.1613257e-16
4910.804566081797	4.0606002e-16
4913.859120662108	4.1698458e-16
4916.913675242418	4.1722312e-16
4919.968229822729	4.3134933e-16
4923.02278440304	4.529335e-16
4926.07733898335	4.5815753e-16
4929.131893563661	4.5929827e-16
4932.186448143972	4.67081e-16
4935.241002724281	4.952119e-16
4938.295557304592	5.268984e-16
4941.350111884903	5.2404637e-16
4944.404666465213	5.3462867e-16
4947.459221045523	5.6136616e-16
4950.513775625834	5.882687e-16
4953.568330206144	6.042423e-16
4956.622884786455	6.17899e-16
4959.677439366766	6.3270037e-16
4962.731993947076	6.5304673e-16
4965.786548527387	6.7097884e-16
4968.841103107698	6.7416316e-16
4971.895657688007	6.6607886e-16
4974.950212268318	6.8906395e-16
4978.004766848629	7.051353e-16
4981.059321428939	7.3337685e-16
4984.113876009249	7.2668217e-16
4987.16843058956	7.404177e-16
4990.22298516987	7.2973556e-16
4993.277539750181	7.15908e-16
4996.332094330492	7.435795e-16
4999.386648910802	7.4875987e-16
5002.441203491113	7.646887e-16
5005.495758071424	7.7538926e-16
5008.550312651733	7.529169e-16
5011.604867232044	7.5455357e-16
5014.659421812355	7.5540256e-16
5017.713976392665	7.61859e-16
5020.768530972975	7.7729995e-16
5023.823085553286	7.833557e-16
5026.877640133596	7.7216625e-16
5029.932194713907	7.760129e-16
5032.986749294218	7.904249e-16
5036.041303874528	7.525409e-16
5039.095858454839	7.651546e-16
5042.1504130351495	7.5917456e-16
5045.204967615459	7.487614e-16
5048.25952219577	7.3655264e-16
5051.314076776081	7.3172826e-16
5054.368631356391	7.30811e-16
5057.423185936701	7.1745205e-16
5060.477740517012	7.069159e-16
5063.532295097322	7.098709e-16
5066.586849677633	6.696705e-16
5069.641404257944	6.672482e-16
5072.695958838254	6.713905e-16
5075.750513418565	6.567885e-16
5078.8050679988755	6.4744234e-16
5081.859622579185	6.409685e-16
5084.914177159496	6.260879e-16
5087.968731739807	6.231204e-16
5091.023286320117	6.3209145e-16
5094.077840900428	6.2358767e-16
5097.132395480738	6.3015985e-16
5100.186950061048	5.978331e-16
5103.241504641359	6.028284e-16
5106.29605922167	5.9211303e-16
5109.35061380198	6.0342574e-16
5112.405168382291	6.140906e-16
5115.4597229626015	6.007342e-16
5118.514277542911	5.9995243e-16
5121.568832123222	6.046156e-16
5124.623386703533	6.0857126e-16
5127.677941283843	6.1610974e-16
5130.732495864154	6.214038e-16
5133.787050444464	6.100491e-16
5136.841605024774	6.1524535e-16
5139.896159605085	6.1527097e-16
5142.950714185396	6.076918e-16
5146.005268765706	5.98528e-16
5149.059823346017	6.0235425e-16
5152.1143779263275	6.2197883e-16
5155.168932506637	5.9814253e-16
5158.223487086948	6.063044e-16
5161.278041667259	6.18334e-16
5164.332596247569	6.072889e-16
5167.38715082788	6.0547556e-16
5170.44170540819	6.190426e-16
5173.4962599885	6.202081e-16
5176.550814568811	6.240281e-16
5179.6053691491215	6.287283e-16
5182.659923729432	6.0174205e-16
5185.714478309743	6.109746e-16
5188.7690328900535	6.0580945e-16
5191.823587470363	6.122226e-16
5194.878142050674	6.4362047e-16
5197.9326966309845	6.3980035e-16
5200.987251211295	6.3858153e-16
5204.041805791606	6.53359e-16
5207.096360371916	6.4430186e-16
5210.150914952226	6.579192e-16
5213.205469532537	6.666684e-16
5216.2600241128475	6.307132e-16
5219.314578693158	6.515332e-16
5222.369133273469	6.552117e-16
5225.4236878537795	6.694582e-16
5228.478242434089	6.7942355e-16
5231.5327970144	6.6375884e-16
5234.5873515947105	6.5834683e-16
5237.641906175021	6.7352995e-16
5240.696460755332	6.7788777e-16
5243.751015335642	6.5397757e-16
5246.805569915952	6.633005e-16
5249.860124496263	6.518649e-16
5252.9146790765735	6.6536005e-16
5255.969233656884	6.6494003e-16
5259.023788237195	6.485851e-16
5262.0783428175055	6.678992e-16
5265.132897397815	6.7780916e-16
5268.187451978126	6.741816e-16
5271.2420065584365	6.825168e-16
5274.296561138747	6.8101205e-16
5277.351115719058	6.896962e-16
5280.405670299368	6.943775e-16
5283.460224879678	6.877375e-16
5286.514779459989	6.896174e-16
5289.5693340402995	7.023377e-16
5292.62388862061	7.1030965e-16
5295.678443200921	7.0563086e-16
5298.7329977812315	6.931425e-16
5301.787552361542	6.929771e-16
5304.842106941852	7.01709e-16
5307.8966615221625	7.095162e-16
5310.951216102473	7.148047e-16
5314.005770682784	7.215248e-16
5317.060325263094	7.1965465e-16
5320.114879843404	7.132257e-16
5323.169434423715	7.208988e-16
5326.2239890040255	7.3594415e-16
5329.278543584336	7.422035e-16
5332.333098164647	7.2961555e-16
5335.387652744957	7.428271e-16
5338.442207325268	7.474137e-16
5341.496761905578	7.2408527e-16
5344.5513164858885	7.3930677e-16
5347.605871066199	7.6370095e-16
5350.66042564651	7.618116e-16
5353.7149802268195	7.6946913e-16
5356.76953480713	7.7144786e-16
5359.824089387441	7.696367e-16
5362.8786439677515	7.644363e-16
5365.933198548062	7.5898313e-16
5368.987753128373	7.671318e-16
5372.042307708683	7.794696e-16
5375.096862288994	7.770584e-16
5378.151416869304	7.7984767e-16
5381.2059714496145	7.7246975e-16
5384.260526029925	7.7122736e-16
5387.315080610236	7.663328e-16
5390.3696351905455	7.737937e-16
5393.424189770856	7.722388e-16
5396.478744351167	7.5738414e-16
5399.5332989314775	7.5439645e-16
5402.587853511788	7.445144e-16
5405.642408092099	7.392373e-16
5408.696962672409	7.6004277e-16
5411.75151725272	7.7745957e-16
5414.80607183303	7.713288e-16
5417.8606264133405	7.702392e-16
5420.915180993651	7.7155194e-16
5423.969735573962	7.7243814e-16
5427.0242901542715	7.9020715e-16
5430.078844734582	7.8278455e-16
5433.133399314893	7.846498e-16
5436.1879538952035	7.9462617e-16
5439.242508475514	8.042491e-16
5442.297063055825	7.9572276e-16
5445.351617636135	7.9238206e-16
5448.406172216446	8.071665e-16
5451.460726796757	8.1741295e-16
5454.5152813770665	8.3266875e-16
5457.569835957377	8.638674e-16
5460.624390537688	8.7278915e-16
5463.6789451179975	8.6641094e-16
5466.733499698308	8.7344534e-16
5469.788054278619	8.796506e-16
5472.842608858929	8.996926e-16
5475.89716343924	9.151547e-16
5478.951718019551	9.05978e-16
5482.006272599861	9.188888e-16
5485.060827180172	9.247295e-16
5488.115381760483	9.30499e-16
5491.169936340792	9.267675e-16
5494.224490921103	9.230279e-16
5497.279045501414	9.165415e-16
5500.3336000817235	9.033995e-16
5503.388154662034	9.218313e-16
5506.442709242345	9.319061e-16
5509.497263822655	9.028954e-16
5512.551818402966	8.896289e-16
5515.606372983277	8.845652e-16
5518.660927563587	8.7984234e-16
5521.715482143898	8.7848037e-16
5524.770036724209	8.807098e-16
5527.824591304518	8.872041e-16
5530.879145884829	8.680069e-16
5533.93370046514	8.959394e-16
5536.9882550454495	8.924414e-16
5540.04280962576	8.943067e-16
5543.097364206071	8.952677e-16
5546.151918786381	8.831441e-16
5549.206473366692	8.710372e-16
5552.261027947003	8.5391747e-16
5555.315582527313	8.6374687e-16
5558.370137107624	8.6313547e-16
5561.424691687935	8.6241454e-16
5564.479246268244	8.596346e-16
5567.533800848555	8.69243e-16
5570.588355428866	8.54778e-16
5573.6429100091755	8.324935e-16
5576.697464589486	8.570742e-16
5579.752019169797	8.5125313e-16
5582.806573750107	8.2417153e-16
5585.861128330418	8.402038e-16
5588.915682910729	8.5859717e-16
5591.970237491039	8.665899e-16
5595.02479207135	8.810782e-16
5598.079346651661	8.880988e-16
5601.13390123197	8.959175e-16
5604.188455812281	8.974779e-16
5607.243010392592	9.022086e-16
5610.2975649729015	9.167371e-16
5613.352119553212	9.205019e-16
5616.406674133523	9.117134e-16
5619.461228713833	9.090157e-16
5622.515783294144	9.127974e-16
5625.570337874455	9.138237e-16
5628.624892454765	9.122888e-16
5631.679447035076	9.18524e-16
5634.734001615387	9.285601e-16
5637.788556195696	9.417286e-16
5640.843110776007	9.437886e-16
5643.897665356318	9.26155e-16
5646.952219936627	9.147337e-16
5650.006774516938	9.216342e-16
5653.061329097249	9.12794e-16
5656.115883677559	9.185511e-16
5659.17043825787	9.070372e-16
5662.224992838181	8.897461e-16
5665.279547418491	8.8224617e-16
5668.334101998802	8.8374796e-16
5671.388656579113	8.8786534e-16
5674.443211159422	8.788435e-16
5677.497765739733	8.564554e-16
5680.552320320044	8.262588e-16
5683.606874900353	8.016937e-16
5686.661429480664	7.9158236e-16
5689.715984060975	7.595783e-16
5692.770538641285	7.146311e-16
5695.825093221596	6.923548e-16
5698.879647801907	6.5921647e-16
5701.934202382217	6.404814e-16
5704.988756962528	6.094338e-16
5708.043311542839	5.8687355e-16
5711.097866123148	5.61975e-16
5714.152420703459	5.2142787e-16
5717.20697528377	5.0072056e-16
5720.261529864079	4.8838903e-16
5723.31608444439	4.5542436e-16
5726.370639024701	4.5216943e-16
5729.425193605011	4.498447e-16
5732.479748185322	4.2468316e-16
5735.534302765633	4.2634398e-16
5738.588857345943	4.3512075e-16
5741.643411926254	4.1662785e-16
5744.697966506565	4.271857e-16
5747.752521086874	4.337996e-16
5750.807075667185	4.1516542e-16
5753.861630247496	4.3242152e-16
5756.916184827805	4.4099103e-16
5759.970739408116	4.4036237e-16
5763.025293988427	4.5605747e-16
5766.079848568737	4.644092e-16
5769.134403149048	4.790987e-16
5772.188957729359	5.123455e-16
5775.243512309669	5.237664e-16
5778.29806688998	5.2805463e-16
5781.352621470291	5.6090765e-16
5784.4071760506	5.98692e-16
5787.461730630911	6.111673e-16
5790.516285211222	6.280705e-16
5793.570839791531	6.4769274e-16
5796.625394371842	6.687175e-16
5799.679948952153	6.9741834e-16
5802.734503532463	7.274928e-16
5805.789058112774	7.3851114e-16
5808.843612693085	7.509597e-16
5811.898167273395	7.889145e-16
5814.952721853706	8.113667e-16
5818.007276434017	8.30359e-16
5821.061831014326	8.546499e-16
5824.116385594637	8.752404e-16
5827.170940174948	8.977308e-16
5830.225494755257	9.140472e-16
5833.280049335568	9.191325e-16
5836.334603915879	9.298383e-16
5839.389158496189	9.553844e-16
5842.4437130765	9.725417e-16
5845.498267656811	9.891947e-16
5848.552822237121	9.965844e-16
5851.607376817432	9.949597e-16
5854.661931397743	1.0216914e-15
5857.716485978053	1.0586466e-15
5860.771040558363	1.0428045e-15
5863.825595138674	1.0444653e-15
5866.880149718984	1.0920271e-15
5869.934704299294	1.0744952e-15
5872.989258879605	1.0716311e-15
5876.043813459915	1.0882432e-15
5879.098368040226	1.0813991e-15
5882.152922620537	1.1070869e-15
5885.207477200847	1.1162461e-15
5888.262031781158	1.0909731e-15
5891.316586361469	1.0796793e-15
5894.371140941779	1.0972554e-15
5897.425695522089	1.1218289e-15
5900.4802501024	1.1318999e-15
5903.53480468271	1.1149558e-15
5906.58935926302	1.0958316e-15
5909.643913843331	1.124358e-15
5912.698468423641	1.1367325e-15
5915.753023003952	1.1328139e-15
5918.807577584263	1.1225582e-15
5921.862132164573	1.1161853e-15
5924.916686744884	1.1102713e-15
5927.971241325195	1.0995616e-15
5931.025795905505	1.1136283e-15
5934.080350485815	1.1110571e-15
5937.134905066126	1.0971459e-15
5940.189459646436	1.0920491e-15
5943.244014226746	1.0961974e-15
5946.298568807057	1.1068074e-15
5949.353123387367	1.1096307e-15
5952.407677967678	1.0911987e-15
5955.462232547989	1.0847335e-15
5958.516787128299	1.064392e-15
5961.57134170861	1.0823339e-15
5964.625896288921	1.0893411e-15
5967.680450869231	1.0719298e-15
5970.735005449541	1.0918259e-15
5973.789560029852	1.1036507e-15
5976.844114610162	1.0677659e-15
5979.898669190472	1.052097e-15
5982.953223770783	1.0625789e-15
5986.007778351093	1.0586902e-15
5989.062332931404	1.0487829e-15
5992.116887511715	1.0531021e-15
5995.171442092025	1.0406607e-15
5998.225996672336	1.0091862e-15
6001.280551252647	1.0345538e-15
6004.335105832957	1.0200494e-15
6007.389660413267	9.948774e-16
6010.444214993578	1.0052581e-15
6013.498769573888	1.0089182e-15
6016.553324154198	9.838523e-16
6019.607878734509	9.651485e-16
6022.662433314819	9.650046e-16
6025.71698789513	9.72376e-16
6028.771542475441	9.574149e-16
6031.826097055751	9.476579e-16
6034.880651636062	9.450366e-16
6037.9352062163725	9.22408e-16
6040.989760796683	9.024066e-16
6044.044315376993	8.8756e-16
6047.098869957304	8.901588e-16
6050.153424537614	8.957583e-16
6053.207979117924	8.955513e-16
6056.262533698235	8.820208e-16
6059.317088278545	8.664785e-16
6062.371642858856	8.6506527e-16
6065.426197439167	8.602419e-16
6068.480752019477	8.4288196e-16
6071.535306599788	8.383827e-16
6074.5898611800985	8.3048547e-16
6077.644415760409	8.1732517e-16
6080.698970340719	8.170875e-16
6083.75352492103	8.0907147e-16
6086.80807950134	8.135365e-16
6089.86263408165	8.1746123e-16
6092.917188661961	8.084527e-16
6095.971743242271	7.994837e-16
6099.026297822582	7.927137e-16
6102.080852402893	7.770675e-16
6105.135406983203	7.7613973e-16
6108.189961563514	7.654012e-16
6111.2445161438245	7.6953277e-16
6114.299070724135	7.4358037e-16
6117.353625304445	7.4325574e-16
6120.408179884756	7.6289526e-16
6123.462734465066	7.4520333e-16
6126.517289045376	7.351056e-16
6129.571843625687	7.511645e-16
6132.626398205997	7.5980285e-16
6135.680952786308	7.557326e-16
6138.735507366619	7.5586727e-16
6141.790061946929	7.563319e-16
6144.84461652724	7.500217e-16
6147.8991711075505	7.4344283e-16
6150.953725687861	7.5670737e-16
6154.008280268171	7.401093e-16
6157.0628348484815	7.4591617e-16
6160.117389428792	7.538497e-16
6163.171944009102	7.507267e-16
6166.226498589413	7.5604043e-16
6169.281053169723	7.4603073e-16
6172.335607750034	7.539726e-16
6175.3901623303445	7.6015373e-16
6178.444716910655	7.5974514e-16
6181.499271490966	7.5067384e-16
6184.5538260712765	7.4699576e-16
6187.608380651587	7.5312346e-16
6190.662935231897	7.5493844e-16
6193.7174898122075	7.454193e-16
6196.772044392518	7.4815085e-16
6199.826598972828	7.573495e-16
6202.881153553139	7.6247767e-16
6205.935708133449	7.558851e-16
6208.99026271376	7.4949975e-16
6212.0448172940705	7.5259894e-16
6215.099371874381	7.3979455e-16
6218.153926454692	7.406211e-16
6221.2084810350025	7.4698173e-16
6224.263035615313	7.4161663e-16
6227.317590195623	7.3623405e-16
6230.3721447759335	7.2309943e-16
6233.426699356244	6.889278e-16
6236.481253936554	6.827836e-16
6239.535808516865	6.827474e-16
6242.590363097175	6.595909e-16
6245.644917677486	6.3439517e-16
6248.6994722577965	6.2326315e-16
6251.754026838107	6.0400236e-16
6254.808581418418	5.7801e-16
6257.8631359987285	5.596321e-16
6260.917690579039	5.2789237e-16
6263.972245159349	5.2268243e-16
6267.0267997396595	5.0776343e-16
6270.08135431997	4.6573016e-16
6273.13590890028	4.4179698e-16
6276.190463480591	4.2498618e-16
6279.245018060901	3.8734478e-16
6282.299572641212	3.6425704e-16
6285.3541272215225	3.5029257e-16
6288.408681801833	3.297371e-16
6291.463236382144	3.1551517e-16
6294.5177909624545	3.067166e-16
6297.572345542765	2.7534744e-16
6300.626900123075	2.6714503e-16
6303.6814547033855	2.5722384e-16
6306.736009283696	2.3778232e-16
6309.790563864007	2.2696041e-16
6312.8451184443165	2.2138815e-16
6315.899673024627	2.1134205e-16
6318.954227604938	2.1645862e-16
6322.0087821852485	1.9996408e-16
6325.063336765559	1.9301276e-16
6328.11789134587	1.9296549e-16
6331.17244592618	1.8939281e-16
6334.227000506491	1.9079317e-16
6337.281555086802	1.9827363e-16
6340.3361096671115	1.9647559e-16
6343.390664247422	2.0202404e-16
6346.445218827733	2.0729374e-16
6349.4997734080425	2.1839016e-16
6352.554327988353	2.2371877e-16
6355.608882568664	2.323241e-16
6358.6634371489745	2.495076e-16
6361.717991729285	2.6892317e-16
6364.772546309596	3.024852e-16
6367.827100889906	3.2552207e-16
6370.881655470217	3.6446782e-16
6373.936210050528	4.1210848e-16
6376.9907646308375	4.3221132e-16
6380.045319211148	4.631838e-16
6383.099873791459	4.9483855e-16
6386.1544283717685	5.1302843e-16
6389.208982952079	5.613872e-16
6392.26353753239	5.9305954e-16
6395.3180921127005	6.07288e-16
6398.372646693011	6.3973894e-16
6401.427201273322	6.463502e-16
6404.481755853632	6.77152e-16
6407.536310433943	6.906911e-16
6410.590865014254	6.9713395e-16
6413.6454195945635	7.2386075e-16
6416.699974174874	7.534396e-16
6419.754528755185	7.605523e-16
6422.8090833354945	7.8979475e-16
6425.863637915805	8.052172e-16
6428.918192496116	8.0248786e-16
6431.9727470764265	8.2094063e-16
6435.027301656737	8.438982e-16
6438.081856237048	8.3451714e-16
6441.136410817358	8.3300936e-16
6444.190965397669	8.585607e-16
6447.24551997798	8.623694e-16
6450.300074558289	8.587036e-16
6453.3546291386	8.5919666e-16
6456.409183718911	8.5580726e-16
6459.4637382992205	8.5416136e-16
6462.518292879531	8.548939e-16
6465.572847459842	8.4145074e-16
6468.627402040152	8.337847e-16
6471.681956620463	8.5265444e-16
6474.736511200774	8.509703e-16
6477.791065781084	8.1925164e-16
6480.845620361395	8.073039e-16
6483.900174941706	8.0370097e-16
6486.954729522015	7.9956686e-16
6490.009284102326	7.807107e-16
6493.063838682637	7.632467e-16
6496.1183932629465	7.690225e-16
6499.172947843257	7.772325e-16
6502.227502423568	7.635328e-16
6505.282057003878	7.5267147e-16
6508.336611584189	7.2701383e-16
6511.3911661645	7.1669935e-16
6514.44572074481	7.223862e-16
6517.500275325121	7.24852e-16
6520.554829905432	7.208426e-16
6523.609384485741	7.1779446e-16
6526.663939066052	7.071622e-16
6529.718493646363	7.1847505e-16
6532.7730482266725	7.1994974e-16
6535.827602806983	7.0625946e-16
6538.882157387294	6.950852e-16
6541.936711967604	6.997249e-16
6544.991266547915	6.998204e-16
6548.045821128226	6.9875644e-16
6551.100375708536	6.92898e-16
6554.154930288847	7.185318e-16
6557.209484869158	7.5012846e-16
6560.264039449467	7.469883e-16
6563.318594029778	7.480244e-16
6566.373148610089	7.733759e-16
6569.4277031903985	8.0377995e-16
6572.482257770709	8.280717e-16
6575.53681235102	8.4185736e-16
6578.59136693133	8.472875e-16
6581.645921511641	8.583708e-16
6584.700476091952	8.700303e-16
6587.755030672262	8.7238734e-16
6590.809585252573	8.8443067e-16
6593.864139832884	8.964078e-16
6596.918694413193	9.002872e-16
6599.973248993504	9.045224e-16
6603.027803573815	9.167279e-16
6606.082358154124	9.428787e-16
6609.136912734435	9.308927e-16
6612.191467314746	9.490964e-16
6615.246021895056	9.55632e-16
6618.300576475367	9.47766e-16
6621.355131055678	9.763222e-16
6624.409685635988	9.847513e-16
6627.464240216299	9.665756e-16
6630.51879479661	9.781788e-16
6633.573349376919	1.0082803e-15
6636.62790395723	1.0137706e-15
6639.682458537541	9.957823e-16
6642.73701311785	9.9094e-16
6645.791567698161	1.0068708e-15
6648.846122278472	1.0221896e-15
6651.900676858782	1.0296751e-15
6654.955231439093	1.0246764e-15
6658.009786019404	1.0229182e-15
6661.064340599714	1.0276631e-15
6664.118895180025	1.038505e-15
6667.173449760336	1.0446186e-15
6670.228004340645	1.059933e-15
6673.282558920956	1.0566679e-15
6676.337113501267	1.0597081e-15
6679.391668081576	1.0603108e-15
6682.446222661887	1.047171e-15
6685.500777242198	1.0683258e-15
6688.555331822508	1.0755993e-15
6691.609886402819	1.0641885e-15
6694.66444098313	1.0774766e-15
6697.71899556344	1.0853709e-15
6700.773550143751	1.0637548e-15
6703.828104724062	1.069712e-15
6706.882659304371	1.0653166e-15
6709.937213884682	1.059724e-15
6712.991768464993	1.041023e-15
6716.046323045302	1.0251254e-15
6719.100877625613	1.0351715e-15
6722.155432205924	1.042688e-15
6725.209986786234	1.0315525e-15
6728.264541366545	1.0439976e-15
6731.319095946856	1.0446129e-15
6734.373650527166	1.0374993e-15
6737.428205107477	1.0334589e-15
6740.482759687788	1.0312703e-15
6743.537314268097	1.0498052e-15
6746.591868848408	1.0079548e-15
6749.646423428719	1.0019294e-15
6752.700978009029	1.0126494e-15
6755.755532589339	1.0110537e-15
6758.81008716965	1.0186919e-15
6761.86464174996	1.0229094e-15
6764.919196330271	1.0029182e-15
6767.973750910582	1.0009624e-15
6771.028305490892	1.0016664e-15
6774.082860071203	9.974533e-16
6777.137414651514	9.91188e-16
6780.191969231824	9.790688e-16
6783.246523812134	9.809131e-16
6786.301078392445	9.710443e-16
6789.355632972755	9.762392e-16
6792.410187553065	9.731047e-16
6795.464742133376	9.684498e-16
6798.519296713686	9.669106e-16
6801.573851293997	9.365304e-16
6804.628405874308	9.40301e-16
6807.682960454618	9.373135e-16
6810.737515034929	9.256308e-16
6813.79206961524	9.264958e-16
6816.84662419555	9.243605e-16
6819.90117877586	9.050144e-16
6822.955733356171	9.007335e-16
6826.010287936481	8.950095e-16
6829.064842516791	8.8181487e-16
6832.119397097102	8.7009437e-16
6835.173951677412	8.5517013e-16
6838.228506257723	8.2528956e-16
6841.283060838034	8.2356606e-16
6844.337615418344	8.170681e-16
6847.392169998655	7.983186e-16
6850.446724578966	7.848096e-16
6853.501279159276	7.663302e-16
6856.555833739586	7.410128e-16
6859.610388319897	7.3820287e-16
6862.664942900207	7.5674707e-16
6865.719497480517	7.3956204e-16
6868.774052060828	7.15593e-16
6871.828606641138	7.091779e-16
6874.883161221449	6.886434e-16
6877.93771580176	6.5782035e-16
6880.99227038207	6.409189e-16
6884.046824962381	6.343187e-16
6887.101379542692	6.130289e-16
6890.155934123002	6.0943004e-16
6893.210488703312	6.1621287e-16
6896.265043283623	5.946192e-16
6899.319597863933	5.836542e-16
6902.374152444243	5.8636946e-16
6905.428707024554	5.7731166e-16
6908.483261604864	5.7113187e-16
6911.537816185175	5.63747e-16
6914.592370765486	5.4857814e-16
6917.646925345796	5.515962e-16
6920.701479926107	5.618924e-16
6923.756034506418	5.5214425e-16
6926.810589086728	5.5424897e-16
6929.865143667038	5.854548e-16
6932.919698247349	6.061081e-16
6935.974252827659	5.977884e-16
6939.028807407969	6.093641e-16
6942.08336198828	6.243063e-16
6945.13791656859	6.462674e-16
6948.192471148901	6.591048e-16
6951.247025729212	6.838781e-16
6954.301580309522	7.295235e-16
6957.356134889833	7.345641e-16
6960.410689470144	7.531186e-16
6963.465244050454	7.5722305e-16
6966.519798630764	7.792687e-16
6969.574353211075	8.097145e-16
6972.628907791385	8.0639e-16
6975.683462371695	8.151273e-16
6978.738016952006	8.5470797e-16
6981.792571532316	8.5249096e-16
6984.847126112627	8.518168e-16
6987.901680692938	8.7447374e-16
6990.956235273248	8.841696e-16
6994.010789853559	8.89211e-16
6997.0653444338695	9.013642e-16
7000.11989901418	9.142444e-16
7003.17445359449	9.135051e-16
7006.229008174801	9.251054e-16
7009.283562755111	9.509358e-16
7012.338117335421	9.559273e-16
7015.392671915732	9.448021e-16
7018.447226496042	9.510399e-16
7021.501781076353	9.53896e-16
7024.556335656664	9.628417e-16
7027.610890236974	9.716292e-16
7030.665444817285	9.497751e-16
7033.7199993975955	9.272929e-16
7036.774553977906	9.428977e-16
7039.829108558216	9.417649e-16
7042.883663138527	9.392334e-16
7045.938217718837	9.384319e-16
7048.992772299147	9.278448e-16
7052.047326879458	9.239003e-16
7055.101881459768	9.394171e-16
7058.156436040079	9.54812e-16
7061.21099062039	9.520868e-16
7064.2655452007	9.527306e-16
7067.320099781011	9.670776e-16
7070.3746543613215	9.58608e-16
7073.429208941632	9.471259e-16
7076.483763521942	9.304762e-16
7079.538318102253	9.390873e-16
7082.592872682563	9.567183e-16
7085.647427262873	9.5777e-16
7088.701981843184	9.539465e-16
7091.756536423494	9.54813e-16
7094.811091003805	9.269234e-16
7097.865645584116	9.218346e-16
7100.920200164426	9.258201e-16
7103.974754744737	9.137093e-16
7107.0293093250475	9.079558e-16
7110.083863905358	9.142459e-16
7113.138418485668	9.028643e-16
7116.192973065979	8.943465e-16
7119.247527646289	8.91096e-16
7122.302082226599	8.8750556e-16
7125.35663680691	8.864696e-16
7128.41119138722	8.83141e-16
7131.465745967531	8.6763607e-16
7134.5203005478415	8.568619e-16
7137.574855128152	8.605765e-16
7140.629409708463	8.5930465e-16
7143.6839642887735	8.493102e-16
7146.738518869084	8.4459296e-16
7149.793073449394	8.5785305e-16
7152.8476280297045	8.5102766e-16
7155.902182610015	8.385472e-16
7158.956737190325	8.4719833e-16
7162.011291770636	8.61406e-16
7165.065846350946	8.523346e-16
7168.120400931257	8.6048595e-16
7171.1749555115675	8.724801e-16
7174.229510091878	8.8260145e-16
7177.284064672189	8.7400205e-16
7180.3386192524995	8.577898e-16
7183.39317383281	8.562082e-16
7186.44772841312	8.502522e-16
7189.5022829934305	8.403796e-16
7192.556837573741	8.571891e-16
7195.611392154051	8.8389603e-16
7198.665946734362	8.807028e-16
7201.720501314672	8.5972923e-16
7204.775055894983	8.882782e-16
7207.8296104752935	9.016005e-16
7210.884165055604	8.945591e-16
7213.938719635915	9.006435e-16
7216.9932742162255	9.094487e-16
7220.047828796536	9.027367e-16
7223.102383376847	8.944914e-16
7226.1569379571565	9.06574e-16
7229.211492537467	9.267229e-16
7232.266047117778	9.107247e-16
7235.320601698088	8.758257e-16
7238.375156278398	8.898092e-16
7241.429710858709	9.177583e-16
7244.4842654390195	9.005171e-16
7247.53882001933	9.108916e-16
7250.593374599641	9.192292e-16
7253.6479291799515	9.084678e-16
7256.702483760262	9.070267e-16
7259.757038340573	8.963472e-16
7262.8115929208825	9.175794e-16
7265.866147501193	9.341818e-16
7268.920702081504	9.25779e-16
7271.975256661814	9.101678e-16
7275.029811242124	9.073948e-16
7278.084365822435	9.211608e-16
7281.1389204027455	9.118356e-16
7284.193474983056	8.91252e-16
7287.248029563367	8.890887e-16
7290.302584143677	9.047499e-16
7293.357138723988	9.173441e-16
7296.411693304299	9.260172e-16
7299.4662478846085	9.178189e-16
7302.520802464919	9.194329e-16
7305.57535704523	9.259235e-16
7308.6299116255395	9.143325e-16
7311.68446620585	9.160126e-16
7314.739020786161	9.495282e-16
7317.7935753664715	9.27572e-16
7320.848129946782	9.105526e-16
7323.902684527093	9.229631e-16
7326.957239107403	9.217694e-16
7330.011793687714	9.072062e-16
7333.066348268025	9.213553e-16
7336.1209028483345	9.149024e-16
7339.175457428645	9.101948e-16
7342.230012008956	9.048548e-16
7345.2845665892655	8.917332e-16
7348.339121169576	8.895296e-16
7351.393675749887	8.998492e-16
7354.4482303301975	8.810125e-16
7357.502784910508	9.044071e-16
7360.557339490819	9.044841e-16
7363.611894071129	8.916633e-16
7366.66644865144	8.996604e-16
7369.721003231751	9.036828e-16
7372.7755578120605	9.261761e-16
7375.830112392371	8.980771e-16
7378.884666972682	8.8174483e-16
7381.9392215529915	9.015031e-16
7384.993776133302	9.027325e-16
7388.048330713613	8.8094015e-16
7391.1028852939235	8.893261e-16
7394.157439874234	9.014543e-16
7397.211994454545	8.94446e-16
7400.266549034855	8.8754876e-16
7403.321103615166	8.930241e-16
7406.375658195477	8.947889e-16
7409.4302127757865	8.864941e-16
7412.484767356097	8.5675816e-16
7415.539321936408	8.6208197e-16
7418.5938765167175	8.749104e-16
7421.648431097028	8.5147833e-16
7424.702985677339	8.3795106e-16
7427.757540257649	8.503007e-16
7430.81209483796	8.578874e-16
7433.866649418271	8.249033e-16
7436.921203998581	8.0821004e-16
7439.975758578892	8.224089e-16
7443.030313159203	8.04435e-16
7446.084867739512	8.227027e-16
7449.139422319823	8.022335e-16
7452.193976900134	7.901193e-16
7455.2485314804435	7.80065e-16
7458.303086060754	7.5633795e-16
7461.357640641065	7.60876e-16
7464.412195221375	7.4013284e-16
7467.466749801686	7.2450667e-16
7470.521304381997	7.2476935e-16
7473.575858962307	7.325248e-16
7476.630413542618	7.32053e-16
7479.684968122929	7.0915917e-16
7482.739522703238	6.9500483e-16
7485.794077283549	6.825434e-16
7488.84863186386	6.6403307e-16
7491.9031864441695	6.6200744e-16
7494.95774102448	6.6980957e-16
7498.012295604791	6.6033757e-16
7501.066850185101	6.709255e-16
7504.121404765412	6.882136e-16
7507.175959345723	6.8168285e-16
7510.230513926033	6.6700647e-16
7513.285068506344	6.588235e-16
7516.339623086655	6.526129e-16
7519.394177666965	6.5935025e-16
7522.448732247276	6.4136477e-16
7525.503286827585	6.3125723e-16
7528.5578414078955	6.3250756e-16
7531.612395988206	6.243345e-16
7534.666950568517	6.404775e-16
7537.721505148827	6.3995266e-16
7540.776059729138	6.5296e-16
7543.830614309449	6.4539744e-16
7546.885168889759	6.3391385e-16
7549.93972347007	6.4312607e-16
7552.994278050381	6.3502346e-16
7556.048832630691	6.413794e-16
7559.103387211002	6.2901175e-16
7562.157941791311	6.234692e-16
7565.2124963716215	6.2733383e-16
7568.267050951932	6.237591e-16
7571.321605532243	6.219282e-16
7574.376160112553	6.088711e-16
7577.430714692864	6.095252e-16
7580.485269273175	6.20051e-16
7583.539823853485	6.2072533e-16
7586.594378433796	6.073456e-16
7589.648933014107	6.0096215e-16
7592.703487594417	6.0039294e-16
7595.758042174728	5.840879e-16
7598.812596755037	5.6712503e-16
7601.867151335347	5.589206e-16
7604.921705915658	5.469734e-16
7607.976260495969	5.6727713e-16
7611.030815076279	5.956951e-16
7614.08536965659	5.948727e-16
7617.139924236901	5.9206756e-16
7620.194478817211	5.9621696e-16
7623.249033397522	5.9059515e-16
7626.303587977833	5.842752e-16
7629.358142558143	5.748388e-16
7632.412697138454	5.7069777e-16
7635.467251718763	5.6156426e-16
7638.521806299073	5.3849717e-16
7641.576360879384	5.2734143e-16
7644.630915459695	5.388709e-16
7647.685470040005	5.137565e-16
7650.740024620316	5.063848e-16
7653.794579200627	5.1244424e-16
7656.849133780937	5.0892556e-16
7659.903688361248	5.1713474e-16
7662.958242941559	5.211342e-16
7666.012797521869	5.2102055e-16
7669.06735210218	5.25774e-16
7672.121906682489	5.298887e-16
7675.176461262799	5.3831686e-16
7678.23101584311	5.492329e-16
7681.285570423421	5.239461e-16
7684.340125003731	5.2392e-16
7687.394679584042	5.269466e-16
7690.449234164353	5.3292687e-16
7693.503788744663	5.633529e-16
7696.558343324974	5.754765e-16
7699.612897905285	5.5414367e-16
7702.667452485595	5.562125e-16
7705.722007065906	5.9022897e-16
7708.776561646215	5.966477e-16
7711.831116226525	5.746673e-16
7714.885670806836	5.9310687e-16
7717.940225387147	5.9398736e-16
7720.994779967457	5.914004e-16
7724.049334547768	6.0752104e-16
7727.103889128079	6.1873004e-16
7730.158443708389	6.09863e-16
7733.2129982887	6.1824453e-16
7736.267552869011	6.180744e-16
7739.322107449321	6.203992e-16
7742.376662029632	6.211607e-16
7745.431216609941	6.281828e-16
7748.485771190251	6.4450155e-16
7751.540325770562	6.4041424e-16
7754.594880350873	6.4147e-16
7757.649434931183	6.469897e-16
7760.703989511494	6.496858e-16
7763.758544091805	6.462062e-16
7766.813098672115	6.4917685e-16
7769.867653252426	6.797652e-16
7772.922207832737	6.720461e-16
7775.976762413047	6.642102e-16
7779.031316993358	6.7026585e-16
7782.085871573667	6.6478375e-16
7785.140426153977	6.605871e-16
7788.194980734288	6.7658694e-16
7791.249535314599	6.7682967e-16
7794.304089894909	6.61673e-16
7797.35864447522	6.5426625e-16
7800.413199055531	6.661892e-16
7803.467753635841	6.7842945e-16
7806.522308216152	6.699058e-16
7809.576862796463	6.745618e-16
7812.631417376773	6.828096e-16
7815.685971957084	6.744753e-16
7818.740526537393	6.7276047e-16
7821.795081117703	6.9875687e-16
7824.849635698014	6.8244296e-16
7827.904190278325	6.939991e-16
7830.958744858635	6.9851234e-16
7834.013299438946	6.767396e-16
7837.067854019257	6.897658e-16
7840.122408599567	6.9354835e-16
7843.176963179878	6.990043e-16
7846.231517760189	7.005618e-16
7849.286072340499	6.8869517e-16
7852.34062692081	6.8258404e-16
7855.395181501119	6.8578847e-16
7858.449736081429	6.8345114e-16
7861.50429066174	6.9393164e-16
7864.558845242051	6.992284e-16
7867.613399822361	6.901978e-16
7870.667954402672	6.8070257e-16
7873.722508982983	6.779982e-16
7876.777063563293	6.860659e-16
7879.831618143604	7.0706954e-16
7882.886172723915	6.961551e-16
7885.940727304225	6.766243e-16
7888.995281884536	6.9067416e-16
7892.0498364648465	6.823072e-16
7895.104391045155	6.678304e-16
7898.158945625466	6.825944e-16
7901.213500205777	6.8182574e-16
7904.268054786087	6.640642e-16
7907.322609366398	6.77332e-16
7910.377163946709	6.6844796e-16
7913.431718527019	6.443653e-16
7916.48627310733	6.4742625e-16
7919.540827687641	6.5842227e-16
7922.595382267951	6.461112e-16
7925.649936848262	6.4239455e-16
7928.7044914285725	6.757905e-16
7931.759046008881	6.536353e-16
7934.813600589192	6.2923997e-16
7937.868155169503	6.544795e-16
7940.922709749813	6.744985e-16
7943.977264330124	6.6401994e-16
7947.031818910435	6.4165784e-16
7950.086373490745	6.309001e-16
7953.140928071056	6.367103e-16
7956.195482651367	6.3130456e-16
7959.250037231677	6.1008496e-16
7962.304591811988	6.196595e-16
7965.3591463922985	6.2513657e-16
7968.413700972607	6.214736e-16
7971.468255552918	6.152966e-16
7974.522810133229	6.098189e-16
7977.577364713539	6.1763927e-16
7980.63191929385	6.0739123e-16
7983.686473874161	6.18281e-16
7986.741028454471	6.1455115e-16
7989.795583034782	6.029118e-16
7992.8501376150925	6.1419693e-16
7995.904692195403	6.088495e-16
7998.959246775714	6.002591e-16
8002.0138013560245	6.2154526e-16
8005.068355936333	6.160981e-16
8008.122910516644	5.857448e-16
8011.177465096955	6.006962e-16
8014.232019677265	5.9880486e-16
8017.286574257576	6.0800454e-16
8020.341128837887	6.0908154e-16
8023.395683418197	5.939919e-16
8026.450237998508	5.912492e-16
8029.5047925788185	6.0374915e-16
8032.559347159129	6.025846e-16
8035.61390173944	5.9588334e-16
8038.6684563197505	5.8446015e-16
8041.723010900059	5.9195845e-16
8044.77756548037	6.1039243e-16
8047.832120060681	5.768506e-16
8050.886674640991	5.6101067e-16
8053.941229221302	5.765981e-16
8056.995783801613	5.798247e-16
8060.050338381923	5.6329523e-16
8063.104892962234	5.696061e-16
8066.1594475425445	5.815709e-16
8069.214002122855	5.684221e-16
8072.268556703166	5.5499134e-16
8075.3231112834765	5.599309e-16
8078.377665863785	5.7245896e-16
8081.432220444096	5.746043e-16
8084.486775024407	5.6204395e-16
8087.541329604717	5.5852114e-16
8090.595884185028	5.530836e-16
8093.650438765339	5.469527e-16
8096.704993345649	5.4874034e-16
8099.75954792596	5.262978e-16
8102.8141025062705	5.2633346e-16
8105.868657086581	5.3628853e-16
8108.923211666892	5.346346e-16
8111.977766247202	5.268003e-16
8115.032320827511	5.27757e-16
8118.086875407822	5.1385444e-16
8121.141429988133	5.152713e-16
8124.195984568443	5.1151314e-16
8127.250539148754	5.054591e-16
8130.3050937290645	5.127191e-16
8133.359648309375	5.0988774e-16
8136.414202889686	5.080712e-16
8139.4687574699965	5.04039e-16
8142.523312050307	4.911262e-16
8145.577866630618	4.827999e-16
8148.632421210928	4.8457744e-16
8151.686975791237	4.656795e-16
8154.741530371548	4.632312e-16
8157.796084951859	4.648696e-16
8160.850639532169	4.696399e-16
8163.90519411248	4.7628377e-16
8166.9597486927905	4.5590966e-16
8170.014303273101	4.762873e-16
8173.068857853412	4.7161455e-16
8176.1234124337225	4.6077655e-16
8179.177967014033	4.690841e-16
8182.232521594344	4.645727e-16
8185.287076174654	4.6297783e-16
8188.341630754963	4.698582e-16
8191.396185335274	4.7266604e-16
8194.450739915585	4.691237e-16
8197.505294495895	4.7372493e-16
8200.559849076206	4.909405e-16
8203.614403656517	5.0272443e-16
8206.668958236827	5.1049813e-16
8209.723512817138	5.029009e-16
8212.778067397448	4.9634786e-16
8215.83262197776	4.904149e-16
8218.88717655807	4.4294159e-16
8221.94173113838	4.235844e-16
8224.99628571869	4.1008444e-16
8228.050840299	4.0859718e-16
8231.10539487931	4.307394e-16
8234.159949459621	4.4256317e-16
8237.214504039932	4.5982433e-16
8240.269058620243	4.6622017e-16
8243.323613200553	4.494536e-16
8246.378167780864	4.3972593e-16
8249.432722361174	4.4883805e-16
8252.487276941485	4.4026912e-16
8255.541831521796	4.3487301e-16
8258.596386102106	4.2597425e-16
8261.650940682415	4.2273657e-16
8264.705495262726	4.2458085e-16
8267.760049843037	4.180826e-16
8270.814604423347	4.0781915e-16
8273.869159003658	3.9929385e-16
8276.923713583968	3.9407112e-16
8279.97826816428	3.9005115e-16
8283.03282274459	3.8895266e-16
8286.0873773249	4.003325e-16
8289.141931905211	3.8397361e-16
8292.196486485522	3.831324e-16
8295.251041065832	3.8570026e-16
8298.305595646141	3.6937937e-16
8301.360150226452	3.6799712e-16
8304.414704806763	3.696348e-16
8307.469259387073	3.6598504e-16
8310.523813967384	3.6313594e-16
8313.578368547694	3.6768202e-16
8316.632923128005	3.716355e-16
8319.687477708316	3.5469968e-16
8322.742032288626	3.542341e-16
8325.796586868937	3.6587376e-16
8328.851141449248	3.6502438e-16
8331.905696029558	3.5684746e-16
8334.960250609869	3.561791e-16
8338.014805190178	3.4392253e-16
8341.069359770489	3.7144107e-16
8344.1239143508	3.707413e-16
8347.17846893111	3.420454e-16
8350.23302351142	3.4899907e-16
8353.287578091731	3.419804e-16
8356.342132672042	3.5474494e-16
8359.396687252352	3.519427e-16
8362.451241832663	3.365383e-16
8365.505796412974	3.4639526e-16
8368.560350993284	3.7441736e-16
8371.614905573595	3.8166616e-16
8374.669460153904	3.6357203e-16
8377.724014734215	3.573839e-16
8380.778569314525	3.6700903e-16
8383.833123894836	3.6830358e-16
8386.887678475146	3.6773567e-16
8389.942233055457	3.7026224e-16
8392.996787635768	3.772889e-16
8396.051342216078	3.8744603e-16
8399.105896796389	3.8884408e-16
8402.1604513767	3.9059326e-16
8405.21500595701	4.111821e-16
8408.269560537321	4.0306073e-16
8411.32411511763	3.998751e-16
8414.37866969794	4.1666684e-16
8417.433224278251	4.2445467e-16
8420.487778858562	4.5727444e-16
8423.542333438872	4.5857813e-16
8426.596888019183	4.55217e-16
8429.651442599494	4.6258163e-16
8432.705997179804	4.650415e-16
8435.760551760115	4.820486e-16
8438.815106340426	4.783554e-16
8441.869660920736	4.914859e-16
8444.924215501047	5.097456e-16
8447.978770081356	5.111284e-16
8451.033324661666	5.144677e-16
8454.087879241977	5.296699e-16
8457.142433822288	5.379955e-16
8460.196988402598	5.414338e-16
8463.251542982909	5.5322295e-16
8466.30609756322	5.672299e-16
8469.36065214353	5.633756e-16
8472.415206723841	5.7836103e-16
8475.469761304152	5.87736e-16
8478.524315884462	5.8344424e-16
8481.578870464773	5.843923e-16
8484.633425045082	5.962973e-16
8487.687979625392	6.024417e-16
8490.742534205703	6.1121966e-16
8493.797088786014	6.0739054e-16
8496.851643366324	5.886339e-16
8499.906197946635	5.8210296e-16
8502.960752526946	5.8300187e-16
8506.015307107256	5.823291e-16
8509.069861687567	5.745038e-16
8512.124416267878	5.7273064e-16
8515.178970848188	5.8103633e-16
8518.233525428499	5.783177e-16
8521.288080008808	5.778543e-16
8524.342634589118	5.839228e-16
8527.39718916943	5.971119e-16
8530.45174374974	6.1354514e-16
8533.50629833005	6.37048e-16
8536.560852910361	6.727628e-16
8539.615407490672	6.7005833e-16
8542.669962070982	6.5328e-16
8545.724516651293	6.6149107e-16
8548.779071231604	6.893987e-16
8551.833625811914	7.1963813e-16
8554.888180392225	7.3320607e-16
8557.942734972534	7.6278324e-16
8560.997289552844	7.952914e-16
8564.051844133155	7.972497e-16
8567.106398713466	8.097129e-16
8570.160953293776	8.293887e-16
8573.215507874087	8.157492e-16
8576.270062454398	7.984467e-16
8579.324617034708	8.152656e-16
8582.379171615019	8.4487153e-16
8585.43372619533	8.423728e-16
8588.48828077564	8.392068e-16
8591.542835355951	8.6129767e-16
8594.59738993626	8.90473e-16
8597.65194451657	9.001347e-16
8600.706499096881	9.119458e-16
8603.761053677192	9.106527e-16
8606.815608257502	9.108808e-16
8609.870162837813	9.236152e-16
8612.924717418124	9.280997e-16
8615.979271998434	9.140179e-16
8619.033826578745	9.207495e-16
8622.088381159056	9.480199e-16
8625.142935739366	9.587553e-16
8628.197490319677	9.588213e-16
8631.252044899986	9.833517e-16
8634.306599480296	9.934502e-16
8637.361154060607	9.949836e-16
8640.415708640918	9.83944e-16
8643.470263221228	9.723494e-16
8646.524817801539	9.955555e-16
8649.57937238185	1.0240872e-15
8652.63392696216	1.0113859e-15
8655.688481542471	9.904477e-16
8658.743036122782	9.94252e-16
8661.797590703092	1.0051707e-15
8664.852145283403	1.0059173e-15
8667.906699863712	1.0198125e-15
8670.961254444022	1.0412234e-15
8674.015809024333	1.0346305e-15
8677.070363604644	1.0081129e-15
8680.124918184954	1.0160213e-15
8683.179472765265	1.0358533e-15
8686.234027345576	1.0109692e-15
8689.288581925886	1.0039695e-15
8692.343136506197	1.0303684e-15
8695.397691086508	1.0089676e-15
8698.452245666818	1.0508134e-15
8701.506800247129	1.0542735e-15
8704.561354827438	1.0262471e-15
8707.615909407748	1.037619e-15
8710.670463988059	1.0593295e-15
8713.72501856837	1.03039e-15
8716.77957314868	1.01679e-15
8719.834127728991	1.0427143e-15
8722.888682309302	1.0634937e-15
8725.943236889612	1.0348562e-15
8728.997791469923	1.0163225e-15
8732.052346050234	1.0133995e-15
8735.106900630544	1.0064562e-15
8738.161455210855	9.977925e-16
8741.216009791164	1.0008002e-15
8744.270564371474	1.0056716e-15
8747.325118951785	1.0079785e-15
8750.379673532096	9.865645e-16
8753.434228112406	9.72315e-16
8756.488782692717	9.787565e-16
8759.543337273028	9.655106e-16
8762.597891853338	9.502774e-16
8765.652446433649	9.468418e-16
8768.70700101396	9.581272e-16
8771.76155559427	9.703955e-16
8774.81611017458	9.635421e-16
8777.870664754892	9.510814e-16
8780.9252193352	9.396311e-16
8783.979773915511	9.296822e-16
8787.034328495822	9.093613e-16
8790.088883076132	8.908194e-16
8793.143437656443	8.941716e-16
8796.197992236754	9.01878e-16
8799.252546817064	9.032946e-16
8802.307101397375	8.779412e-16
8805.361655977686	8.5091215e-16
8808.416210557996	8.413829e-16
8811.470765138307	8.2840733e-16
8814.525319718618	8.204474e-16
8817.579874298926	8.1982874e-16
8820.634428879237	8.0811147e-16
8823.688983459548	7.9686964e-16
8826.743538039858	8.141868e-16
8829.798092620169	8.045153e-16
8832.85264720048	7.63584e-16
8835.90720178079	7.403755e-16
8838.961756361101	7.596504e-16
8842.016310941412	7.4911366e-16
8845.070865521722	7.2911776e-16
8848.125420102033	7.1631586e-16
8851.179974682344	7.053495e-16
8854.234529262652	6.98832e-16
8857.289083842963	6.984956e-16
8860.343638423274	6.8044084e-16
8863.398193003584	6.7603436e-16
8866.452747583895	6.8097754e-16
8869.507302164206	6.5464604e-16
8872.561856744516	6.441549e-16
8875.616411324827	6.477794e-16
8878.670965905138	6.460386e-16
8881.725520485448	6.4065104e-16
8884.780075065759	6.341942e-16
8887.83462964607	6.0866517e-16
8890.889184226378	6.100163e-16
8893.943738806689	6.1890463e-16
8896.998293387	6.2155754e-16
8900.05284796731	6.257016e-16
8903.107402547621	5.9126955e-16
8906.161957127932	5.7996266e-16
8909.216511708242	5.8106047e-16
8912.271066288553	5.6455514e-16
8915.325620868864	5.5359014e-16
8918.380175449174	5.428595e-16
8921.434730029485	5.21054e-16
8924.489284609796	5.1889106e-16
8927.543839190104	5.188671e-16
8930.598393770415	4.9589734e-16
8933.652948350726	4.8220977e-16
8936.707502931036	4.8273075e-16
8939.762057511347	4.788564e-16
8942.816612091658	4.6742926e-16
8945.871166671968	4.5718005e-16
8948.925721252279	4.711398e-16
8951.98027583259	4.7317394e-16
8955.0348304129	4.5909525e-16
8958.08938499321	4.381118e-16
8961.143939573521	4.2457585e-16
8964.19849415383	4.4728263e-16
8967.253048734141	4.2624387e-16
8970.307603314452	4.0086898e-16
8973.362157894762	4.2101264e-16
8976.416712475073	4.5012453e-16
8979.471267055384	4.3265763e-16
8982.525821635694	4.125987e-16
8985.580376216005	3.8674884e-16
8988.634930796316	3.7962394e-16
8991.689485376626	3.9249233e-16
8994.744039956937	4.0160198e-16
8997.798594537247	4.3602437e-16
9000.853149117556	4.257965e-16
9003.907703697867	4.0340992e-16
9006.962258278178	3.9837632e-16
9010.016812858488	3.9236355e-16
9013.071367438799	4.135968e-16
9016.12592201911	4.0539113e-16
9019.18047659942	3.9769277e-16
9022.23503117973	4.0085273e-16
9025.289585760042	3.8793453e-16
9028.344140340352	4.1084767e-16
9031.398694920663	4.1299336e-16
9034.453249500973	4.1482782e-16
9037.507804081282	4.2009345e-16
9040.562358661593	4.119685e-16
9043.616913241904	4.4710205e-16
9046.671467822214	4.4137532e-16
9049.726022402525	4.2386143e-16
9052.780576982836	4.2783904e-16
9055.835131563146	4.3008693e-16
9058.889686143457	4.2497533e-16
9061.944240723768	4.2334932e-16
9064.998795304078	4.0361048e-16
9068.053349884389	3.8465902e-16
9071.1079044647	3.9410048e-16
9074.162459045008	3.955648e-16
9077.217013625319	3.837513e-16
9080.27156820563	3.8487324e-16
9083.32612278594	3.9431777e-16
9086.38067736625	3.845986e-16
9089.435231946562	3.8042526e-16
9092.489786526872	3.899705e-16
9095.544341107183	3.9248412e-16
9098.598895687493	3.8150433e-16
9101.653450267804	3.7804092e-16
9104.708004848115	3.786421e-16
9107.762559428425	3.818452e-16
9110.817114008734	3.8689503e-16
9113.871668589045	3.849364e-16
9116.926223169356	3.8056184e-16
9119.980777749666	4.0082848e-16
9123.035332329977	3.8445648e-16
9126.089886910288	3.7381173e-16
9129.144441490598	3.6933156e-16
9132.198996070909	3.4473002e-16
9135.25355065122	3.5343027e-16
9138.30810523153	3.6985792e-16
9141.36265981184	3.8234575e-16
9144.417214392151	3.9399327e-16
9147.47176897246	3.9312393e-16
9150.526323552771	3.8667933e-16
9153.580878133082	3.9372066e-16
9156.635432713392	3.9171303e-16
9159.689987293703	3.7003868e-16
9162.744541874014	3.7414472e-16
9165.799096454324	3.9687244e-16
9168.853651034635	4.0450768e-16
9171.908205614945	3.8326118e-16
9174.962760195256	3.7031534e-16
9178.017314775567	3.8020943e-16
9181.071869355877	3.79977e-16
9184.126423936186	3.8574563e-16
9187.180978516497	3.9334415e-16
9190.235533096808	4.0588808e-16
9193.290087677118	4.281679e-16
9196.344642257429	4.26029e-16
9199.39919683774	4.174606e-16
9202.45375141805	4.2718704e-16
9205.50830599836	4.3187092e-16
9208.562860578671	4.1035104e-16
9211.617415158982	4.0869663e-16
9214.671969739293	4.0812578e-16
9217.726524319603	4.1817318e-16
9220.781078899914	4.3246106e-16
9223.835633480223	4.1707026e-16
9226.890188060534	4.1279206e-16
9229.944742640844	4.1953992e-16
9232.999297221155	4.096911e-16
9236.053851801465	4.0115745e-16
9239.108406381776	4.2831073e-16
9242.162960962087	3.983769e-16
9245.217515542397	4.0071186e-16
9248.272070122708	4.2209626e-16
9251.326624703019	4.1498262e-16
9254.38117928333	4.0117857e-16
9257.43573386364	4.041289e-16
9260.490288443949	4.0047337e-16
9263.54484302426	3.8705107e-16
9266.59939760457	3.808988e-16
9269.65395218488	3.799477e-16
9272.708506765191	3.8168914e-16
9275.763061345502	3.8339146e-16
9278.817615925813	3.806483e-16
9281.872170506123	3.755012e-16
9284.926725086434	3.6610972e-16
9287.981279666745	3.708619e-16
9291.035834247055	3.7661663e-16
9294.090388827366	3.6548736e-16
9297.144943407675	3.5958764e-16
9300.199497987986	3.88713e-16
9303.254052568296	3.8296022e-16
9306.308607148607	3.7877328e-16
9309.363161728917	3.9433653e-16
9312.417716309228	3.802403e-16
9315.472270889539	3.627182e-16
9318.52682546985	3.5983842e-16
9321.58138005016	3.755626e-16
9324.63593463047	3.7924243e-16
9327.690489210781	3.7595748e-16
9330.745043791092	3.8875713e-16
9333.7995983714	3.936502e-16
9336.854152951712	3.860392e-16
9339.908707532022	3.7417283e-16
9342.963262112333	3.8526002e-16
9346.017816692643	4.0019302e-16
9349.072371272954	4.3480734e-16
9352.126925853265	4.4000431e-16
9355.181480433575	3.9814286e-16
9358.236035013886	3.9896176e-16
9361.290589594197	4.2006974e-16
9364.345144174507	4.4388783e-16
9367.399698754818	4.350682e-16
9370.454253335127	4.1080804e-16
9373.508807915438	4.4150195e-16
9376.563362495748	4.3582397e-16
9379.617917076059	4.1379058e-16
9382.67247165637	4.2258236e-16
9385.72702623668	4.4034352e-16
9388.78158081699	4.422693e-16
9391.836135397301	4.5017414e-16
9394.890689977612	4.4931376e-16
9397.945244557923	4.4204717e-16
9400.999799138233	4.434882e-16
9404.054353718544	4.4157045e-16
9407.108908298853	4.6138673e-16
9410.163462879163	4.713725e-16
9413.218017459474	4.46407e-16
9416.272572039785	4.240283e-16
9419.327126620095	4.354464e-16
9422.381681200406	4.426925e-16
9425.436235780717	4.394175e-16
9428.490790361027	4.3782725e-16
9431.545344941338	4.5182675e-16
9434.599899521649	4.607809e-16
9437.65445410196	4.46852e-16
9440.70900868227	4.4362927e-16
9443.763563262579	4.6718907e-16
9446.81811784289	4.7959005e-16
9449.8726724232	4.8873997e-16
9452.92722700351	5.0267837e-16
9455.981781583821	5.0115117e-16
9459.036336164132	4.755237e-16
9462.090890744443	4.4839627e-16
9465.145445324753	4.636827e-16
9468.199999905064	4.720385e-16
9471.254554485375	4.5026276e-16
9474.309109065685	4.2794841e-16
9477.363663645996	4.2765592e-16
9480.418218226305	4.4442654e-16
9483.472772806615	4.4990256e-16
9486.527327386926	4.2247182e-16
9489.581881967237	4.23434e-16
9492.636436547547	4.3027527e-16
9495.690991127858	4.451986e-16
9498.745545708169	4.432492e-16
9501.80010028848	4.2419087e-16
9504.85465486879	4.216834e-16
9507.9092094491	4.098463e-16
9510.963764029411	4.2459943e-16
9514.018318609722	4.166817e-16
9517.07287319003	3.9033978e-16
9520.127427770341	4.0970536e-16
9523.181982350652	4.0167345e-16
9526.236536930963	3.9911197e-16
9529.291091511273	4.059913e-16
9532.345646091584	4.003126e-16
9535.400200671895	4.1207213e-16
9538.454755252205	4.1229278e-16
9541.509309832516	4.0665194e-16
9544.563864412827	4.0977988e-16
9547.618418993137	4.283323e-16
9550.672973573448	4.564461e-16
9553.727528153757	4.2523547e-16
9556.782082734067	3.9284742e-16
9559.836637314378	3.7819775e-16
9562.891191894689	3.76952e-16
9565.945746475	3.7147768e-16
9569.00030105531	3.5967126e-16
9572.05485563562	3.9334722e-16
9575.109410215931	4.3452155e-16
9578.163964796242	3.8492012e-16
9581.218519376553	3.5154816e-16
9584.273073956863	3.6518169e-16
9587.327628537174	3.8343959e-16
9590.382183117483	3.7261292e-16
9593.436737697793	3.845746e-16
9596.491292278104	3.5132693e-16
9599.545846858415	3.5116096e-16
9602.600401438725	3.7482592e-16
9605.654956019036	3.4977426e-16
9608.709510599347	3.5174113e-16
9611.764065179657	3.551935e-16
9614.818619759968	3.5117202e-16
9617.873174340279	3.4081223e-16
9620.92772892059	3.4911808e-16
9623.9822835009	3.750585e-16
9627.036838081209	3.6146586e-16
9630.09139266152	3.2315244e-16
9633.14594724183	3.3630826e-16
9636.20050182214	3.4302029e-16
9639.255056402451	3.3123425e-16
9642.309610982762	3.342675e-16
9645.364165563073	3.5509744e-16
9648.418720143383	3.5714665e-16
9651.473274723694	3.6148957e-16
9654.527829304005	3.5649287e-16
9657.582383884315	3.4240036e-16
9660.636938464626	3.4460583e-16
9663.691493044937	3.7290308e-16
9666.746047625245	3.5728445e-16
9669.800602205556	3.5594093e-16
9672.855156785867	3.5549856e-16
9675.909711366177	3.2783441e-16
9678.964265946488	3.513194e-16
9682.018820526799	3.6725122e-16
9685.07337510711	3.729873e-16
9688.12792968742	3.7962638e-16
