3500.14412894249	6.9731585e-16
3503.196981334687	5.821657e-16
3506.2498337268835	5.288902e-16
3509.30268611908	4.657449e-16
3512.355538511277	6.427687e-16
3515.4083909034734	5.809452e-16
3518.46124329567	5.279019e-16
3521.5140956878668	4.9238983e-16
3524.5669480800634	3.9782456e-16
3527.61980047226	6.704232e-16
3530.6726528644567	4.4326105e-16
3533.7255052566534	4.802796e-16
3536.77835764885	4.7541625e-16
3539.8312100410467	5.137137e-16
3542.8840624332433	5.871113e-16
3545.93691482544	4.2123001e-16
3548.9897672176367	6.226662e-16
3552.0426196098333	4.1042558e-16
3555.09547200203	6.0341886e-16
3558.1483243942266	5.3219567e-16
3561.2011767864233	4.878429e-16
3564.25402917862	6.049565e-16
3567.3068815708166	5.0697246e-16
3570.3597339630132	6.301005e-16
3573.41258635521	5.235566e-16
3576.4654387474066	6.362434e-16
3579.518291139603	5.3199106e-16
3582.5711435318	4.001179e-16
3585.6239959239965	6.1891247e-16
3588.676848316193	5.0912027e-16
3591.72970070839	6.965e-16
3594.7825531005865	4.5822974e-16
3597.835405492783	3.964598e-16
3600.88825788498	4.0310616e-16
3603.9411102771764	5.8512337e-16
3606.993962669373	4.0910267e-16
3610.0468150615698	5.5071165e-16
3613.0996674537664	5.3955226e-16
3616.152519845963	5.3954665e-16
3619.2053722381597	3.6242465e-16
3622.2582246303564	5.1671964e-16
3625.311077022553	3.4755236e-16
3628.3639294147497	3.9061268e-16
3631.4167818069463	4.2442261e-16
3634.469634199143	5.5516726e-16
3637.5224865913397	5.4151663e-16
3640.5753389835363	5.0602796e-16
3643.628191375733	5.790678e-16
3646.6810437679296	3.8728856e-16
3649.7338961601263	6.5234587e-16
3652.7867485523234	4.631283e-16
3655.83960094452	4.4341222e-16
3658.8924533367167	4.8424884e-16
3661.9453057289134	5.5034325e-16
3664.99815812111	4.914603e-16
3668.0510105133067	5.395516e-16
3671.1038629055033	4.9429227e-16
3674.1567152977	5.204502e-16
3677.2095676898966	4.732357e-16
3680.2624200820933	4.568429e-16
3683.31527247429	4.6313443e-16
3686.3681248664866	5.5583234e-16
3689.4209772586833	5.897327e-16
3692.47382965088	5.045904e-16
3695.5266820430766	5.856411e-16
3698.579534435273	4.2264128e-16
3701.63238682747	6.0521473e-16
3704.6852392196665	6.046785e-16
3707.738091611863	4.9971085e-16
3710.79094400406	5.322974e-16
3713.8437963962565	4.493255e-16
3716.896648788453	4.905171e-16
3719.94950118065	4.6984976e-16
3723.0023535728465	5.676181e-16
3726.055205965043	5.715119e-16
3729.1080583572398	4.968563e-16
3732.1609107494364	5.095947e-16
3735.213763141633	4.3926904e-16
3738.2666155338297	5.111438e-16
3741.3194679260264	6.5362467e-16
3744.372320318223	5.2954615e-16
3747.4251727104197	4.567617e-16
3750.4780251026164	4.671456e-16
3753.530877494813	4.5983963e-16
3756.5837298870097	3.9654673e-16
3759.6365822792063	4.7883826e-16
3762.689434671403	4.3370692e-16
3765.7422870635996	3.8099788e-16
3768.7951394557963	5.2319955e-16
3771.847991847993	3.9857437e-16
3774.9008442401896	4.866438e-16
3777.9536966323863	3.8407843e-16
3781.006549024583	3.3592268e-16
3784.0594014167796	4.0103672e-16
3787.112253808976	3.7452644e-16
3790.165106201173	3.564703e-16
3793.2179585933695	3.8951194e-16
3796.270810985566	4.1446516e-16
3799.323663377763	3.786974e-16
3802.3765157699595	3.7399432e-16
3805.429368162156	4.1235433e-16
3808.482220554353	4.3641806e-16
3811.5350729465495	3.627892e-16
3814.587925338746	3.080033e-16
3817.640777730943	3.9279615e-16
3820.6936301231394	3.967552e-16
3823.746482515336	3.004608e-16
3826.7993349075327	3.1249618e-16
3829.8521872997294	3.6311095e-16
3832.905039691926	3.7190887e-16
3835.9578920841227	4.1710044e-16
3839.0107444763194	3.9209039e-16
3842.063596868516	3.625477e-16
3845.1164492607127	3.426481e-16
3848.1693016529093	2.6952438e-16
3851.222154045106	3.9004345e-16
3854.2750064373026	4.140957e-16
3857.3278588294993	4.1967587e-16
3860.380711221696	3.6393049e-16
3863.4335636138926	3.9999426e-16
3866.4864160060893	4.3409692e-16
3869.539268398286	4.482396e-16
3872.5921207904826	3.765494e-16
3875.644973182679	4.8448135e-16
3878.697825574876	4.765059e-16
3881.7506779670725	4.689891e-16
3884.803530359269	5.16831e-16
3887.856382751466	5.105532e-16
3890.9092351436625	5.666875e-16
3893.962087535859	5.473551e-16
3897.014939928056	5.5686905e-16
3900.0677923202525	6.2964067e-16
3903.120644712449	5.8506805e-16
3906.173497104646	5.90983e-16
3909.226349496843	6.3507635e-16
3912.2792018890395	6.0732167e-16
3915.332054281236	6.6580204e-16
3918.384906673433	5.914753e-16
3921.4377590656295	5.968787e-16
3924.490611457826	6.8755035e-16
3927.543463850023	6.6778256e-16
3930.5963162422195	6.6024837e-16
3933.649168634416	6.679999e-16
3936.702021026613	7.0600964e-16
3939.7548734188094	7.0138087e-16
3942.807725811006	6.295177e-16
3945.8605782032027	6.699716e-16
3948.9134305953994	7.303343e-16
3951.966282987596	7.316057e-16
3955.0191353797927	7.5472234e-16
3958.0719877719894	7.5180913e-16
3961.124840164186	7.351345e-16
3964.1776925563827	7.64248e-16
3967.2305449485793	7.641064e-16
3970.283397340776	8.0782236e-16
3973.3362497329726	8.5738115e-16
3976.3891021251693	8.52291e-16
3979.441954517366	8.000141e-16
3982.4948069095626	8.4007955e-16
3985.5476593017593	8.705591e-16
3988.600511693956	8.969288e-16
3991.6533640861526	9.204815e-16
3994.7062164783492	8.73848e-16
3997.759068870546	8.3763967e-16
4000.8119212627425	9.237002e-16
4003.864773654939	1.037337e-15
4006.917626047136	9.477582e-16
4009.9704784393325	9.407715e-16
4013.023330831529	1.0029812e-15
4016.076183223726	9.51516e-16
4019.1290356159225	9.359871e-16
4022.181888008119	9.323741e-16
4025.234740400316	9.880069e-16
4028.2875927925124	9.728145e-16
4031.340445184709	1.0125977e-15
4034.3932975769058	9.617059e-16
4037.4461499691024	9.676624e-16
4040.499002361299	9.898799e-16
4043.5518547534957	9.286094e-16
4046.6047071456924	9.702222e-16
4049.657559537889	9.563052e-16
4052.7104119300857	9.303391e-16
4055.7632643222823	9.478589e-16
4058.816116714479	9.371292e-16
4061.8689691066756	9.401464e-16
4064.9218214988723	9.477364e-16
4067.974673891069	9.685587e-16
4071.0275262832656	9.428026e-16
4074.0803786754623	9.832763e-16
4077.133231067659	9.5461e-16
4080.1860834598556	9.229452e-16
4083.2389358520522	8.935213e-16
4086.291788244249	9.329975e-16
4089.3446406364455	9.5728e-16
4092.397493028642	9.260307e-16
4095.450345420839	9.501015e-16
4098.5031978130355	9.170105e-16
4101.556050205232	9.163792e-16
4104.608902597429	9.488239e-16
4107.6617549896255	9.349315e-16
4110.714607381822	8.950636e-16
4113.767459774019	8.647425e-16
4116.820312166215	9.003475e-16
4119.873164558412	8.89035e-16
4122.926016950609	9.231461e-16
4125.978869342805	9.263982e-16
4129.031721735002	8.657115e-16
4132.084574127199	8.631757e-16
4135.137426519395	8.819387e-16
4138.190278911592	8.7326286e-16
4141.243131303789	8.5298505e-16
4144.295983695985	8.3657294e-16
4147.348836088182	8.472622e-16
4150.401688480379	8.969545e-16
4153.454540872575	8.226777e-16
4156.507393264772	7.9958714e-16
4159.560245656969	7.6184187e-16
4162.613098049165	7.9266307e-16
4165.665950441362	7.9546876e-16
4168.718802833559	7.9921836e-16
4171.771655225755	7.382048e-16
4174.824507617952	7.758547e-16
4177.877360010149	7.7360763e-16
4180.930212402345	7.803403e-16
4183.983064794542	7.171444e-16
4187.0359171867385	7.461998e-16
4190.088769578935	7.0857424e-16
4193.141621971132	6.6043286e-16
4196.1944743633285	7.3016876e-16
4199.247326755525	6.703241e-16
4202.300179147722	6.190395e-16
4205.353031539918	6.386068e-16
4208.405883932115	6.4726526e-16
4211.458736324312	6.2244634e-16
4214.511588716508	6.7602515e-16
4217.564441108705	6.9435404e-16
4220.617293500902	6.54783e-16
4223.670145893098	6.582421e-16
4226.722998285295	6.790732e-16
4229.775850677492	6.8508094e-16
4232.828703069688	6.6790316e-16
4235.881555461885	7.120658e-16
4238.934407854082	7.153136e-16
4241.987260246278	7.0210466e-16
4245.040112638475	7.287805e-16
4248.092965030672	7.2756986e-16
4251.145817422868	7.607415e-16
4254.198669815065	7.716357e-16
4257.251522207262	7.152908e-16
4260.304374599458	7.1346014e-16
4263.357226991655	7.561736e-16
4266.410079383852	7.6519405e-16
4269.462931776048	7.45807e-16
4272.515784168245	7.3687965e-16
4275.5686365604415	7.390754e-16
4278.621488952638	7.796307e-16
4281.674341344835	7.8627157e-16
4284.7271937370315	7.5776256e-16
4287.780046129228	8.0539455e-16
4290.832898521425	8.034072e-16
4293.885750913621	8.073685e-16
4296.938603305818	7.8607913e-16
4299.991455698015	7.649775e-16
4303.044308090211	7.658216e-16
4306.097160482408	7.9790784e-16
4309.150012874605	8.435747e-16
4312.202865266801	8.385445e-16
4315.255717658998	7.923546e-16
4318.308570051195	7.8783265e-16
4321.361422443391	6.9929674e-16
4324.414274835588	7.3683947e-16
4327.467127227785	8.058115e-16
4330.519979619981	7.4598965e-16
4333.572832012178	7.553465e-16
4336.625684404375	7.1150386e-16
4339.678536796571	6.7976956e-16
4342.731389188768	6.867205e-16
4345.784241580965	7.1569493e-16
4348.837093973161	6.399853e-16
4351.889946365358	6.3167757e-16
4354.942798757555	6.2832015e-16
4357.995651149751	6.3470365e-16
4361.048503541948	6.630193e-16
4364.1013559341445	6.6905655e-16
4367.154208326341	6.865277e-16
4370.207060718538	6.7984977e-16
4373.2599131107345	6.604941e-16
4376.312765502931	6.8293747e-16
4379.365617895128	6.7173927e-16
4382.418470287324	6.403226e-16
4385.471322679521	6.504888e-16
4388.524175071719	6.698035e-16
4391.577027463915	6.636414e-16
4394.629879856112	6.6704543e-16
4397.682732248309	7.146618e-16
4400.735584640505	6.985865e-16
4403.788437032702	6.734134e-16
4406.841289424899	7.0947316e-16
4409.894141817095	6.8526554e-16
4412.946994209292	7.1466494e-16
4415.999846601489	7.3426343e-16
4419.052698993685	7.1391e-16
4422.105551385882	7.116166e-16
4425.1584037780785	7.250794e-16
4428.211256170275	7.5710346e-16
4431.264108562472	7.2815336e-16
4434.3169609546685	7.38672e-16
4437.369813346865	7.525805e-16
4440.422665739062	7.5324655e-16
4443.4755181312585	7.4271073e-16
4446.528370523455	7.367895e-16
4449.581222915652	7.536896e-16
4452.634075307848	7.339109e-16
4455.686927700045	7.111014e-16
4458.739780092242	7.321454e-16
4461.792632484438	7.3686493e-16
4464.845484876635	7.4185057e-16
4467.898337268832	7.367082e-16
4470.951189661028	7.2853907e-16
4474.004042053225	7.7294864e-16
4477.056894445422	7.4880264e-16
4480.109746837618	7.412338e-16
4483.162599229815	7.7066827e-16
4486.215451622012	7.573114e-16
4489.268304014208	7.6884344e-16
4492.321156406405	7.9742705e-16
4495.374008798602	7.892818e-16
4498.426861190798	7.6173816e-16
4501.479713582995	8.21572e-16
4504.532565975192	8.1762306e-16
4507.585418367388	7.946731e-16
4510.638270759585	7.9824946e-16
4513.6911231517815	7.5789326e-16
4516.743975543978	7.8158255e-16
4519.796827936175	8.286163e-16
4522.8496803283715	8.6162907e-16
4525.902532720568	8.661946e-16
4528.955385112765	8.564929e-16
4532.0082375049615	8.994849e-16
4535.061089897158	8.655872e-16
4538.113942289355	8.2860845e-16
4541.166794681551	8.4998136e-16
4544.219647073748	8.693289e-16
4547.272499465945	9.065347e-16
4550.325351858141	8.844131e-16
4553.378204250338	9.190494e-16
4556.431056642535	9.510669e-16
4559.483909034731	9.159397e-16
4562.536761426928	9.299635e-16
4565.589613819125	9.144982e-16
4568.642466211321	9.421576e-16
4571.695318603518	9.640885e-16
4574.748170995715	9.503331e-16
4577.801023387911	9.579301e-16
4580.853875780108	9.13546e-16
4583.906728172305	8.90317e-16
4586.959580564501	9.07638e-16
4590.012432956698	9.130968e-16
4593.065285348895	9.422166e-16
4596.118137741091	9.731891e-16
4599.170990133288	9.61969e-16
4602.2238425254845	9.723812e-16
4605.276694917681	9.700562e-16
4608.329547309878	9.60621e-16
4611.3823997020745	9.791679e-16
4614.435252094271	9.734113e-16
4617.488104486468	9.722782e-16
4620.5409568786645	9.733531e-16
4623.593809270861	9.451248e-16
4626.646661663058	9.717633e-16
4629.699514055254	9.367867e-16
4632.752366447451	9.324902e-16
4635.805218839648	9.515166e-16
4638.858071231844	9.396098e-16
4641.910923624041	9.348442e-16
4644.963776016238	9.117858e-16
4648.016628408434	8.65754e-16
4651.069480800631	8.672341e-16
4654.122333192828	8.6930467e-16
4657.175185585024	8.425869e-16
4660.228037977221	8.5911603e-16
4663.280890369418	8.710083e-16
4666.333742761614	8.146136e-16
4669.386595153811	7.9583065e-16
4672.439447546008	7.9245724e-16
4675.492299938204	7.5084844e-16
4678.545152330401	7.5419676e-16
4681.598004722598	7.431185e-16
4684.650857114794	7.211832e-16
4687.703709506991	7.259553e-16
4690.756561899188	6.8282947e-16
4693.809414291384	6.377466e-16
4696.862266683581	6.526479e-16
4699.9151190757775	6.3284314e-16
4702.967971467974	6.0451905e-16
4706.020823860171	6.115878e-16
4709.0736762523675	6.199775e-16
4712.126528644564	6.1227247e-16
4715.179381036761	6.30531e-16
4718.232233428957	5.8523137e-16
4721.285085821154	6.185696e-16
4724.337938213351	6.527652e-16
4727.390790605547	6.6386445e-16
4730.443642997744	7.1324965e-16
4733.496495389941	7.162069e-16
4736.549347782137	6.801284e-16
4739.602200174334	7.092075e-16
4742.655052566531	7.258387e-16
4745.707904958727	7.4104986e-16
4748.760757350924	7.6416173e-16
4751.813609743121	7.5513284e-16
4754.866462135317	7.769512e-16
4757.919314527514	7.995191e-16
4760.972166919711	8.2256783e-16
4764.025019311907	8.4148414e-16
4767.077871704104	8.2964775e-16
4770.130724096301	8.1596807e-16
4773.183576488497	8.1890457e-16
4776.236428880694	7.934554e-16
4779.289281272891	7.7414926e-16
4782.342133665087	8.098107e-16
4785.394986057284	7.9317446e-16
4788.4478384494805	8.1833404e-16
4791.500690841677	8.063759e-16
4794.553543233874	7.890371e-16
4797.6063956260705	7.747964e-16
4800.659248018267	8.17672e-16
4803.712100410464	8.3295897e-16
4806.76495280266	8.284248e-16
4809.817805194857	8.350858e-16
4812.870657587054	8.28611e-16
4815.92350997925	8.344596e-16
4818.976362371447	8.389322e-16
4822.029214763644	8.899477e-16
4825.08206715584	8.7121886e-16
4828.134919548037	8.7030915e-16
4831.187771940234	8.6027255e-16
4834.24062433243	8.51248e-16
4837.293476724627	8.3980765e-16
4840.346329116824	8.6593745e-16
4843.39918150902	8.683934e-16
4846.452033901217	8.4259497e-16
4849.504886293414	8.6643874e-16
4852.557738685611	8.461135e-16
4855.610591077808	8.7287036e-16
4858.6634434700045	8.2995623e-16
4861.716295862201	8.3220135e-16
4864.769148254398	8.149013e-16
4867.8220006465945	8.180155e-16
4870.874853038791	7.9639996e-16
4873.927705430988	7.6753896e-16
4876.980557823184	7.704023e-16
4880.033410215381	7.815312e-16
4883.086262607578	7.9107186e-16
4886.139114999774	7.459064e-16
4889.191967391971	7.671071e-16
4892.244819784168	8.06391e-16
4895.297672176364	7.4520095e-16
4898.350524568561	7.7719026e-16
4901.403376960758	7.6256693e-16
4904.456229352954	7.585953e-16
4907.509081745151	7.768148e-16
4910.561934137348	7.880919e-16
4913.614786529544	8.0177465e-16
4916.667638921741	8.0635414e-16
4919.720491313938	8.2566305e-16
4922.773343706134	8.3797996e-16
4925.826196098331	8.4893263e-16
4928.879048490528	8.310114e-16
4931.931900882724	8.399203e-16
4934.984753274921	8.484124e-16
4938.0376056671175	8.7863257e-16
4941.090458059314	8.799319e-16
4944.143310451511	8.909803e-16
4947.1961628437075	9.483907e-16
4950.249015235904	9.349891e-16
4953.301867628101	9.554586e-16
4956.3547200202975	9.500746e-16
4959.407572412494	9.573178e-16
4962.460424804691	9.670746e-16
4965.513277196887	9.718934e-16
4968.566129589084	9.934838e-16
4971.618981981281	9.884237e-16
4974.671834373477	9.921426e-16
4977.724686765674	1.0065287e-15
4980.777539157871	1.00836e-15
4983.830391550067	1.0106411e-15
4986.883243942264	9.541212e-16
4989.936096334461	9.514151e-16
4992.988948726657	9.830723e-16
4996.041801118854	1.0247558e-15
4999.094653511051	9.924221e-16
5002.147505903247	9.886245e-16
5005.200358295444	9.994291e-16
5008.253210687641	9.97433e-16
5011.306063079837	1.0045899e-15
5014.358915472034	9.968791e-16
5017.411767864231	9.909487e-16
5020.464620256427	1.0055106e-15
5023.517472648624	9.522822e-16
5026.5703250408205	9.825201e-16
5029.623177433017	9.983415e-16
5032.676029825214	9.630608e-16
5035.7288822174105	9.42911e-16
5038.781734609607	9.534311e-16
5041.834587001804	9.403001e-16
5044.8874393940005	9.005402e-16
5047.940291786197	9.008739e-16
5050.993144178394	8.98551e-16
5054.04599657059	9.098859e-16
5057.098848962787	8.998353e-16
5060.151701354984	8.566883e-16
5063.20455374718	8.4729055e-16
5066.257406139377	8.483608e-16
5069.310258531574	8.3829226e-16
5072.36311092377	8.365688e-16
5075.415963315967	8.2848054e-16
5078.468815708164	7.943655e-16
5081.52166810036	8.4552983e-16
5084.574520492557	8.1819513e-16
5087.627372884754	7.9887076e-16
5090.68022527695	8.251063e-16
5093.733077669147	8.3408377e-16
5096.785930061344	8.4873305e-16
5099.83878245354	8.4668206e-16
5102.891634845737	8.1747483e-16
5105.944487237934	8.282669e-16
5108.99733963013	8.2551243e-16
5112.050192022327	8.380515e-16
5115.1030444145235	8.504496e-16
5118.15589680672	8.514246e-16
5121.208749198917	8.4690986e-16
5124.2616015911135	8.579997e-16
5127.31445398331	8.452614e-16
5130.367306375507	8.4602826e-16
5133.4201587677035	8.702149e-16
5136.4730111599	8.449152e-16
5139.525863552097	8.2431674e-16
5142.578715944293	8.240083e-16
5145.63156833649	8.3054254e-16
5148.684420728687	8.2138627e-16
5151.737273120883	8.8233845e-16
5154.79012551308	8.807732e-16
5157.842977905277	8.563112e-16
5160.895830297473	8.7493167e-16
5163.94868268967	8.4099683e-16
5167.001535081867	8.6148275e-16
5170.054387474063	8.64719e-16
5173.10723986626	8.470609e-16
5176.160092258457	8.6008805e-16
5179.212944650653	8.779301e-16
5182.26579704285	8.6040903e-16
5185.318649435047	8.435889e-16
5188.371501827243	8.553517e-16
5191.42435421944	8.7112743e-16
5194.477206611637	8.7895365e-16
5197.530059003833	8.7760083e-16
5200.58291139603	8.986007e-16
5203.6357637882265	8.871523e-16
5206.688616180423	8.939714e-16
5209.74146857262	9.051177e-16
5212.7943209648165	8.8804485e-16
5215.847173357013	8.8164684e-16
5218.90002574921	8.6110963e-16
5221.9528781414065	8.473605e-16
5225.005730533603	9.031887e-16
5228.0585829258	8.486835e-16
5231.111435317996	9.029417e-16
5234.164287710193	9.041831e-16
5237.21714010239	8.984057e-16
5240.269992494586	8.894081e-16
5243.322844886783	8.88936e-16
5246.37569727898	9.03549e-16
5249.428549671176	8.934886e-16
5252.481402063373	9.157858e-16
5255.53425445557	9.180856e-16
5258.587106847766	8.724315e-16
5261.639959239963	8.926787e-16
5264.69281163216	8.935271e-16
5267.745664024356	8.935988e-16
5270.798516416553	9.40292e-16
5273.85136880875	9.519828e-16
5276.904221200946	9.114774e-16
5279.957073593143	9.497436e-16
5283.00992598534	9.302e-16
5286.062778377536	9.517204e-16
5289.115630769733	9.568757e-16
5292.1684831619295	9.450442e-16
5295.221335554126	9.579874e-16
5298.274187946323	9.425498e-16
5301.3270403385195	9.369661e-16
5304.379892730716	9.851973e-16
5307.432745122913	9.577884e-16
5310.4855975151095	9.455762e-16
5313.538449907306	9.91058e-16
5316.591302299503	1.0075298e-15
5319.644154691699	9.767555e-16
5322.697007083896	9.797898e-16
5325.749859476093	9.881238e-16
5328.802711868289	9.821869e-16
5331.855564260486	1.0149536e-15
5334.908416652683	9.965838e-16
5337.961269044879	9.832897e-16
5341.014121437076	9.908051e-16
5344.066973829273	1.004778e-15
5347.119826221469	9.896067e-16
5350.172678613666	9.822222e-16
5353.225531005863	1.0138642e-15
5356.278383398059	1.0240843e-15
5359.331235790256	9.927087e-16
5362.384088182453	1.0274308e-15
5365.436940574649	1.002327e-15
5368.489792966846	1.0026917e-15
5371.542645359043	9.937196e-16
5374.595497751239	9.693848e-16
5377.648350143436	9.795276e-16
5380.701202535633	9.916615e-16
5383.754054927829	9.894153e-16
5386.806907320026	1.0179307e-15
5389.8597597122225	9.834554e-16
5392.912612104419	9.972947e-16
5395.965464496616	9.988402e-16
5399.0183168888125	9.766227e-16
5402.071169281009	9.746951e-16
5405.124021673206	9.642645e-16
5408.176874065402	9.664248e-16
5411.229726457599	1.003493e-15
5414.282578849796	9.868601e-16
5417.335431241992	9.920309e-16
5420.388283634189	1.0102727e-15
5423.441136026386	1.0014431e-15
5426.493988418582	9.95293e-16
5429.546840810779	1.0066881e-15
5432.599693202976	1.0166197e-15
5435.652545595172	1.0161037e-15
5438.705397987369	1.0379931e-15
5441.758250379566	1.0525505e-15
5444.811102771762	1.0305001e-15
5447.863955163959	1.0611217e-15
5450.916807556156	1.0685962e-15
5453.969659948352	1.0666105e-15
5457.022512340549	1.0697271e-15
5460.075364732746	1.0430328e-15
5463.128217124942	1.0678185e-15
5466.181069517139	1.0835403e-15
5469.233921909336	1.0695893e-15
5472.286774301532	1.0797033e-15
5475.339626693729	1.0680427e-15
5478.3924790859255	1.0392412e-15
5481.445331478122	1.0416639e-15
5484.498183870319	1.038517e-15
5487.5510362625155	1.019064e-15
5490.603888654712	1.0185503e-15
5493.656741046909	1.0167185e-15
5496.709593439105	1.0465232e-15
5499.762445831302	1.0061584e-15
5502.815298223499	1.0042008e-15
5505.868150615695	1.0170024e-15
5508.921003007892	1.0093724e-15
5511.973855400089	9.971656e-16
5515.026707792285	9.76017e-16
5518.079560184482	9.794061e-16
5521.132412576679	9.974236e-16
5524.185264968875	9.88007e-16
5527.238117361072	9.86838e-16
5530.290969753269	9.906061e-16
5533.343822145465	9.907803e-16
5536.396674537662	1.0024164e-15
5539.449526929859	9.968041e-16
5542.502379322055	9.970436e-16
5545.555231714252	9.903452e-16
5548.608084106449	1.0090575e-15
5551.660936498645	9.940088e-16
5554.713788890842	9.835123e-16
5557.766641283039	9.927506e-16
5560.819493675235	9.962574e-16
5563.872346067432	1.0005703e-15
5566.9251984596285	9.838096e-16
5569.978050851825	9.785654e-16
5573.030903244022	9.834381e-16
5576.0837556362185	1.0064056e-15
5579.136608028415	1.0063846e-15
5582.189460420612	9.728076e-16
5585.242312812808	9.651718e-16
5588.295165205005	9.735756e-16
5591.348017597202	9.755232e-16
5594.400869989398	9.968182e-16
5597.453722381595	1.0178789e-15
5600.506574773792	9.761644e-16
5603.559427165988	9.495934e-16
5606.612279558185	9.839342e-16
5609.665131950382	9.987277e-16
5612.717984342578	9.936282e-16
5615.770836734775	9.986684e-16
5618.823689126972	9.874929e-16
5621.876541519168	9.741462e-16
5624.929393911365	9.610337e-16
5627.982246303562	9.639098e-16
5631.035098695758	9.553225e-16
5634.087951087956	9.565658e-16
5637.1408034801525	9.614029e-16
5640.193655872349	9.308268e-16
5643.246508264546	9.100636e-16
5646.2993606567425	9.076428e-16
5649.352213048939	8.986822e-16
5652.405065441136	8.8137876e-16
5655.457917833332	8.606268e-16
5658.510770225529	8.4651954e-16
5661.563622617726	8.379692e-16
5664.616475009922	7.976355e-16
5667.669327402119	7.933932e-16
5670.722179794316	7.7353844e-16
5673.775032186512	7.529045e-16
5676.827884578709	7.3312973e-16
5679.880736970906	7.121672e-16
5682.933589363102	7.046497e-16
5685.986441755299	6.7754435e-16
5689.039294147496	6.4186674e-16
5692.092146539692	6.104451e-16
5695.144998931889	6.050646e-16
5698.197851324086	6.0434054e-16
5701.250703716282	6.187397e-16
5704.303556108479	6.2448817e-16
5707.356408500676	6.0186355e-16
5710.409260892872	6.053259e-16
5713.462113285069	5.980639e-16
5716.5149656772655	6.0500175e-16
5719.567818069462	5.92225e-16
5722.620670461659	5.95944e-16
5725.6735228538555	6.0316666e-16
5728.726375246052	5.9076816e-16
5731.779227638249	5.957013e-16
5734.8320800304455	6.167301e-16
5737.884932422642	6.044731e-16
5740.937784814839	6.190537e-16
5743.990637207035	6.2340386e-16
5747.043489599232	6.275543e-16
5750.096341991429	6.4780286e-16
5753.149194383625	6.5415253e-16
5756.202046775822	6.5957545e-16
5759.254899168019	6.551045e-16
5762.307751560215	6.89363e-16
5765.360603952412	6.934964e-16
5768.413456344609	6.7905504e-16
5771.466308736805	6.9803826e-16
5774.519161129002	7.3819324e-16
5777.572013521199	7.4333743e-16
5780.624865913395	7.522362e-16
5783.677718305592	7.5338493e-16
5786.730570697789	7.8632795e-16
5789.783423089985	8.262668e-16
5792.836275482182	8.318123e-16
5795.889127874379	8.167422e-16
5798.941980266575	8.3480423e-16
5801.994832658772	8.584136e-16
5805.0476850509685	8.3601437e-16
5808.100537443165	8.624542e-16
5811.153389835362	9.141244e-16
5814.2062422275585	9.153147e-16
5817.259094619755	8.888686e-16
5820.311947011952	9.103028e-16
5823.3647994041485	9.444864e-16
5826.417651796345	8.955447e-16
5829.470504188542	9.472336e-16
5832.523356580738	9.519524e-16
5835.576208972935	9.574787e-16
5838.629061365132	9.627441e-16
5841.681913757328	9.636379e-16
5844.734766149525	9.78659e-16
5847.787618541722	9.829867e-16
5850.840470933918	9.640481e-16
5853.893323326115	9.85318e-16
5856.946175718312	9.674631e-16
5859.999028110508	9.745803e-16
5863.051880502705	9.825889e-16
5866.104732894902	9.667266e-16
5869.157585287098	9.870235e-16
5872.210437679295	9.877074e-16
5875.263290071492	9.54793e-16
5878.316142463688	9.835138e-16
5881.368994855885	9.946889e-16
5884.421847248082	9.895276e-16
5887.474699640278	9.977539e-16
5890.527552032475	9.945391e-16
5893.5804044246715	9.875901e-16
5896.633256816868	9.751743e-16
5899.686109209065	9.827915e-16
5902.7389616012615	9.769066e-16
5905.791813993458	9.940545e-16
5908.844666385655	1.0060635e-15
5911.8975187778515	1.0020914e-15
5914.950371170048	1.0083588e-15
5918.003223562246	9.890053e-16
5921.056075954442	9.827859e-16
5924.108928346639	9.833632e-16
5927.161780738836	9.960285e-16
5930.214633131032	9.926593e-16
5933.267485523229	9.727773e-16
5936.320337915426	9.644663e-16
5939.373190307622	9.768213e-16
5942.426042699819	9.68751e-16
5945.478895092016	9.697502e-16
5948.531747484212	9.660719e-16
5951.584599876409	9.695447e-16
5954.637452268606	9.793818e-16
5957.690304660802	9.683004e-16
5960.743157052999	9.57064e-16
5963.7960094451955	9.787332e-16
5966.848861837392	9.849352e-16
5969.901714229589	9.544943e-16
5972.9545666217855	9.376241e-16
5976.007419013982	9.483309e-16
5979.060271406179	9.549056e-16
5982.113123798375	9.548513e-16
5985.165976190572	9.387229e-16
5988.218828582769	9.416125e-16
5991.271680974965	9.29848e-16
5994.324533367162	9.201194e-16
5997.377385759359	9.274373e-16
6000.430238151555	9.372804e-16
6003.483090543752	9.176518e-16
6006.535942935949	9.033613e-16
6009.588795328145	9.311193e-16
6012.641647720342	9.030965e-16
6015.694500112539	8.987248e-16
6018.747352504735	9.003924e-16
6021.800204896932	8.785952e-16
6024.853057289129	8.987488e-16
6027.905909681325	9.183329e-16
6030.958762073522	9.394597e-16
6034.011614465719	9.060055e-16
6037.064466857915	9.068836e-16
6040.117319250112	9.122064e-16
6043.170171642309	9.089897e-16
6046.223024034505	9.185401e-16
6049.275876426702	8.98177e-16
6052.3287288188985	9.026756e-16
6055.381581211095	8.8438467e-16
6058.434433603292	8.5774823e-16
6061.4872859954885	8.5910253e-16
6064.540138387685	8.5529877e-16
6067.592990779882	8.5063024e-16
6070.6458431720785	8.5317695e-16
6073.698695564275	8.4999465e-16
6076.751547956472	8.443668e-16
6079.804400348668	8.342028e-16
6082.857252740865	8.3708306e-16
6085.910105133062	8.5230456e-16
6088.962957525258	8.5425856e-16
6092.015809917455	8.443604e-16
6095.068662309652	8.4116947e-16
6098.121514701848	8.2750757e-16
6101.174367094045	8.4523147e-16
6104.227219486242	8.397826e-16
6107.280071878438	8.107807e-16
6110.332924270635	8.063631e-16
6113.385776662832	8.090837e-16
6116.438629055028	8.3922955e-16
6119.491481447225	8.530105e-16
6122.544333839422	8.0728264e-16
6125.597186231618	7.847243e-16
6128.650038623815	8.3474954e-16
6131.702891016012	8.6679894e-16
6134.755743408208	8.200129e-16
6137.808595800405	8.139723e-16
6140.8614481926015	8.2902455e-16
6143.914300584798	8.2057243e-16
6146.967152976995	8.153277e-16
6150.0200053691915	8.231211e-16
6153.072857761388	8.335723e-16
6156.125710153585	8.1233747e-16
6159.1785625457815	8.2998254e-16
6162.231414937978	8.412631e-16
6165.284267330175	8.3615593e-16
6168.337119722371	8.2302735e-16
6171.389972114568	8.1006504e-16
6174.442824506765	8.208093e-16
6177.495676898961	8.2193605e-16
6180.548529291158	8.161418e-16
6183.601381683355	8.2702354e-16
6186.654234075551	8.074011e-16
6189.707086467748	8.1711966e-16
6192.759938859945	7.956113e-16
6195.812791252141	7.6572493e-16
6198.865643644338	7.760833e-16
6201.918496036535	7.424522e-16
6204.971348428731	7.441976e-16
6208.024200820928	7.313447e-16
6211.077053213125	7.1398567e-16
6214.129905605321	6.9544195e-16
6217.182757997518	6.88729e-16
6220.235610389715	7.0313735e-16
6223.288462781911	6.636297e-16
6226.341315174108	6.618471e-16
6229.3941675663045	6.4173937e-16
6232.447019958501	6.130096e-16
6235.499872350698	5.9455434e-16
6238.5527247428945	5.732462e-16
6241.605577135091	5.5622727e-16
6244.658429527288	5.5348796e-16
6247.7112819194845	5.3274195e-16
6250.764134311681	5.281508e-16
6253.816986703878	5.027466e-16
6256.869839096074	4.6812986e-16
6259.922691488271	4.636644e-16
6262.975543880468	4.49609e-16
6266.028396272664	4.541853e-16
6269.081248664861	4.518403e-16
6272.134101057058	4.182294e-16
6275.186953449254	3.9024208e-16
6278.239805841451	3.8296639e-16
6281.292658233648	3.6589457e-16
6284.345510625844	3.5942443e-16
6287.398363018041	3.5845272e-16
6290.451215410238	3.447413e-16
6293.504067802434	3.3726576e-16
6296.556920194631	3.297433e-16
6299.609772586828	3.2242214e-16
6302.662624979024	3.134305e-16
6305.715477371221	3.1985465e-16
6308.768329763418	3.066741e-16
6311.821182155614	3.0152592e-16
6314.874034547811	2.8771687e-16
6317.9268869400075	2.8554066e-16
6320.979739332204	2.7996866e-16
6324.032591724401	2.598431e-16
6327.0854441165975	2.9252643e-16
6330.138296508794	2.8516396e-16
6333.191148900991	2.7554916e-16
6336.2440012931875	2.852983e-16
6339.296853685384	2.881515e-16
6342.349706077581	2.8364216e-16
6345.402558469777	2.933143e-16
6348.455410861974	2.9808596e-16
6351.508263254171	2.926525e-16
6354.561115646367	3.1652094e-16
6357.613968038564	3.417903e-16
6360.666820430761	3.3852498e-16
6363.719672822957	3.4365403e-16
6366.772525215154	3.500051e-16
6369.825377607351	3.6539413e-16
6372.878229999547	3.9898476e-16
6375.931082391744	4.1508357e-16
6378.983934783941	4.3987337e-16
6382.036787176137	4.758428e-16
6385.089639568334	4.9341014e-16
6388.142491960531	5.30484e-16
6391.195344352727	5.5231863e-16
6394.248196744924	5.506686e-16
6397.301049137121	5.551359e-16
6400.353901529317	5.802045e-16
6403.406753921514	6.030731e-16
6406.4596063137105	6.195446e-16
6409.512458705907	6.509392e-16
6412.565311098104	6.6220623e-16
6415.6181634903005	6.6035525e-16
6418.671015882497	6.8758736e-16
6421.723868274694	7.1122815e-16
6424.7767206668905	7.1575597e-16
6427.829573059087	7.2298185e-16
6430.882425451284	7.1279395e-16
6433.93527784348	7.337726e-16
6436.988130235677	7.3348056e-16
6440.040982627874	7.4258743e-16
6443.09383502007	7.5902924e-16
6446.146687412267	7.589836e-16
6449.199539804464	7.779384e-16
6452.25239219666	7.663606e-16
6455.305244588857	7.528095e-16
6458.358096981054	7.484299e-16
6461.41094937325	7.565564e-16
6464.463801765447	7.558026e-16
6467.516654157644	7.43884e-16
6470.56950654984	7.589533e-16
6473.622358942037	7.613986e-16
6476.675211334234	7.45351e-16
6479.72806372643	7.1951224e-16
6482.780916118627	7.2895264e-16
6485.833768510824	7.641143e-16
6488.88662090302	7.5866327e-16
6491.939473295217	7.435553e-16
6494.9923256874135	7.495982e-16
6498.04517807961	7.301803e-16
6501.098030471807	7.3907177e-16
6504.1508828640035	7.58455e-16
6507.2037352562	7.4546385e-16
6510.256587648397	7.4997965e-16
6513.3094400405935	7.4976117e-16
6516.36229243279	7.706059e-16
6519.415144824987	7.524023e-16
6522.467997217183	7.583646e-16
6525.52084960938	7.934797e-16
6528.573702001577	7.8595515e-16
6531.626554393773	7.9714377e-16
6534.67940678597	8.29971e-16
6537.732259178167	8.122562e-16
6540.785111570363	8.0377715e-16
6543.83796396256	8.262386e-16
6546.890816354757	8.293572e-16
6549.943668746953	8.145649e-16
6552.99652113915	8.3012935e-16
6556.049373531347	8.319505e-16
6559.102225923543	8.441545e-16
6562.15507831574	8.3875733e-16
6565.207930707937	8.312784e-16
6568.260783100133	8.6634233e-16
6571.31363549233	9.008129e-16
6574.366487884527	9.07077e-16
6577.419340276723	9.083455e-16
6580.47219266892	8.928268e-16
6583.5250450611165	9.116123e-16
6586.577897453313	9.458288e-16
6589.63074984551	9.265964e-16
6592.6836022377065	9.310777e-16
6595.736454629903	9.556191e-16
6598.7893070221	9.665198e-16
6601.8421594142965	9.627772e-16
6604.895011806493	9.654448e-16
6607.94786419869	9.749898e-16
6611.000716590886	9.806077e-16
6614.053568983083	9.54552e-16
6617.10642137528	9.830037e-16
6620.159273767476	9.836648e-16
6623.212126159673	9.713849e-16
6626.26497855187	9.865484e-16
6629.317830944066	9.83684e-16
6632.370683336263	9.813953e-16
6635.42353572846	9.644955e-16
6638.476388120656	9.621e-16
6641.529240512853	9.639076e-16
6644.58209290505	9.495887e-16
6647.634945297246	9.280966e-16
6650.687797689443	9.158163e-16
6653.74065008164	9.397454e-16
6656.793502473836	9.593991e-16
6659.846354866033	9.351283e-16
6662.89920725823	9.323998e-16
6665.952059650426	9.431211e-16
6669.004912042623	9.238252e-16
6672.05776443482	9.683121e-16
6675.110616827016	9.627079e-16
6678.163469219213	9.528552e-16
6681.2163216114095	9.490858e-16
6684.269174003606	9.452085e-16
6687.322026395803	9.517153e-16
6690.3748787879995	9.546135e-16
6693.427731180196	9.563151e-16
6696.480583572393	9.448947e-16
6699.533435964589	9.599664e-16
6702.586288356786	9.682874e-16
6705.639140748983	9.614957e-16
6708.691993141179	9.71578e-16
6711.744845533376	9.685042e-16
6714.797697925573	9.786296e-16
6717.850550317769	9.562963e-16
6720.903402709966	9.551981e-16
6723.956255102163	9.906484e-16
6727.009107494359	9.9384e-16
6730.061959886556	9.640723e-16
6733.114812278753	9.723778e-16
6736.167664670949	9.495948e-16
6739.220517063146	9.418976e-16
6742.273369455343	9.508552e-16
6745.326221847539	9.523029e-16
6748.379074239736	9.576961e-16
6751.431926631933	9.636015e-16
6754.484779024129	9.749715e-16
6757.537631416326	9.45315e-16
6760.590483808523	9.270151e-16
6763.643336200719	9.415745e-16
6766.696188592916	9.494796e-16
6769.749040985113	9.507774e-16
6772.80189337731	9.394381e-16
6775.854745769507	9.261711e-16
6778.907598161703	9.230056e-16
6781.9604505539	9.294575e-16
6785.013302946097	9.264701e-16
6788.066155338293	9.170583e-16
6791.11900773049	9.159573e-16
6794.171860122687	9.05367e-16
6797.224712514883	8.8778656e-16
6800.27756490708	8.788366e-16
6803.330417299277	8.638475e-16
6806.383269691473	8.44684e-16
6809.43612208367	8.4456956e-16
6812.488974475867	8.2674984e-16
6815.541826868063	8.167057e-16
6818.59467926026	8.156694e-16
6821.647531652457	8.2053813e-16
6824.700384044653	8.173428e-16
6827.75323643685	7.8587463e-16
6830.8060888290465	7.815478e-16
6833.858941221243	7.6702693e-16
6836.91179361344	7.6487716e-16
6839.9646460056365	7.4126924e-16
6843.017498397833	7.1136373e-16
6846.07035079003	7.314161e-16
6849.1232031822265	7.3398925e-16
6852.176055574423	7.3031133e-16
6855.22890796662	7.000548e-16
6858.281760358816	6.937632e-16
6861.334612751013	6.946616e-16
6864.38746514321	6.7095936e-16
6867.440317535406	6.571933e-16
6870.493169927603	6.505709e-16
6873.5460223198	6.688032e-16
6876.598874711996	6.6729965e-16
6879.651727104193	6.4698796e-16
6882.70457949639	6.4243865e-16
6885.757431888586	6.497397e-16
6888.810284280783	6.522764e-16
6891.86313667298	6.719891e-16
6894.915989065176	6.5562605e-16
6897.968841457373	6.6853595e-16
6901.02169384957	6.8763257e-16
6904.074546241766	6.4100965e-16
6907.127398633963	6.8619367e-16
6910.18025102616	7.0172635e-16
6913.233103418356	6.7770667e-16
6916.285955810553	6.585545e-16
6919.3388082027495	6.7268646e-16
6922.391660594946	7.055528e-16
6925.444512987143	7.113712e-16
6928.4973653793395	7.007491e-16
6931.550217771536	7.0398306e-16
6934.603070163733	7.19922e-16
6937.6559225559295	7.0626936e-16
6940.708774948126	6.945288e-16
6943.761627340323	7.31404e-16
6946.814479732519	7.293671e-16
6949.867332124716	7.473569e-16
6952.920184516913	7.578747e-16
6955.973036909109	7.5058183e-16
6959.025889301306	7.6078567e-16
6962.078741693503	7.5803625e-16
6965.131594085699	7.4960674e-16
6968.184446477896	7.872975e-16
6971.237298870093	7.8775213e-16
6974.290151262289	7.8352676e-16
6977.343003654486	7.9860093e-16
6980.395856046683	7.942144e-16
6983.448708438879	7.954384e-16
6986.501560831076	7.7962114e-16
6989.554413223273	7.6645195e-16
6992.607265615469	7.7269405e-16
6995.660118007666	7.8820513e-16
6998.712970399863	7.6807667e-16
7001.765822792059	7.526295e-16
7004.818675184256	7.8608294e-16
7007.8715275764525	7.859788e-16
7010.924379968649	7.7256557e-16
7013.977232360846	7.805691e-16
7017.0300847530425	7.825763e-16
7020.082937145239	7.6388565e-16
7023.135789537436	7.766799e-16
7026.1886419296325	7.756091e-16
7029.241494321829	7.5009876e-16
7032.294346714026	7.551688e-16
7035.347199106222	7.8322024e-16
7038.400051498419	7.5980057e-16
7041.452903890616	7.456156e-16
7044.505756282812	7.5288047e-16
7047.558608675009	7.7012675e-16
7050.611461067206	7.6392324e-16
7053.664313459403	7.435608e-16
7056.7171658516	7.4417647e-16
7059.770018243797	7.434859e-16
7062.822870635993	7.488067e-16
7065.87572302819	7.4999124e-16
7068.928575420387	7.317612e-16
7071.981427812583	7.1847844e-16
7075.03428020478	7.293339e-16
7078.0871325969765	7.460356e-16
7081.139984989173	7.451522e-16
7084.19283738137	7.4215725e-16
7087.2456897735665	7.455253e-16
7090.298542165763	7.399213e-16
7093.35139455796	7.2973646e-16
7096.404246950156	7.395987e-16
7099.457099342353	7.477459e-16
7102.50995173455	7.5925206e-16
7105.562804126746	7.6475074e-16
7108.615656518943	7.6559226e-16
7111.66850891114	7.579562e-16
7114.721361303336	7.3508955e-16
7117.774213695533	7.248874e-16
7120.82706608773	7.241766e-16
7123.879918479926	7.3077556e-16
7126.932770872123	7.3907325e-16
7129.98562326432	7.302716e-16
7133.038475656516	7.172769e-16
7136.091328048713	7.207776e-16
7139.14418044091	7.286524e-16
7142.197032833106	7.2962216e-16
7145.249885225303	7.33471e-16
7148.3027376175	7.4401526e-16
7151.355590009696	7.2852774e-16
7154.408442401893	7.1715183e-16
7157.46129479409	7.28849e-16
7160.514147186286	7.368371e-16
7163.566999578483	7.351307e-16
7166.6198519706795	7.294151e-16
7169.672704362876	7.3029e-16
7172.725556755073	7.274601e-16
7175.7784091472695	7.3779984e-16
7178.831261539466	7.3890003e-16
7181.884113931663	7.3957644e-16
7184.936966323859	7.4523584e-16
7187.989818716056	7.5068014e-16
7191.042671108253	7.3800355e-16
7194.095523500449	7.1605873e-16
7197.148375892646	7.395192e-16
7200.201228284843	7.43869e-16
7203.254080677039	7.4152435e-16
7206.306933069236	7.646906e-16
7209.359785461433	7.416002e-16
7212.412637853629	7.532621e-16
7215.465490245826	7.5498614e-16
7218.518342638023	7.440064e-16
7221.571195030219	7.380647e-16
7224.624047422416	7.346231e-16
7227.676899814613	7.5983244e-16
7230.729752206809	7.643905e-16
7233.782604599006	7.480212e-16
7236.835456991203	7.503686e-16
7239.888309383399	7.4756984e-16
7242.941161775596	7.338796e-16
7245.994014167793	7.4037816e-16
7249.046866559989	7.360707e-16
7252.099718952186	7.3274284e-16
7255.1525713443825	7.492908e-16
7258.205423736579	7.5472097e-16
7261.258276128776	7.377639e-16
7264.3111285209725	7.33479e-16
7267.363980913169	7.216604e-16
7270.416833305366	7.152286e-16
7273.469685697562	7.279046e-16
7276.522538089759	7.21953e-16
7279.575390481956	6.9908806e-16
7282.628242874152	7.059305e-16
7285.681095266349	7.0267693e-16
7288.733947658546	7.093203e-16
7291.786800050742	7.1989007e-16
7294.839652442939	7.2737673e-16
7297.892504835136	7.082199e-16
7300.945357227332	6.7749417e-16
7303.998209619529	7.041289e-16
7307.051062011726	7.1987954e-16
7310.103914403922	7.14602e-16
7313.156766796119	7.1090025e-16
7316.209619188316	6.92735e-16
7319.262471580512	6.842248e-16
7322.315323972709	6.903015e-16
7325.368176364906	7.021925e-16
7328.421028757102	7.115123e-16
7331.473881149299	7.0051144e-16
7334.526733541496	6.8824397e-16
7337.579585933692	7.031805e-16
7340.632438325889	6.956474e-16
7343.6852907180855	6.853344e-16
7346.738143110282	7.099672e-16
7349.790995502479	6.966207e-16
7352.8438478946755	6.552888e-16
7355.896700286872	6.950116e-16
7358.949552679069	6.9087644e-16
7362.0024050712655	6.844257e-16
7365.055257463462	6.8312667e-16
7368.108109855659	6.8340206e-16
7371.160962247855	6.915232e-16
7374.213814640052	6.8716765e-16
7377.266667032249	6.8832894e-16
7380.319519424445	6.863876e-16
7383.372371816642	6.737577e-16
7386.425224208839	6.902859e-16
7389.478076601035	7.126168e-16
7392.530928993232	6.9868354e-16
7395.583781385429	6.872568e-16
7398.636633777625	7.060551e-16
7401.689486169822	7.088635e-16
7404.742338562019	7.0147124e-16
7407.795190954215	7.0412345e-16
7410.848043346412	6.9648385e-16
7413.900895738609	7.089536e-16
7416.953748130805	6.871231e-16
7420.006600523002	6.989405e-16
7423.059452915199	7.2907604e-16
7426.112305307395	7.0823903e-16
7429.165157699592	6.9276707e-16
7432.2180100917885	7.004819e-16
7435.270862483985	6.966504e-16
7438.323714876182	7.0643337e-16
7441.3765672683785	7.1156374e-16
7444.429419660575	7.0580667e-16
7447.482272052772	7.1384554e-16
7450.5351244449685	7.0772954e-16
7453.587976837165	7.065971e-16
7456.640829229362	6.9953984e-16
7459.693681621558	6.876792e-16
7462.746534013755	6.762975e-16
7465.799386405952	6.940025e-16
7468.852238798148	6.9979633e-16
7471.905091190345	7.109473e-16
7474.957943582542	7.025948e-16
7478.010795974738	6.8275943e-16
7481.063648366935	6.818098e-16
7484.116500759132	6.7779497e-16
7487.169353151328	6.904391e-16
7490.222205543525	6.7407665e-16
7493.275057935722	6.5423755e-16
7496.327910327918	6.6037526e-16
7499.380762720115	6.726811e-16
7502.433615112312	6.56287e-16
7505.486467504508	6.4245427e-16
7508.539319896705	6.528215e-16
7511.592172288902	6.592977e-16
7514.645024681098	6.5768286e-16
7517.697877073295	6.6169573e-16
7520.7507294654915	6.420594e-16
7523.803581857688	6.305951e-16
7526.856434249885	6.4299716e-16
7529.9092866420815	6.39428e-16
7532.962139034278	6.193431e-16
7536.014991426475	6.2948376e-16
7539.0678438186715	6.2039044e-16
7542.120696210868	6.081661e-16
7545.173548603065	6.2486134e-16
7548.226400995261	6.3233635e-16
7551.279253387458	6.1405426e-16
7554.332105779655	6.0103213e-16
7557.384958171851	6.1055644e-16
7560.437810564048	5.9641723e-16
7563.490662956245	5.935179e-16
7566.543515348441	5.9543505e-16
7569.596367740638	5.996891e-16
7572.649220132835	6.0706655e-16
7575.702072525031	5.843125e-16
7578.754924917228	5.808349e-16
7581.807777309425	5.793275e-16
7584.860629701621	5.727374e-16
7587.913482093818	5.655368e-16
7590.966334486015	5.6212177e-16
7594.019186878211	5.741811e-16
7597.072039270408	5.627115e-16
7600.124891662605	5.6877267e-16
7603.177744054801	5.542865e-16
7606.230596446998	5.354798e-16
7609.2834488391945	6.0556794e-16
7612.336301231391	5.935024e-16
7615.389153623588	5.346548e-16
7618.4420060157845	5.3555606e-16
7621.494858407981	5.393183e-16
7624.547710800178	5.3194495e-16
7627.6005631923745	5.899355e-16
7630.653415584571	5.3991325e-16
7633.706267976768	5.247195e-16
7636.759120368964	5.448261e-16
7639.811972761161	5.1918196e-16
7642.864825153358	5.130065e-16
7645.917677545554	5.4911415e-16
7648.970529937751	5.291582e-16
7652.023382329948	5.3998223e-16
7655.076234722144	5.549125e-16
7658.129087114341	5.511769e-16
7661.181939506538	5.5087545e-16
7664.234791898734	5.427683e-16
7667.287644290931	5.184814e-16
7670.340496683128	5.4437643e-16
7673.393349075324	5.6124435e-16
7676.446201467521	5.5304915e-16
7679.499053859718	5.750922e-16
7682.551906251914	5.818661e-16
7685.604758644111	5.8829604e-16
7688.657611036308	5.69708e-16
7691.710463428504	5.6426836e-16
7694.763315820701	5.7322574e-16
7697.8161682128975	5.6901206e-16
7700.869020605094	5.8911756e-16
7703.921872997291	5.9439685e-16
7706.9747253894875	5.790138e-16
7710.027577781684	5.929615e-16
7713.080430173881	6.032248e-16
7716.1332825660775	5.647803e-16
7719.186134958274	5.588741e-16
7722.238987350471	5.982069e-16
7725.291839742667	6.1526456e-16
7728.344692134864	5.8059434e-16
7731.397544527061	5.6371207e-16
7734.450396919257	6.0907524e-16
7737.503249311454	5.9500957e-16
7740.556101703651	5.76847e-16
7743.608954095847	5.868868e-16
7746.661806488044	6.0416467e-16
7749.714658880241	6.031567e-16
7752.767511272437	5.9168237e-16
7755.820363664634	5.8799227e-16
7758.873216056831	5.954353e-16
7761.926068449027	5.8882443e-16
7764.978920841225	5.8382794e-16
7768.0317732334215	5.848378e-16
7771.084625625618	6.085162e-16
7774.137478017815	5.8323285e-16
7777.1903304100115	5.8288106e-16
7780.243182802208	6.039766e-16
7783.296035194405	6.0445923e-16
7786.348887586601	6.097494e-16
7789.401739978798	6.125642e-16
7792.454592370995	6.020248e-16
7795.507444763191	6.0109476e-16
7798.560297155388	6.193773e-16
7801.613149547585	6.179538e-16
7804.666001939781	5.991522e-16
7807.718854331978	6.340858e-16
7810.771706724175	6.121484e-16
7813.824559116371	6.035188e-16
7816.877411508568	6.133394e-16
7819.930263900765	5.8554514e-16
7822.983116292961	5.8452605e-16
7826.035968685158	5.9297923e-16
7829.088821077355	6.152659e-16
7832.141673469551	6.11344e-16
7835.194525861748	6.051653e-16
7838.247378253945	5.998648e-16
7841.300230646141	5.97599e-16
7844.353083038338	6.0364084e-16
7847.405935430535	5.9818854e-16
7850.458787822731	6.062655e-16
7853.511640214928	6.1697853e-16
7856.5644926071245	6.1023467e-16
7859.617344999321	6.2094455e-16
7862.670197391518	5.9850517e-16
7865.7230497837145	5.754415e-16
7868.775902175911	5.9310433e-16
7871.828754568108	6.144685e-16
7874.881606960304	5.8239174e-16
7877.934459352501	5.8674766e-16
7880.987311744698	6.0347513e-16
7884.040164136894	5.950483e-16
7887.093016529091	5.9849093e-16
7890.145868921288	6.0414863e-16
7893.198721313484	5.8240604e-16
7896.251573705681	5.766837e-16
7899.304426097878	5.774442e-16
7902.357278490074	5.7629417e-16
7905.410130882271	5.6382806e-16
7908.462983274468	5.6689766e-16
7911.515835666664	5.9750075e-16
7914.568688058861	5.77262e-16
7917.621540451058	5.611254e-16
7920.674392843254	5.702335e-16
7923.727245235451	5.669244e-16
7926.780097627648	5.4863775e-16
7929.832950019844	5.6526627e-16
7932.885802412041	5.852615e-16
7935.938654804238	5.978827e-16
7938.991507196434	5.893847e-16
7942.044359588631	5.7580966e-16
7945.0972119808275	5.8174244e-16
7948.150064373024	5.8368315e-16
7951.202916765221	5.901515e-16
7954.2557691574175	5.930397e-16
7957.308621549614	5.7541966e-16
7960.361473941811	5.5428645e-16
7963.4143263340075	5.8190115e-16
7966.467178726204	5.6929296e-16
7969.520031118401	5.62721e-16
7972.572883510597	5.603199e-16
7975.625735902794	5.500734e-16
7978.678588294991	5.421509e-16
7981.731440687187	5.673796e-16
7984.784293079384	5.6688765e-16
7987.837145471581	5.658453e-16
7990.889997863777	5.786824e-16
7993.942850255974	5.6452856e-16
7996.995702648171	5.5441525e-16
8000.048555040367	5.667213e-16
8003.101407432564	5.864881e-16
8006.154259824761	5.6608197e-16
8009.207112216957	5.3834444e-16
8012.259964609154	5.521762e-16
8015.312817001351	5.438222e-16
8018.365669393547	5.36537e-16
8021.418521785744	5.267279e-16
8024.471374177941	5.4866877e-16
8027.524226570137	5.668147e-16
8030.577078962334	5.416665e-16
8033.6299313545305	5.432341e-16
8036.682783746727	5.542081e-16
8039.735636138924	5.419798e-16
8042.7884885311205	5.292461e-16
8045.841340923317	5.4496406e-16
8048.894193315514	5.323055e-16
8051.9470457077105	5.158233e-16
8054.999898099907	5.101444e-16
8058.052750492104	5.173212e-16
8061.1056028843	5.3029e-16
8064.158455276497	5.1720335e-16
8067.211307668694	5.355829e-16
8070.26416006089	5.185512e-16
8073.317012453087	5.0909216e-16
8076.369864845284	5.0944235e-16
8079.42271723748	5.1886205e-16
8082.475569629677	5.4135157e-16
8085.528422021874	5.2533873e-16
8088.58127441407	5.111262e-16
8091.634126806267	5.1959463e-16
8094.686979198464	5.326389e-16
8097.73983159066	5.396446e-16
8100.792683982857	5.1957144e-16
8103.845536375054	4.9341305e-16
8106.89838876725	4.8965e-16
8109.951241159447	4.9517594e-16
8113.004093551644	4.954921e-16
8116.05694594384	4.944111e-16
8119.109798336037	5.0630103e-16
8122.1626507282335	5.1903103e-16
8125.21550312043	4.935841e-16
8128.268355512627	4.6950904e-16
8131.3212079048235	4.818588e-16
8134.37406029702	4.8337783e-16
8137.426912689217	4.7386686e-16
8140.4797650814135	4.581851e-16
8143.53261747361	4.4718046e-16
8146.585469865807	4.5449046e-16
8149.638322258003	4.4979906e-16
8152.6911746502	4.5854155e-16
8155.744027042397	4.583753e-16
8158.796879434593	4.5453207e-16
8161.84973182679	4.4428175e-16
8164.902584218987	4.3093429e-16
8167.955436611183	4.1834978e-16
8171.00828900338	4.190574e-16
8174.061141395577	4.3288304e-16
8177.113993787773	4.4245925e-16
8180.16684617997	4.2947808e-16
8183.219698572167	4.2445994e-16
8186.272550964363	4.4177374e-16
8189.32540335656	4.3336204e-16
8192.378255748758	4.319144e-16
8195.431108140954	4.521278e-16
8198.48396053315	4.5427584e-16
8201.536812925347	4.461803e-16
8204.589665317544	4.71384e-16
8207.64251770974	4.751555e-16
8210.695370101937	4.689247e-16
8213.748222494134	4.5579023e-16
8216.80107488633	4.3506725e-16
8219.853927278527	4.6528494e-16
8222.906779670724	4.3594396e-16
8225.95963206292	4.0604028e-16
8229.012484455117	4.014835e-16
8232.065336847314	4.056883e-16
8235.11818923951	4.1457093e-16
8238.171041631707	4.5791385e-16
8241.223894023904	4.675304e-16
8244.2767464161	4.6833643e-16
8247.329598808297	4.6911803e-16
8250.382451200494	4.683695e-16
8253.43530359269	4.551426e-16
8256.488155984887	4.3668577e-16
8259.541008377084	4.3725278e-16
8262.59386076928	4.4266246e-16
8265.646713161477	4.3144303e-16
8268.699565553674	4.043451e-16
8271.75241794587	4.09237e-16
8274.805270338067	4.1067005e-16
8277.858122730264	3.9588036e-16
8280.91097512246	3.8686051e-16
8283.963827514657	3.9294555e-16
8287.016679906854	4.0007738e-16
8290.06953229905	3.9202326e-16
8293.122384691247	3.754588e-16
8296.175237083444	3.5929811e-16
8299.22808947564	3.4403966e-16
8302.280941867837	3.6458739e-16
8305.333794260034	3.6544972e-16
8308.38664665223	3.4245177e-16
8311.439499044427	3.2612206e-16
8314.492351436624	3.332594e-16
8317.54520382882	3.2027536e-16
8320.598056221017	3.124345e-16
8323.650908613214	3.0859051e-16
8326.70376100541	3.1718774e-16
8329.756613397607	3.2811407e-16
8332.809465789804	3.2102665e-16
8335.862318182	3.1387836e-16
8338.915170574197	3.1744336e-16
8341.968022966394	3.209552e-16
8345.02087535859	3.318665e-16
8348.073727750787	3.4662184e-16
8351.126580142984	3.4819672e-16
8354.17943253518	3.3417562e-16
8357.232284927377	3.4479268e-16
8360.285137319574	3.4355611e-16
8363.33798971177	3.2871612e-16
8366.390842103967	3.2772795e-16
8369.443694496164	3.2623985e-16
8372.49654688836	3.2627166e-16
8375.549399280557	3.585762e-16
8378.602251672753	3.6432134e-16
8381.65510406495	3.43036e-16
8384.707956457147	3.5263464e-16
8387.760808849343	3.531302e-16
8390.81366124154	3.7243448e-16
8393.866513633737	3.5512804e-16
8396.919366025933	3.3219544e-16
8399.97221841813	3.6059595e-16
8403.025070810327	3.7655858e-16
8406.077923202523	3.509951e-16
8409.13077559472	3.7776804e-16
8412.183627986917	3.9391815e-16
8415.236480379113	3.6177733e-16
8418.28933277131	3.5996277e-16
8421.342185163507	3.6209356e-16
8424.395037555703	3.763931e-16
8427.4478899479	3.7491348e-16
8430.500742340097	3.4895822e-16
8433.553594732293	3.4861764e-16
8436.60644712449	3.9390304e-16
8439.659299516687	3.571682e-16
8442.712151908883	3.536905e-16
8445.76500430108	3.7314247e-16
8448.817856693277	3.7134067e-16
8451.870709085473	3.5022475e-16
8454.92356147767	3.4663677e-16
8457.976413869867	3.4733187e-16
8461.029266262063	3.4422908e-16
8464.08211865426	3.5086725e-16
8467.134971046456	3.6409105e-16
8470.187823438653	3.352985e-16
8473.24067583085	3.3955227e-16
8476.293528223046	3.586353e-16
8479.346380615243	3.678852e-16
8482.39923300744	3.918691e-16
8485.452085399636	3.80486e-16
8488.504937791833	3.651522e-16
8491.55779018403	3.7062633e-16
8494.610642576226	3.9788208e-16
8497.663494968423	4.0404983e-16
8500.71634736062	3.7132093e-16
8503.769199752816	3.8842046e-16
8506.822052145013	3.9687316e-16
8509.87490453721	3.957144e-16
8512.927756929406	4.0669633e-16
8515.980609321603	4.2346367e-16
8519.0334617138	4.1046385e-16
8522.086314105996	4.215731e-16
8525.139166498193	4.447655e-16
8528.19201889039	4.3615317e-16
8531.244871282586	4.3575692e-16
8534.297723674783	4.577604e-16
8537.35057606698	4.6443277e-16
8540.403428459176	4.6181703e-16
8543.456280851373	4.653104e-16
8546.50913324357	4.582433e-16
8549.561985635766	4.5734956e-16
8552.614838027963	4.637285e-16
8555.66769042016	4.595157e-16
8558.720542812356	4.7155706e-16
8561.773395204553	4.9412016e-16
8564.82624759675	4.833885e-16
8567.879099988946	4.860805e-16
8570.931952381143	4.867793e-16
8573.98480477334	4.8627526e-16
8577.037657165536	4.8834943e-16
8580.090509557733	4.8903754e-16
8583.14336194993	4.960397e-16
8586.196214342126	4.9382603e-16
8589.249066734323	4.978932e-16
8592.30191912652	4.968565e-16
8595.354771518716	4.9540093e-16
8598.407623910913	5.0397904e-16
8601.46047630311	5.097413e-16
8604.513328695306	5.277267e-16
8607.566181087503	5.192698e-16
8610.6190334797	5.003514e-16
8613.671885871896	5.025475e-16
8616.724738264093	5.1105246e-16
8619.77759065629	5.1616917e-16
8622.830443048486	5.361865e-16
8625.883295440683	5.4082164e-16
8628.93614783288	5.2202206e-16
8631.989000225076	5.40105e-16
8635.041852617273	5.524972e-16
8638.09470500947	5.748993e-16
8641.147557401666	5.649476e-16
8644.200409793862	5.1138794e-16
8647.25326218606	5.281937e-16
8650.306114578256	5.5772895e-16
8653.358966970452	5.4448024e-16
8656.41181936265	5.3391107e-16
8659.464671754846	5.5484687e-16
8662.517524147042	5.685689e-16
8665.570376539239	5.587187e-16
8668.623228931436	5.3561255e-16
8671.676081323632	5.493081e-16
8674.728933715829	5.762355e-16
8677.781786108026	5.610529e-16
8680.834638500222	5.572654e-16
8683.887490892419	5.559224e-16
8686.940343284616	5.469257e-16
8689.993195676812	5.504998e-16
8693.046048069009	5.600503e-16
8696.098900461206	5.344854e-16
8699.151752853402	5.6223543e-16
8702.204605245599	5.738727e-16
8705.257457637796	5.6560604e-16
8708.310310029992	5.531885e-16
8711.363162422189	5.4609553e-16
8714.416014814386	5.4139535e-16
8717.468867206582	5.307271e-16
8720.521719598779	5.302262e-16
8723.574571990976	5.372241e-16
8726.627424383172	5.367714e-16
8729.680276775369	5.4453795e-16
8732.733129167565	5.220667e-16
8735.785981559762	5.2183566e-16
8738.838833951959	5.2824643e-16
8741.891686344155	5.2094226e-16
8744.944538736352	5.4624366e-16
8747.997391128549	5.376787e-16
8751.050243520745	5.189744e-16
8754.103095912942	5.230845e-16
8757.155948305139	5.382507e-16
8760.208800697335	5.465796e-16
8763.261653089532	5.122297e-16
8766.314505481729	5.083131e-16
8769.367357873925	5.1853033e-16
8772.420210266122	5.154428e-16
8775.473062658319	5.4619856e-16
8778.525915050515	5.332911e-16
8781.578767442712	5.080216e-16
8784.631619834909	5.260289e-16
8787.684472227105	5.296648e-16
8790.737324619302	4.8138153e-16
8793.790177011499	4.756138e-16
8796.843029403695	4.897244e-16
8799.895881795892	4.9302214e-16
8802.948734188089	4.9877053e-16
8806.001586580285	5.152867e-16
8809.054438972482	4.849346e-16
8812.107291364679	4.712197e-16
8815.160143756875	4.850372e-16
8818.212996149072	4.862261e-16
8821.265848541268	4.5479597e-16
8824.318700933465	4.945327e-16
8827.371553325662	4.833733e-16
8830.424405717858	4.830173e-16
8833.477258110055	4.8763475e-16
8836.530110502252	4.6546425e-16
8839.582962894448	4.623259e-16
8842.635815286645	4.7350036e-16
8845.688667678842	4.822328e-16
8848.741520071038	4.6292304e-16
8851.794372463235	4.275065e-16
8854.847224855432	4.4513466e-16
8857.900077247628	4.643886e-16
8860.952929639825	4.63308e-16
8864.005782032022	4.415206e-16
8867.058634424218	4.1137918e-16
8870.111486816415	4.063164e-16
8873.164339208612	4.3300306e-16
8876.217191600808	4.4281927e-16
8879.270043993005	4.3604489e-16
8882.322896385202	4.1375302e-16
8885.375748777398	3.761207e-16
8888.428601169595	3.999419e-16
8891.481453561792	4.0327037e-16
8894.534305953988	4.0342713e-16
8897.587158346185	3.9800244e-16
8900.640010738382	3.8077032e-16
8903.692863130578	4.0299152e-16
8906.745715522775	3.8651477e-16
8909.798567914971	3.671993e-16
8912.851420307168	3.7368473e-16
8915.904272699365	3.566279e-16
8918.957125091561	3.4229282e-16
8922.009977483758	3.5249925e-16
8925.062829875955	3.8203502e-16
8928.115682268151	3.8201744e-16
8931.168534660348	3.4911463e-16
8934.221387052545	3.621461e-16
8937.274239444741	3.7421392e-16
8940.327091836938	3.774913e-16
8943.379944229135	3.643391e-16
8946.432796621331	3.5957134e-16
8949.485649013528	3.523884e-16
8952.538501405725	3.6106262e-16
8955.591353797921	3.4155976e-16
8958.644206190118	3.1733155e-16
8961.697058582315	3.2994893e-16
8964.749910974511	3.590791e-16
8967.802763366708	3.4933171e-16
8970.855615758905	3.1896725e-16
8973.908468151101	3.068921e-16
8976.961320543298	3.315212e-16
8980.014172935495	3.4270387e-16
8983.067025327691	3.343186e-16
8986.119877719888	3.1173147e-16
8989.172730112085	2.9149294e-16
8992.225582504281	2.94267e-16
8995.278434896478	3.2600368e-16
8998.331287288675	3.1113233e-16
9001.384139680871	3.0846947e-16
9004.436992073068	3.0664657e-16
9007.489844465264	2.984145e-16
9010.542696857461	3.0316627e-16
9013.595549249658	3.0306773e-16
9016.648401641854	3.1052972e-16
9019.701254034051	3.2331907e-16
9022.754106426248	3.1340658e-16
9025.806958818444	3.1395702e-16
9028.859811210641	3.3040873e-16
9031.912663602838	3.2977076e-16
9034.965515995034	3.3331048e-16
9038.018368387231	3.489156e-16
9041.071220779428	3.320984e-16
9044.124073171624	3.1544293e-16
9047.176925563821	3.3521866e-16
9050.229777956018	3.417676e-16
9053.282630348214	3.415413e-16
9056.335482740411	3.5598375e-16
9059.388335132608	3.078729e-16
9062.441187524804	3.1902024e-16
9065.494039917001	3.2129614e-16
9068.546892309198	2.940961e-16
9071.599744701394	3.0749885e-16
9074.65259709359	2.9284584e-16
9077.705449485788	2.895882e-16
9080.758301877984	2.9383957e-16
9083.81115427018	2.7409181e-16
9086.864006662378	2.5644807e-16
9089.916859054574	2.9839412e-16
9092.96971144677	3.0614116e-16
9096.022563838967	2.873108e-16
9099.075416231164	2.806768e-16
9102.12826862336	2.9087008e-16
9105.181121015557	2.91021e-16
9108.233973407754	3.0758503e-16
9111.28682579995	2.9732543e-16
9114.339678192147	2.8228924e-16
9117.392530584344	2.9818448e-16
9120.44538297654	2.9386413e-16
9123.498235368737	2.9653636e-16
9126.551087760934	2.9470132e-16
9129.60394015313	3.0703144e-16
9132.656792545327	3.2082757e-16
9135.709644937524	2.9221668e-16
9138.76249732972	2.6937538e-16
9141.815349721917	2.8670586e-16
9144.868202114114	3.121454e-16
9147.92105450631	3.0652198e-16
9150.973906898507	2.759882e-16
9154.026759290704	2.759849e-16
9157.0796116829	2.9553157e-16
9160.132464075097	2.9862914e-16
9163.185316467294	2.8035748e-16
9166.23816885949	2.70089e-16
9169.291021251687	2.7988695e-16
9172.343873643884	2.8648197e-16
9175.39672603608	2.887257e-16
9178.449578428277	2.9067428e-16
9181.502430820474	2.6943554e-16
9184.55528321267	2.6753822e-16
9187.608135604867	2.948971e-16
9190.660987997064	3.169103e-16
9193.71384038926	2.9802558e-16
9196.766692781457	3.0192646e-16
9199.819545173654	2.9198194e-16
9202.87239756585	2.7287778e-16
9205.925249958047	2.8895094e-16
9208.978102350244	3.1529698e-16
9212.03095474244	2.9834594e-16
9215.083807134637	3.0649106e-16
9218.136659526834	2.8948193e-16
9221.18951191903	2.762117e-16
9224.242364311227	3.217487e-16
9227.295216703424	3.2886615e-16
9230.34806909562	3.178418e-16
9233.400921487817	2.9650735e-16
9236.453773880014	2.7435138e-16
9239.50662627221	2.6962938e-16
9242.559478664407	2.9108946e-16
9245.612331056604	2.8140234e-16
9248.6651834488	2.7002526e-16
9251.718035840997	2.8113775e-16
9254.770888233194	2.804952e-16
9257.82374062539	2.925991e-16
9260.876593017587	3.0376317e-16
9263.929445409784	2.933246e-16
9266.98229780198	2.7679075e-16
9270.035150194177	2.752813e-16
9273.088002586373	2.9402186e-16
9276.14085497857	2.7636133e-16
9279.193707370767	2.9320032e-16
9282.246559762963	3.1419755e-16
9285.29941215516	2.6801372e-16
9288.352264547357	2.5945458e-16
9291.405116939553	2.7917576e-16
9294.45796933175	3.0102034e-16
9297.510821723947	2.9988593e-16
9300.563674116143	2.8146495e-16
9303.61652650834	2.765793e-16
9306.669378900537	2.761477e-16
9309.722231292733	2.850355e-16
9312.77508368493	2.7655448e-16
9315.827936077127	2.4970224e-16
9318.880788469323	2.858552e-16
9321.93364086152	2.6908034e-16
9324.986493253717	2.3644046e-16
9328.039345645913	2.760244e-16
9331.09219803811	2.8905277e-16
9334.145050430307	2.5130147e-16
9337.197902822503	2.2903138e-16
9340.2507552147	2.3995022e-16
9343.303607606897	2.4809248e-16
9346.356459999093	2.538111e-16
9349.40931239129	2.421885e-16
9352.462164783487	2.5407415e-16
9355.515017175683	2.4884737e-16
9358.56786956788	2.3416731e-16
9361.620721960076	2.4360308e-16
9364.673574352273	2.583007e-16
9367.72642674447	2.4136556e-16
9370.779279136666	2.2554476e-16
9373.832131528863	2.3840195e-16
9376.88498392106	2.4511376e-16
9379.937836313256	2.2780967e-16
9382.990688705453	2.1743917e-16
9386.04354109765	2.3669396e-16
9389.096393489846	2.4890566e-16
9392.149245882043	2.465863e-16
9395.20209827424	2.3989093e-16
9398.254950666436	2.2044801e-16
9401.307803058633	2.2786886e-16
9404.36065545083	2.424014e-16
9407.413507843026	2.1239947e-16
9410.466360235223	2.2277295e-16
9413.51921262742	2.4120534e-16
9416.572065019616	2.2066627e-16
9419.624917411813	2.1285681e-16
9422.67776980401	2.235006e-16
9425.730622196206	2.0381577e-16
9428.783474588403	2.0045737e-16
9431.8363269806	2.0810881e-16
9434.889179372796	2.0458665e-16
9437.942031764993	1.9403164e-16
9440.99488415719	2.1957884e-16
9444.047736549386	2.27969e-16
9447.100588941583	2.1083854e-16
9450.15344133378	2.4994328e-16
9453.206293725976	2.0258926e-16
9456.259146118173	1.9574225e-16
9459.31199851037	2.2080074e-16
9462.364850902566	2.0882096e-16
9465.417703294763	2.236644e-16
9468.470555686961	1.9105731e-16
9471.523408079158	1.9271733e-16
9474.576260471355	2.0570947e-16
9477.629112863551	1.8447044e-16
9480.681965255748	1.851868e-16
9483.734817647945	1.9635439e-16
9486.787670040141	1.8418438e-16
9489.840522432338	1.6445972e-16
9492.893374824534	1.7458285e-16
9495.946227216731	1.9759934e-16
9498.999079608928	1.8738394e-16
9502.051932001124	1.7561103e-16
9505.104784393321	1.8519679e-16
9508.157636785518	1.8157398e-16
9511.210489177714	1.8879118e-16
9514.263341569911	1.7638009e-16
9517.316193962108	1.7696924e-16
9520.369046354304	1.8311171e-16
9523.421898746501	1.8502025e-16
9526.474751138698	1.7966714e-16
9529.527603530894	1.9545346e-16
9532.580455923091	2.0145462e-16
9535.633308315288	1.7757567e-16
9538.686160707484	1.6881458e-16
9541.739013099681	1.8698701e-16
9544.791865491878	1.976138e-16
9547.844717884074	1.8766097e-16
9550.897570276271	1.7665318e-16
9553.950422668468	1.6398674e-16
9557.003275060664	1.8328908e-16
9560.05612745286	1.869489e-16
9563.108979845058	1.6687617e-16
9566.161832237254	1.7043957e-16
9569.21468462945	1.8811626e-16
9572.267537021648	1.6631664e-16
9575.320389413844	1.5583572e-16
9578.37324180604	1.7630009e-16
9581.426094198237	1.825743e-16
9584.478946590434	1.6565985e-16
9587.53179898263	1.4764175e-16
9590.584651374827	1.4352628e-16
9593.637503767024	1.5565047e-16
9596.69035615922	1.470863e-16
9599.743208551417	1.4231963e-16
9602.796060943614	1.4304442e-16
9605.84891333581	1.4053166e-16
9608.901765728007	1.4767511e-16
9611.954618120204	1.6516638e-16
9615.0074705124	1.6349188e-16
9618.060322904597	1.4325437e-16
9621.113175296794	1.3799222e-16
9624.16602768899	1.5595524e-16
9627.218880081187	1.3569599e-16
9630.271732473384	1.3789523e-16
9633.32458486558	1.4853579e-16
9636.377437257777	1.4441809e-16
9639.430289649974	1.4638974e-16
9642.48314204217	1.4527242e-16
9645.535994434367	1.2890474e-16
9648.588846826564	1.3386955e-16
9651.64169921876	1.6321592e-16
9654.694551610957	1.3654206e-16
9657.747404003154	1.3528778e-16
9660.80025639535	1.55499e-16
9663.853108787547	1.5881914e-16
9666.905961179744	1.5095592e-16
9669.95881357194	1.4871805e-16
9673.011665964137	1.3712967e-16
9676.064518356334	1.3252331e-16
9679.11737074853	1.4371923e-16
9682.170223140727	1.4316432e-16
9685.223075532924	1.4294547e-16
