                    Fe/He      Si/S    O/Si/S   O/Ne/Mg   O/Ne/Mg       O/C He/C_core He/N_core  He/C_env  He/N_env  He/N_env  He/N_env  He/N_env
           Mass      0.12     0.033      0.17      0.35      0.75      0.31     0.045     0.063       0.4      0.25      0.17     0.099     0.046
           V_in         0   2.3e+03   2.5e+03   3.1e+03   3.8e+03   4.8e+03   5.5e+03   5.7e+03   5.8e+03   7.2e+03   8.6e+03     1e+04   1.2e+04
          V_out   2.3e+03   2.5e+03   3.1e+03   3.8e+03   4.8e+03   5.5e+03   5.7e+03   5.8e+03   7.2e+03   8.6e+03     1e+04   1.2e+04   1.5e+04
             ff      0.91     0.026    0.0063     0.013     0.028     0.012    0.0017    0.0024         1         1         1         1         1
       rho_100d   5.1e-15   7.8e-15   7.7e-15   1.1e-14   9.3e-15   3.9e-15     3e-13   2.7e-13   1.9e-14   6.8e-16   2.7e-16     9e-17   2.3e-17
 -------------------------------------------------------------------------
           56Ni      0.67      0.21   4.4e-06   2.9e-07   2.9e-07     8e-08   7.8e-08   3.2e-08   7.8e-08   3.2e-08   3.2e-08   3.2e-08   3.2e-08
           57Ni     0.033    0.0032   2.3e-05   5.9e-07   5.9e-07   2.6e-08   8.4e-09   1.8e-09   8.4e-09   1.8e-09   1.8e-09   1.8e-09   1.8e-09
           44Ti   0.00037   2.9e-05   1.2e-06   1.2e-10   1.2e-10   3.6e-12   4.2e-13   8.1e-14   4.2e-13   8.1e-14   8.1e-14   8.1e-14   8.1e-14
 -------------------------------------------------------------------------
              2      0.21     1e-05   4.7e-06   2.9e-06   2.9e-06      0.05      0.58      0.99      0.58      0.99      0.99      0.99      0.99
              6   1.2e-06   2.2e-06    0.0021    0.0098    0.0098      0.39      0.27   0.00028      0.27   0.00028   0.00028   0.00028   0.00028
              7   7.9e-07   4.5e-08   5.5e-06   1.4e-05   1.4e-05   1.8e-05   0.00063     0.009   0.00063     0.009     0.009     0.009     0.009
              8   1.7e-05   1.9e-05      0.67      0.58      0.58      0.54      0.12   0.00027      0.12   0.00027   0.00027   0.00027   0.00027
             10   1.7e-05   1.3e-06    0.0063      0.28      0.28     0.016     0.014    0.0012     0.014    0.0012    0.0012    0.0012    0.0012
             11   5.1e-07   6.6e-07   4.6e-05    0.0039    0.0039   0.00017   0.00015   0.00015   0.00015   0.00015   0.00015   0.00015   0.00015
             12     2e-05   0.00011      0.04       0.1       0.1    0.0042   0.00079   0.00073   0.00079   0.00073   0.00073   0.00073   0.00073
             14   0.00027      0.41      0.22     0.013     0.013   0.00089   0.00083   0.00082   0.00083   0.00082   0.00082   0.00082   0.00082
             16   0.00021      0.24     0.044   0.00041   0.00041   0.00033   0.00041   0.00042   0.00041   0.00042   0.00042   0.00042   0.00042
             18   0.00018     0.044     0.006   8.6e-05   8.6e-05     9e-05   0.00011   0.00011   0.00011   0.00011   0.00011   0.00011   0.00011
             19   0.00011   2.8e-05   0.00011   9.3e-06   9.3e-06   5.2e-06   5.5e-06   4.4e-06   5.5e-06   4.4e-06   4.4e-06   4.4e-06   4.4e-06
             20    0.0021      0.04    0.0027   4.1e-05   4.1e-05   5.3e-05   7.2e-05   7.4e-05   7.2e-05   7.4e-05   7.4e-05   7.4e-05   7.4e-05
             21   1.5e-05     4e-08   7.5e-07   5.1e-07   5.1e-07     3e-07   8.6e-08   5.8e-08   8.6e-08   5.8e-08   5.8e-08   5.8e-08   5.8e-08
             22   7.4e-07   2.2e-06   2.4e-05   4.9e-06   4.9e-06   4.3e-06   3.4e-06   3.4e-06   3.4e-06   3.4e-06   3.4e-06   3.4e-06   3.4e-06
             24    0.0011    0.0011   0.00013   1.6e-05   1.6e-05   1.8e-05     2e-05     2e-05     2e-05     2e-05     2e-05     2e-05     2e-05
             26    0.0017     0.054    0.0032     0.001     0.001    0.0012    0.0014    0.0014    0.0014    0.0014    0.0014    0.0014    0.0014
             27   0.00078    0.0048   0.00016   0.00013   0.00013   0.00011   8.8e-06   4.4e-06   8.8e-06   4.4e-06   4.4e-06   4.4e-06   4.4e-06
             28      0.04     0.004   0.00055   0.00036   0.00036   0.00019   7.8e-05   8.2e-05   7.8e-05   8.2e-05   8.2e-05   8.2e-05   8.2e-05
