3.600000000000000000e+03 4.500294552749266413e-16
3.604189294026376956e+03 4.943951542490607150e-16
3.608378588052753912e+03 5.154953266290180316e-16
3.612567882079130868e+03 4.448288868062707653e-16
3.616757176105507824e+03 5.556681565960232372e-16
3.620946470131884780e+03 6.178820767402000547e-16
3.625135764158262191e+03 5.589350925699581204e-16
3.629325058184639147e+03 5.555248241566608747e-16
3.633514352211016103e+03 7.463235585177201201e-16
3.637703646237393059e+03 1.002678413268959172e-15
3.641892940263770015e+03 8.149405204175636905e-16
3.646082234290146971e+03 8.649808890547291220e-16
3.650271528316523927e+03 8.728754957352158182e-16
3.654460822342900883e+03 8.689470056451794524e-16
3.658650116369277839e+03 1.026344115681259960e-15
3.662839410395654795e+03 8.300744554095101038e-16
3.667028704422032206e+03 1.016609277380139979e-15
3.671217998448409162e+03 1.522336878350497539e-15
3.675407292474786118e+03 9.429329414868538926e-16
3.679596586501163074e+03 9.243794687947052816e-16
3.683785880527540030e+03 1.288757035944454452e-15
3.687975174553916986e+03 1.131615746644936519e-15
3.692164468580293942e+03 9.149225552991396232e-16
3.696353762606670898e+03 8.226225958613314562e-16
3.700543056633047854e+03 8.349298239539683419e-16
3.704732350659424810e+03 8.961705188626111082e-16
3.708921644685802221e+03 7.848732762931788672e-16
3.713110938712179177e+03 6.619160814770426795e-16
3.717300232738556133e+03 7.373855575710972215e-16
3.721489526764933089e+03 8.387338771014137446e-16
3.725678820791310045e+03 7.387724849523929527e-16
3.729868114817687001e+03 6.595141880335548270e-16
3.734057408844063957e+03 7.803154369408371083e-16
3.738246702870440913e+03 8.931935336588289584e-16
3.742435996896817869e+03 7.486643547772954215e-16
3.746625290923194825e+03 6.468427548014467395e-16
3.750814584949572236e+03 6.386377510390224746e-16
3.755003878975949192e+03 8.025929181066553936e-16
3.759193173002326148e+03 7.776868422739311979e-16
3.763382467028703104e+03 7.373177405134482943e-16
3.767571761055080060e+03 8.078088256011023662e-16
3.771761055081457016e+03 1.001255670599157621e-15
3.775950349107833972e+03 1.030267088486057206e-15
3.780139643134210928e+03 1.033579952330023680e-15
3.784328937160587884e+03 1.062646305201772767e-15
3.788518231186964840e+03 1.061279421626361265e-15
3.792707525213341796e+03 1.112335070783448872e-15
3.796896819239719207e+03 1.209276158358970623e-15
3.801086113266096163e+03 1.245811066797340518e-15
3.805275407292473119e+03 1.311330646342891954e-15
3.809464701318850075e+03 1.289879838004275387e-15
3.813653995345227031e+03 1.325527527646887002e-15
3.817843289371603987e+03 1.317642555968707961e-15
3.822032583397980943e+03 1.602073742036473748e-15
3.826221877424357899e+03 1.659796656433036518e-15
3.830411171450734855e+03 1.642002134472964266e-15
3.834600465477112266e+03 1.818293401130000637e-15
3.838789759503489222e+03 1.854453552516429745e-15
3.842979053529866178e+03 1.793906481388282621e-15
3.847168347556243134e+03 2.008024874109257066e-15
3.851357641582620090e+03 2.208798213816686795e-15
3.855546935608997046e+03 2.162659505696901035e-15
3.859736229635374002e+03 2.157654924230401664e-15
3.863925523661750958e+03 2.184335854518621168e-15
3.868114817688127914e+03 2.245866788655241174e-15
3.872304111714504870e+03 2.304040835319779472e-15
3.876493405740881826e+03 2.279099804836796839e-15
3.880682699767258782e+03 2.601409558785877476e-15
3.884871993793636193e+03 2.575861988654985893e-15
3.889061287820013149e+03 2.401734754016822155e-15
3.893250581846390105e+03 2.448865812279342842e-15
3.897439875872767061e+03 2.477085820175706686e-15
3.901629169899144017e+03 2.558654964989017249e-15
3.905818463925520973e+03 2.787601147946404915e-15
3.910007757951897929e+03 2.756469566037924094e-15
3.914197051978274885e+03 2.691138833728881203e-15
3.918386346004651841e+03 2.808941745786290328e-15
3.922575640031029252e+03 2.818773350644903292e-15
3.926764934057406208e+03 2.825830427356013489e-15
3.930954228083783164e+03 2.740211141517545332e-15
3.935143522110160120e+03 2.833981352726010331e-15
3.939332816136537076e+03 2.939047308990600400e-15
3.943522110162914032e+03 2.870937236185997713e-15
3.947711404189290988e+03 2.895926461157142541e-15
3.951900698215667944e+03 2.763010657883719087e-15
3.956089992242044900e+03 2.873744597088121909e-15
3.960279286268421856e+03 2.959153519703475598e-15
3.964468580294798812e+03 3.016962180792569756e-15
3.968657874321176223e+03 2.938384326041255220e-15
3.972847168347553179e+03 2.898403615492267015e-15
3.977036462373930135e+03 2.953122230881356567e-15
3.981225756400307091e+03 2.853162193633821102e-15
3.985415050426684047e+03 2.899975390404727732e-15
3.989604344453061003e+03 2.709485355401987566e-15
3.993793638479437959e+03 2.557133513118122966e-15
3.997982932505814915e+03 2.586365236969400251e-15
4.002172226532191871e+03 2.599695524229544439e-15
4.006361520558569282e+03 2.632245054231187037e-15
4.010550814584946238e+03 2.648245701784457380e-15
4.014740108611323194e+03 2.643185758747008281e-15
4.018929402637700150e+03 2.654674041911395247e-15
4.023118696664077106e+03 2.612561812104357527e-15
4.027307990690454062e+03 2.486547938344816507e-15
4.031497284716831018e+03 2.399818891070643812e-15
4.035686578743207974e+03 2.429706976790679885e-15
4.039875872769584930e+03 2.417522743786423665e-15
4.044065166795961886e+03 2.422439422694394339e-15
4.048254460822338842e+03 2.488376827557759406e-15
4.052443754848715798e+03 2.487919131292316831e-15
4.056633048875093209e+03 2.493468350964557750e-15
4.060822342901470165e+03 2.411341393284082378e-15
4.065011636927847121e+03 2.288854384614243573e-15
4.069200930954224077e+03 2.306471566001326686e-15
4.073390224980601033e+03 2.347259102608343308e-15
4.077579519006977989e+03 2.373886098895099641e-15
4.081768813033354945e+03 2.384127377214970383e-15
4.085958107059731901e+03 2.235501639418652741e-15
4.090147401086108857e+03 2.254428724694325930e-15
4.094336695112486268e+03 2.362803119274242333e-15
4.098525989138863224e+03 2.383215131077360147e-15
4.102715283165240180e+03 2.291418102683465000e-15
4.106904577191617136e+03 2.276947248147346116e-15
4.111093871217994092e+03 2.329034562444313785e-15
4.115283165244371048e+03 2.278256193524135083e-15
4.119472459270748004e+03 2.231107620794747104e-15
4.123661753297124960e+03 2.245805700199168926e-15
4.127851047323501916e+03 2.375811612088020498e-15
4.132040341349878872e+03 2.339521941971587287e-15
4.136229635376255828e+03 2.272660144418353240e-15
4.140418929402632784e+03 2.227425079544886901e-15
4.144608223429009740e+03 2.248993955933533622e-15
4.148797517455386696e+03 2.262757252904252376e-15
4.152986811481763652e+03 2.285598803955530927e-15
4.157176105508140608e+03 2.375069235829451246e-15
4.161365399534517564e+03 2.337139694342666273e-15
4.165554693560895430e+03 2.346690334998889891e-15
4.169743987587272386e+03 2.341038554809580551e-15
4.173933281613649342e+03 2.339177986195386417e-15
4.178122575640026298e+03 2.290217778314955609e-15
4.182311869666403254e+03 2.312264158364781538e-15
4.186501163692780210e+03 2.347929695420826457e-15
4.190690457719157166e+03 2.338938528431561472e-15
4.194879751745534122e+03 2.291417569851281291e-15
4.199069045771911078e+03 2.202311932699677786e-15
4.203258339798288034e+03 2.240616202081347972e-15
4.207447633824664990e+03 2.289014430090316769e-15
4.211636927851041946e+03 2.265544538036268137e-15
4.215826221877418902e+03 2.267192002294556265e-15
4.220015515903795858e+03 2.293038067863022582e-15
4.224204809930172814e+03 2.255622548569860745e-15
4.228394103956549770e+03 2.217485280807594507e-15
4.232583397982926726e+03 2.271892740701281788e-15
4.236772692009303682e+03 2.308788846199235817e-15
4.240961986035681548e+03 2.239125173774248442e-15
4.245151280062058504e+03 2.216536813730866873e-15
4.249340574088435460e+03 2.254034327279002270e-15
4.253529868114812416e+03 2.256173633613241174e-15
4.257719162141189372e+03 2.208140921709285918e-15
4.261908456167566328e+03 2.208962317376807420e-15
4.266097750193943284e+03 2.220438074820341857e-15
4.270287044220320240e+03 2.160178778100222325e-15
4.274476338246697196e+03 2.116990213874559828e-15
4.278665632273074152e+03 2.145661965581925220e-15
4.282854926299451108e+03 2.066361239378166279e-15
4.287044220325828064e+03 2.003559683164761467e-15
4.291233514352205020e+03 2.040630398538639232e-15
4.295422808378581976e+03 2.043313220658325998e-15
4.299612102404958932e+03 1.965246811101252109e-15
4.303801396431335888e+03 1.905655609189272944e-15
4.307990690457712844e+03 1.918400885064896048e-15
4.312179984484089800e+03 1.918686390179227504e-15
4.316369278510466756e+03 1.854891628615744901e-15
4.320558572536843712e+03 1.892250997129313225e-15
4.324747866563220668e+03 1.857821906180030537e-15
4.328937160589597624e+03 1.879837339061353222e-15
4.333126454615974581e+03 1.827437526687042965e-15
4.337315748642352446e+03 1.754771578071105739e-15
4.341505042668729402e+03 1.800182210046058032e-15
4.345694336695106358e+03 1.847859485203743946e-15
4.349883630721483314e+03 1.795705086014531372e-15
4.354072924747860270e+03 1.762751386077314251e-15
4.358262218774237226e+03 1.798069594581180850e-15
4.362451512800614182e+03 1.790444386587403066e-15
4.366640806826991138e+03 1.789121226236712177e-15
4.370830100853368094e+03 1.825510053170459536e-15
4.375019394879745050e+03 1.856968569432891583e-15
4.379208688906122006e+03 1.846520489390021378e-15
4.383397982932498962e+03 1.838202916523768102e-15
4.387587276958875918e+03 1.884981091031972370e-15
4.391776570985252874e+03 1.873768230785470774e-15
4.395965865011629830e+03 1.877554858538664580e-15
4.400155159038006786e+03 1.920255360570952097e-15
4.404344453064383742e+03 1.947399384545225004e-15
4.408533747090760698e+03 1.955861527849371818e-15
4.412723041117138564e+03 2.010437055262891174e-15
4.416912335143515520e+03 2.080228277120656311e-15
4.421101629169892476e+03 2.053046754454293137e-15
4.425290923196269432e+03 2.065553677845552963e-15
4.429480217222646388e+03 2.111520628395305781e-15
4.433669511249023344e+03 2.144338382675067116e-15
4.437858805275400300e+03 2.198824068919610576e-15
4.442048099301777256e+03 2.218711753640582621e-15
4.446237393328154212e+03 2.210444380342471026e-15
4.450426687354531168e+03 2.277682233999126768e-15
4.454615981380908124e+03 2.319460723209975105e-15
4.458805275407285080e+03 2.244155287338667123e-15
4.462994569433662036e+03 2.235387536048291493e-15
4.467183863460038992e+03 2.272344414663623552e-15
4.471373157486415948e+03 2.312528097927088581e-15
4.475562451512792904e+03 2.339304314760818144e-15
4.479751745539169860e+03 2.369038163927236604e-15
4.483941039565546816e+03 2.419990646915248557e-15
4.488130333591923772e+03 2.426063049799838443e-15
4.492319627618300728e+03 2.448322983971264803e-15
4.496508921644677685e+03 2.501534839815325059e-15
4.500698215671054641e+03 2.490554380924991685e-15
4.504887509697431597e+03 2.510712372605083860e-15
4.509076803723809462e+03 2.589148316713112217e-15
4.513266097750186418e+03 2.559879244679666299e-15
4.517455391776563374e+03 2.466611533906478036e-15
4.521644685802940330e+03 2.542342375089369832e-15
4.525833979829317286e+03 2.588238170224022654e-15
4.530023273855694242e+03 2.539325656488112123e-15
4.534212567882071198e+03 2.564921756587521784e-15
4.538401861908448154e+03 2.644611755239909437e-15
4.542591155934825110e+03 2.670076857006432180e-15
4.546780449961202066e+03 2.646246180258844447e-15
4.550969743987579022e+03 2.601921808062370611e-15
4.555159038013955978e+03 2.630962117916232273e-15
4.559348332040332934e+03 2.646686535279047173e-15
4.563537626066709890e+03 2.658865254378615270e-15
4.567726920093086846e+03 2.656237667092485869e-15
4.571916214119463802e+03 2.598185078046860684e-15
4.576105508145840759e+03 2.583473953180389207e-15
4.580294802172217715e+03 2.657534735515248396e-15
4.584484096198595580e+03 2.598637721245487099e-15
4.588673390224972536e+03 2.597531677147198842e-15
4.592862684251349492e+03 2.601864790077492139e-15
4.597051978277726448e+03 2.621794522273025710e-15
4.601241272304103404e+03 2.615957093441369553e-15
4.605430566330480360e+03 2.601021300951115367e-15
4.609619860356857316e+03 2.629142211093819895e-15
4.613809154383234272e+03 2.601504427547576360e-15
4.617998448409611228e+03 2.658755765185433007e-15
4.622187742435988184e+03 2.642275846838611889e-15
4.626377036462365140e+03 2.560865779785182239e-15
4.630566330488742096e+03 2.510950994127032052e-15
4.634755624515119052e+03 2.510393258504091308e-15
4.638944918541496008e+03 2.513741976792014435e-15
4.643134212567872964e+03 2.485128458552356713e-15
4.647323506594249920e+03 2.460257576741957039e-15
4.651512800620626876e+03 2.420012673701044243e-15
4.655702094647003833e+03 2.410049463905368209e-15
4.659891388673380789e+03 2.402008553013057798e-15
4.664080682699757745e+03 2.366661514780714228e-15
4.668269976726134701e+03 2.312672173422115064e-15
4.672459270752511657e+03 2.235792067097418654e-15
4.676648564778888613e+03 2.192138415515810162e-15
4.680837858805265569e+03 2.171339383699768700e-15
4.685027152831643434e+03 2.117521840643812860e-15
4.689216446858020390e+03 2.063168566053272702e-15
4.693405740884397346e+03 2.036153759230004187e-15
4.697595034910774302e+03 2.009957160657909743e-15
4.701784328937151258e+03 1.974804355963438256e-15
4.705973622963528214e+03 1.946981742023190398e-15
4.710162916989905170e+03 1.901519788736029689e-15
4.714352211016282126e+03 1.894200939936463291e-15
4.718541505042659082e+03 1.876328334889253164e-15
4.722730799069036038e+03 1.813555865158319832e-15
4.726920093095412994e+03 1.772461561492512534e-15
4.731109387121789950e+03 1.762056474361449366e-15
4.735298681148166906e+03 1.714066930646754145e-15
4.739487975174543863e+03 1.706547718403732768e-15
4.743677269200920819e+03 1.712136522313374921e-15
4.747866563227298684e+03 1.691256158033577130e-15
4.752055857253675640e+03 1.658235078772066215e-15
4.756245151280052596e+03 1.643124010365177156e-15
4.760434445306429552e+03 1.656018232917645998e-15
4.764623739332806508e+03 1.662884623518243976e-15
4.768813033359183464e+03 1.671985628454466649e-15
4.773002327385560420e+03 1.643397729129834412e-15
4.777191621411937376e+03 1.623561357413881880e-15
4.781380915438314332e+03 1.626098069040577791e-15
4.785570209464691288e+03 1.592412413463513462e-15
4.789759503491068244e+03 1.543338264290298393e-15
4.793948797517445200e+03 1.523609984245382880e-15
4.798138091543822156e+03 1.540319484184116511e-15
4.802327385570199112e+03 1.525745366763363302e-15
4.806516679596576068e+03 1.507460172984031260e-15
4.810705973622953024e+03 1.523745446481905573e-15
4.814895267649329980e+03 1.532091522859985566e-15
4.819084561675706937e+03 1.531288657910503420e-15
4.823273855702083893e+03 1.547761277234873608e-15
4.827463149728460849e+03 1.532390856759693761e-15
4.831652443754837805e+03 1.544997745272256479e-15
4.835841737781214761e+03 1.583064405404856163e-15
4.840031031807591717e+03 1.625374100013532784e-15
4.844220325833968673e+03 1.693518770955299689e-15
4.848409619860345629e+03 1.700426777986925864e-15
4.852598913886722585e+03 1.711499285910321458e-15
4.856788207913100450e+03 1.799652830619149955e-15
4.860977501939477406e+03 1.822654634205417979e-15
4.865166795965854362e+03 1.814027994888705118e-15
4.869356089992231318e+03 1.888117032123738339e-15
4.873545384018608274e+03 1.904556374426915223e-15
4.877734678044985230e+03 1.910413928806853696e-15
4.881923972071362186e+03 1.931796445105380973e-15
4.886113266097739142e+03 1.936662817710673276e-15
4.890302560124116098e+03 1.929017566663086796e-15
4.894491854150493054e+03 1.952970830363240183e-15
4.898681148176870011e+03 1.976955394289209624e-15
4.902870442203246967e+03 1.923651858928457958e-15
4.907059736229623923e+03 1.890322988043427910e-15
4.911249030256000879e+03 1.934805543326587775e-15
4.915438324282377835e+03 1.926642354097073806e-15
4.919627618308755700e+03 1.849772439283160552e-15
4.923816912335132656e+03 1.813531590066887335e-15
4.928006206361509612e+03 1.817341808296675099e-15
4.932195500387886568e+03 1.820825245001869714e-15
4.936384794414263524e+03 1.752617722173206565e-15
4.940574088440640480e+03 1.708950838957512167e-15
4.944763382467017436e+03 1.693988492745296512e-15
4.948952676493394392e+03 1.672675361357587653e-15
4.953141970519771348e+03 1.673591620685605076e-15
4.957331264546148304e+03 1.677937870223335392e-15
4.961520558572525260e+03 1.623534975932467578e-15
4.965709852598902216e+03 1.599845548572959069e-15
4.969899146625279172e+03 1.604992420827978972e-15
4.974088440651656128e+03 1.614127463685302287e-15
4.978277734678033084e+03 1.640912810570212487e-15
4.982467028704410041e+03 1.666868975737603083e-15
4.986656322730786997e+03 1.678125171650186571e-15
4.990845616757163953e+03 1.701766519739334006e-15
4.995034910783540909e+03 1.733471879073515999e-15
4.999224204809917865e+03 1.750475781502153243e-15
5.003413498836294821e+03 1.772755011351212775e-15
5.007602792862671777e+03 1.824926913981290288e-15
5.011792086889048733e+03 1.853772484110389421e-15
5.015981380915425689e+03 1.817454085517157915e-15
5.020170674941802645e+03 1.856286669157305495e-15
5.024359968968179601e+03 1.906622650949297980e-15
5.028549262994557466e+03 1.889719474123177124e-15
5.032738557020934422e+03 1.885658274495404207e-15
5.036927851047311378e+03 1.894658059531175487e-15
5.041117145073688334e+03 1.926590525867486591e-15
5.045306439100065290e+03 1.982946221033821442e-15
5.049495733126442246e+03 1.995961002550567179e-15
5.053685027152819202e+03 1.942990405633024954e-15
5.057874321179196158e+03 1.915080737569154126e-15
5.062063615205573115e+03 1.967712263592849014e-15
5.066252909231950071e+03 1.987051010412881939e-15
5.070442203258327027e+03 1.980767804374345778e-15
5.074631497284703983e+03 1.991342638141954149e-15
5.078820791311080939e+03 2.003120965685319678e-15
5.083010085337457895e+03 1.997725105056958435e-15
5.087199379363834851e+03 2.009901033649042954e-15
5.091388673390212716e+03 2.049138227772594758e-15
5.095577967416589672e+03 2.043591325088376777e-15
5.099767261442966628e+03 2.009339789689424343e-15
5.103956555469343584e+03 2.029373181187204403e-15
5.108145849495720540e+03 2.089493190841744736e-15
5.112335143522097496e+03 2.089761751840589928e-15
5.116524437548474452e+03 2.065588221347848955e-15
5.120713731574851408e+03 2.089271579785847376e-15
5.124903025601228364e+03 2.092375184625277631e-15
5.129092319627605320e+03 2.092578093947176891e-15
5.133281613653982276e+03 2.122555293359775932e-15
5.137470907680359232e+03 2.159810393567387391e-15
5.141660201706736188e+03 2.242577784992128994e-15
5.145849495733113145e+03 2.242549402927601101e-15
5.150038789759490101e+03 2.188925642828898050e-15
5.154228083785867057e+03 2.203325516315195872e-15
5.158417377812244013e+03 2.282603104779290807e-15
5.162606671838620969e+03 2.300544622469966943e-15
5.166795965864997925e+03 2.239148410908086975e-15
5.170985259891374881e+03 2.263234682985277886e-15
5.175174553917751837e+03 2.315166531536755024e-15
5.179363847944128793e+03 2.357648397224119815e-15
5.183553141970505749e+03 2.339144165589762689e-15
5.187742435996882705e+03 2.281584537579551358e-15
5.191931730023259661e+03 2.360839865558782862e-15
5.196121024049636617e+03 2.368004052428065630e-15
5.200310318076014482e+03 2.385209538744308609e-15
5.204499612102391438e+03 2.391178892801047601e-15
5.208688906128768394e+03 2.370348760765319104e-15
5.212878200155145350e+03 2.406513782136382691e-15
5.217067494181522306e+03 2.442259802628195819e-15
5.221256788207899262e+03 2.439526919271280849e-15
5.225446082234276219e+03 2.390077508220071872e-15
5.229635376260653175e+03 2.384641833788954245e-15
5.233824670287030131e+03 2.423194739202451145e-15
5.238013964313407087e+03 2.408787800979351331e-15
5.242203258339784043e+03 2.379180772999484240e-15
5.246392552366160999e+03 2.399454293967475330e-15
5.250581846392537955e+03 2.435493612264368234e-15
5.254771140418914911e+03 2.444724303481438052e-15
5.258960434445291867e+03 2.425079590303884632e-15
5.263149728471669732e+03 2.390028708525872333e-15
5.267339022498046688e+03 2.361935079662548158e-15
5.271528316524423644e+03 2.327852470760171710e-15
5.275717610550800600e+03 2.381884294190767529e-15
5.279906904577177556e+03 2.402298613131193111e-15
5.284096198603554512e+03 2.328082796935594916e-15
5.288285492629931468e+03 2.316023633947822698e-15
5.292474786656308424e+03 2.354293162804969745e-15
5.296664080682685380e+03 2.341541067616149895e-15
5.300853374709062336e+03 2.316957445837441081e-15
5.305042668735439293e+03 2.294330875454561168e-15
5.309231962761816249e+03 2.271827618350105812e-15
5.313421256788193205e+03 2.294294763003929063e-15
5.317610550814570161e+03 2.337456912659494349e-15
5.321799844840947117e+03 2.317129404455410618e-15
5.325989138867324073e+03 2.264825503142340430e-15
5.330178432893701029e+03 2.251903868947432619e-15
5.334367726920077985e+03 2.252949574604493278e-15
5.338557020946454941e+03 2.221402262290180505e-15
5.342746314972831897e+03 2.263992740953922786e-15
5.346935608999208853e+03 2.264857351370526675e-15
5.351124903025585809e+03 2.232420892703767439e-15
5.355314197051962765e+03 2.254224395670312636e-15
5.359503491078339721e+03 2.297997466066122963e-15
5.363692785104716677e+03 2.256765082089798921e-15
5.367882079131093633e+03 2.232209496353231847e-15
5.372071373157471498e+03 2.251905462701541706e-15
5.376260667183848454e+03 2.262923669440557031e-15
5.380449961210225410e+03 2.275755346995092511e-15
5.384639255236602366e+03 2.294907035738584623e-15
5.388828549262979323e+03 2.241088295723290992e-15
5.393017843289356279e+03 2.209631669034830723e-15
5.397207137315733235e+03 2.224252661734696174e-15
5.401396431342110191e+03 2.182674796015183078e-15
5.405585725368487147e+03 2.126901147799148775e-15
5.409775019394864103e+03 2.163122096585056591e-15
5.413964313421241059e+03 2.177385152889955000e-15
5.418153607447618015e+03 2.138807793520938007e-15
5.422342901473994971e+03 2.114411537359746937e-15
5.426532195500371927e+03 2.134837105511815642e-15
5.430721489526748883e+03 2.143043618714818135e-15
5.434910783553126748e+03 2.105153527493212696e-15
5.439100077579503704e+03 2.114234433483384570e-15
5.443289371605880660e+03 2.112902376709500280e-15
5.447478665632257616e+03 2.081596514518314016e-15
5.451667959658634572e+03 2.070735836988012469e-15
5.455857253685011528e+03 2.076029158345365125e-15
5.460046547711388484e+03 2.043597054296887539e-15
5.464235841737765440e+03 2.014244817353449058e-15
5.468425135764142397e+03 1.953379570128271031e-15
5.472614429790519353e+03 1.929119029138845766e-15
5.476803723816896309e+03 1.948549805128877109e-15
5.480993017843273265e+03 1.942388382023476234e-15
5.485182311869650221e+03 1.924345450633363633e-15
5.489371605896027177e+03 1.931540400210506894e-15
5.493560899922404133e+03 1.918062614397960461e-15
5.497750193948781089e+03 1.891952191703361623e-15
5.501939487975158045e+03 1.919527193252301508e-15
5.506128782001535001e+03 1.960180456870498612e-15
5.510318076027911957e+03 1.875062520296648858e-15
5.514507370054288913e+03 1.894057299406112328e-15
5.518696664080665869e+03 1.887879065286770653e-15
5.522885958107042825e+03 1.861680165636456016e-15
5.527075252133419781e+03 1.875475408050595622e-15
5.531264546159796737e+03 1.827999607077241350e-15
5.535453840186173693e+03 1.813616735353714058e-15
5.539643134212550649e+03 1.791945528064970225e-15
5.543832428238928514e+03 1.776540356525708470e-15
5.548021722265305471e+03 1.762246087448555328e-15
5.552211016291682427e+03 1.720651419130473339e-15
5.556400310318059383e+03 1.698933665624859592e-15
5.560589604344436339e+03 1.719748719975126844e-15
5.564778898370813295e+03 1.695213740525857742e-15
5.568968192397190251e+03 1.657635201062279630e-15
5.573157486423567207e+03 1.634861789244445372e-15
5.577346780449944163e+03 1.581908586976725053e-15
5.581536074476321119e+03 1.554183421714059180e-15
5.585725368502698075e+03 1.541441509753708141e-15
5.589914662529075031e+03 1.488025394351048392e-15
5.594103956555451987e+03 1.434515060961705644e-15
5.598293250581828943e+03 1.430035288763437971e-15
5.602482544608205899e+03 1.413538339477712937e-15
5.606671838634583764e+03 1.362479418820777695e-15
5.610861132660960720e+03 1.293891587405913071e-15
5.615050426687337676e+03 1.250732503083206697e-15
5.619239720713714632e+03 1.238260497333425944e-15
5.623429014740091588e+03 1.223004919078799449e-15
5.627618308766468544e+03 1.197868509289930078e-15
5.631807602792845501e+03 1.184325530332111303e-15
5.635996896819222457e+03 1.167082686155650198e-15
5.640186190845599413e+03 1.146668983884954714e-15
5.644375484871976369e+03 1.151381134291789254e-15
5.648564778898353325e+03 1.180499929734639583e-15
5.652754072924730281e+03 1.185967287081473906e-15
5.656943366951107237e+03 1.212616471348999692e-15
5.661132660977484193e+03 1.248565440315013188e-15
5.665321955003861149e+03 1.264699656947093982e-15
5.669511249030238105e+03 1.275812958083558255e-15
5.673700543056615061e+03 1.297328716531103242e-15
5.677889837082992017e+03 1.351032744626139573e-15
5.682079131109368973e+03 1.388616830147308976e-15
5.686268425135745929e+03 1.402831413218734229e-15
5.690457719162122885e+03 1.426354567990347617e-15
5.694647013188499841e+03 1.463654941731075904e-15
5.698836307214876797e+03 1.518110484570465673e-15
5.703025601241253753e+03 1.560957519779362980e-15
5.707214895267630709e+03 1.580260338080806043e-15
5.711404189294007665e+03 1.596527463613302035e-15
5.715593483320384621e+03 1.637808005688565176e-15
5.719782777346761577e+03 1.698353319455563377e-15
5.723972071373139443e+03 1.716620646998529561e-15
5.728161365399516399e+03 1.721149063663847261e-15
5.732350659425893355e+03 1.761416644288797271e-15
5.736539953452270311e+03 1.804353361558658208e-15
5.740729247478647267e+03 1.812701025670934349e-15
5.744918541505024223e+03 1.904477519839193651e-15
5.749107835531401179e+03 1.940323290858167997e-15
5.753297129557778135e+03 1.913204253719603839e-15
5.757486423584155091e+03 1.925314818703349765e-15
5.761675717610532047e+03 1.971515508352863317e-15
5.765865011636909003e+03 1.975350581275831384e-15
5.770054305663286868e+03 1.972336989420627190e-15
5.774243599689663824e+03 1.997991582658592657e-15
5.778432893716040780e+03 2.016207838279340215e-15
5.782622187742417736e+03 2.016836228412958724e-15
5.786811481768794692e+03 2.051629177517845533e-15
5.791000775795171648e+03 2.054022611946370434e-15
5.795190069821548605e+03 2.087593113970649620e-15
5.799379363847925561e+03 2.101798910999835990e-15
5.803568657874302517e+03 2.081548902134392032e-15
5.807757951900679473e+03 2.102227608591274560e-15
5.811947245927056429e+03 2.064770195554882184e-15
5.816136539953433385e+03 2.072016152665951875e-15
5.820325833979810341e+03 2.112668316078135785e-15
5.824515128006187297e+03 2.114932778932057191e-15
5.828704422032564253e+03 2.089452244270174340e-15
5.832893716058941209e+03 2.095700439009167465e-15
5.837083010085318165e+03 2.086909365522988688e-15
5.841272304111695121e+03 2.082972546040664851e-15
5.845461598138072077e+03 2.099257836061971367e-15
5.849650892164449033e+03 2.102073726815117645e-15
5.853840186190825989e+03 2.071300786849462116e-15
5.858029480217202945e+03 2.048434812665391748e-15
5.862218774243579901e+03 2.029392199126990539e-15
5.866408068269956857e+03 2.032675292900556931e-15
5.870597362296333813e+03 2.040067698559933684e-15
5.874786656322710769e+03 2.022339981233496877e-15
5.878975950349087725e+03 2.032345643819743366e-15
5.883165244375464681e+03 1.984791712668546187e-15
5.887354538401841637e+03 1.945023455039630369e-15
5.891543832428218593e+03 1.933222235234971171e-15
5.895733126454596459e+03 1.907726585175704333e-15
5.899922420480973415e+03 1.911378635356576329e-15
5.904111714507350371e+03 1.905139073130415234e-15
5.908301008533727327e+03 1.932646152710152013e-15
5.912490302560104283e+03 1.945887270382834444e-15
5.916679596586481239e+03 1.896058810387737467e-15
5.920868890612858195e+03 1.835394491913407380e-15
5.925058184639235151e+03 1.744871421457935877e-15
5.929247478665612107e+03 1.699231798933139261e-15
5.933436772691989063e+03 1.705296311731347734e-15
5.937626066718366019e+03 1.726880286657891690e-15
5.941815360744743884e+03 1.759121184819638254e-15
5.946004654771120840e+03 1.809455773898780935e-15
5.950193948797497796e+03 1.814276864700128866e-15
5.954383242823874753e+03 1.809848721624017935e-15
5.958572536850251709e+03 1.800719219758654262e-15
5.962761830876628665e+03 1.773249930754533213e-15
5.966951124903005621e+03 1.786265082439016153e-15
5.971140418929382577e+03 1.760327764758932744e-15
5.975329712955759533e+03 1.753811170180966842e-15
5.979519006982136489e+03 1.785170359264319078e-15
5.983708301008513445e+03 1.788974474256164456e-15
5.987897595034890401e+03 1.750986485738996930e-15
5.992086889061267357e+03 1.745607496160314834e-15
5.996276183087644313e+03 1.759202502492746239e-15
6.000465477114021269e+03 1.746652192151047864e-15
6.004654771140398225e+03 1.721534842539090332e-15
6.008844065166775181e+03 1.726146180238790910e-15
6.013033359193152137e+03 1.726663360475359815e-15
6.017222653219529093e+03 1.711733206889423162e-15
6.021411947245906049e+03 1.705407644957941750e-15
6.025601241272283005e+03 1.704017239435465826e-15
6.029790535298659961e+03 1.690139722887395527e-15
6.033979829325036917e+03 1.692807025035014511e-15
6.038169123351413873e+03 1.688768380476285937e-15
6.042358417377790829e+03 1.686191871739285998e-15
6.046547711404167785e+03 1.682765938891603165e-15
6.050737005430544741e+03 1.673292600958251178e-15
6.054926299456921697e+03 1.689403360750993398e-15
6.059115593483298653e+03 1.683737391001111918e-15
6.063304887509675609e+03 1.688227887572151395e-15
6.067494181536053475e+03 1.682341204364365681e-15
6.071683475562430431e+03 1.644230425583078471e-15
6.075872769588807387e+03 1.633648286288921750e-15
6.080062063615184343e+03 1.641212078322794072e-15
6.084251357641561299e+03 1.625940140447654823e-15
6.088440651667938255e+03 1.595804828222810701e-15
6.092629945694315211e+03 1.579416982168679885e-15
6.096819239720692167e+03 1.569736722518866143e-15
6.101008533747069123e+03 1.548313169041333954e-15
6.105197827773446079e+03 1.521580433167180182e-15
6.109387121799823035e+03 1.492873321347789498e-15
6.113576415826200900e+03 1.474740973164620441e-15
6.117765709852577857e+03 1.471045016913200709e-15
6.121955003878954813e+03 1.449560165712584367e-15
6.126144297905331769e+03 1.408457608558063683e-15
6.130333591931708725e+03 1.389890048702775612e-15
6.134522885958085681e+03 1.386030522961616224e-15
6.138712179984462637e+03 1.368094460003043915e-15
6.142901474010839593e+03 1.373933968469590416e-15
6.147090768037216549e+03 1.357814115293048729e-15
6.151280062063593505e+03 1.365666572019034650e-15
6.155469356089970461e+03 1.371358922440648136e-15
6.159658650116347417e+03 1.326412980491432189e-15
6.163847944142724373e+03 1.322007058304139856e-15
6.168037238169101329e+03 1.359428797568971986e-15
6.172226532195478285e+03 1.388627936937720676e-15
6.176415826221855241e+03 1.383862589182761890e-15
6.180605120248232197e+03 1.379242807352918651e-15
6.184794414274609153e+03 1.403884692392081254e-15
6.188983708300986109e+03 1.407121661511653499e-15
6.193173002327363065e+03 1.390452228615465034e-15
6.197362296353740021e+03 1.384186830197253579e-15
6.201551590380116977e+03 1.397911564718470121e-15
6.205740884406493933e+03 1.415563060375818968e-15
6.209930178432870889e+03 1.433490072896276323e-15
6.214119472459247845e+03 1.436861185127176827e-15
6.218308766485624801e+03 1.427123219670748408e-15
6.222498060512001757e+03 1.439520392287526920e-15
6.226687354538378713e+03 1.485835352407353956e-15
6.230876648564755669e+03 1.482438898236841333e-15
6.235065942591132625e+03 1.476224740051797878e-15
6.239255236617510491e+03 1.478957204873841997e-15
6.243444530643887447e+03 1.484877871064030942e-15
6.247633824670264403e+03 1.514057738083305848e-15
6.251823118696641359e+03 1.540823969098907592e-15
6.256012412723018315e+03 1.547689754122100123e-15
6.260201706749395271e+03 1.552396257960897925e-15
6.264391000775772227e+03 1.564055316353143635e-15
6.268580294802149183e+03 1.566420483816519150e-15
6.272769588828526139e+03 1.552245080484941027e-15
6.276958882854903095e+03 1.519474670619154801e-15
6.281148176881280051e+03 1.525656626124935610e-15
6.285337470907657917e+03 1.571675563439258363e-15
6.289526764934034873e+03 1.589169420407918842e-15
6.293716058960411829e+03 1.585500016443955677e-15
6.297905352986788785e+03 1.601362950183757963e-15
6.302094647013165741e+03 1.592531357717511254e-15
6.306283941039542697e+03 1.583459891961995598e-15
6.310473235065919653e+03 1.624204545951902495e-15
6.314662529092296609e+03 1.606158497467672801e-15
6.318851823118673565e+03 1.566611082578996168e-15
6.323041117145050521e+03 1.551618125121833945e-15
6.327230411171427477e+03 1.557784133708613288e-15
6.331419705197804433e+03 1.559401583664663954e-15
6.335608999224181389e+03 1.552616616802874143e-15
6.339798293250558345e+03 1.571517205901754844e-15
6.343987587276935301e+03 1.561489417245989317e-15
6.348176881303312257e+03 1.528982636260537965e-15
6.352366175329689213e+03 1.527208192803020949e-15
6.356555469356066169e+03 1.514632392204474644e-15
6.360744763382443125e+03 1.495067847379142612e-15
6.364934057408820081e+03 1.487505602739722394e-15
6.369123351435197037e+03 1.466429873111666446e-15
6.373312645461573993e+03 1.433739900567076528e-15
6.377501939487950949e+03 1.451707271218354425e-15
6.381691233514327905e+03 1.422324435951537628e-15
6.385880527540704861e+03 1.372657062633409435e-15
6.390069821567081817e+03 1.347349020762574750e-15
6.394259115593458773e+03 1.335782143755754536e-15
6.398448409619835729e+03 1.317652245092865902e-15
6.402637703646212685e+03 1.295173050969759277e-15
6.406826997672589641e+03 1.265542241464157633e-15
6.411016291698967507e+03 1.259914225095749989e-15
6.415205585725344463e+03 1.276362620629347135e-15
6.419394879751721419e+03 1.247111654194961887e-15
6.423584173778098375e+03 1.226179350720179575e-15
6.427773467804475331e+03 1.244700910637603458e-15
6.431962761830852287e+03 1.273901788203390317e-15
6.436152055857229243e+03 1.270538994192388972e-15
6.440341349883606199e+03 1.249508556668413528e-15
6.444530643909983155e+03 1.267830305339652029e-15
6.448719937936360111e+03 1.272451350685656947e-15
6.452909231962737977e+03 1.276046502970897636e-15
6.457098525989114933e+03 1.319283162430374776e-15
6.461287820015491889e+03 1.344892309619229292e-15
6.465477114041868845e+03 1.349952418645907372e-15
6.469666408068245801e+03 1.390048356832018299e-15
6.473855702094622757e+03 1.437433904888786248e-15
6.478044996120999713e+03 1.441008379971284493e-15
6.482234290147376669e+03 1.452916630755788470e-15
6.486423584173753625e+03 1.459402770849998516e-15
6.490612878200130581e+03 1.453561504249554079e-15
6.494802172226507537e+03 1.434956371153037766e-15
6.498991466252884493e+03 1.428728811640685595e-15
6.503180760279261449e+03 1.476171052135383452e-15
6.507370054305638405e+03 1.517628110359872345e-15
6.511559348332015361e+03 1.536859088404557076e-15
6.515748642358392317e+03 1.548113803112424010e-15
6.519937936384769273e+03 1.560785906976429678e-15
6.524127230411146229e+03 1.576389457768671689e-15
6.528316524437523185e+03 1.587899152590664949e-15
6.532505818463900141e+03 1.632073255622869502e-15
6.536695112490277097e+03 1.644616925543651826e-15
6.540884406516654053e+03 1.605438315155786046e-15
6.545073700543031009e+03 1.645545079094563976e-15
6.549262994569407965e+03 1.641373305919816433e-15
6.553452288595784921e+03 1.647782360249798618e-15
6.557641582622161877e+03 1.654619453847048384e-15
6.561830876648538833e+03 1.651346414555892173e-15
6.566020170674915789e+03 1.635396656546813175e-15
6.570209464701292745e+03 1.635329479504680139e-15
6.574398758727669701e+03 1.645324157467376186e-15
6.578588052754046657e+03 1.645831349126310630e-15
6.582777346780424523e+03 1.640838864771102603e-15
6.586966640806801479e+03 1.656602169551901114e-15
6.591155934833178435e+03 1.657353901608687450e-15
6.595345228859555391e+03 1.652306298542027963e-15
6.599534522885932347e+03 1.660888535564173719e-15
6.603723816912309303e+03 1.632782315201985720e-15
6.607913110938686259e+03 1.638349006920269344e-15
6.612102404965063215e+03 1.637713696698017248e-15
6.616291698991440171e+03 1.630962011405991340e-15
6.620480993017817127e+03 1.668658687720193582e-15
6.624670287044194993e+03 1.631847059661558968e-15
6.628859581070571949e+03 1.629541561033489200e-15
6.633048875096948905e+03 1.595172341283631918e-15
6.637238169123325861e+03 1.555109134488698323e-15
6.641427463149702817e+03 1.587396207884556094e-15
6.645616757176079773e+03 1.619172394532257156e-15
6.649806051202456729e+03 1.596529683636785630e-15
6.653995345228833685e+03 1.559881601600267775e-15
6.658184639255210641e+03 1.545393037238400409e-15
6.662373933281587597e+03 1.559992520673511763e-15
6.666563227307964553e+03 1.578246225830076173e-15
6.670752521334341509e+03 1.553121021255641238e-15
6.674941815360718465e+03 1.533539144530472378e-15
6.679131109387095421e+03 1.540882526952871559e-15
6.683320403413472377e+03 1.542414617871486145e-15
6.687509697439849333e+03 1.516106115895495382e-15
6.691698991466226289e+03 1.508319536723440304e-15
6.695888285492603245e+03 1.499379316488719807e-15
6.700077579518980201e+03 1.500876254274231725e-15
6.704266873545357157e+03 1.497320897687624135e-15
6.708456167571734113e+03 1.460605886796882392e-15
6.712645461598111069e+03 1.476879644653328877e-15
6.716834755624488025e+03 1.471885136698464495e-15
6.721024049650864981e+03 1.450897893994326743e-15
6.725213343677241937e+03 1.437082376334662958e-15
6.729402637703618893e+03 1.402965424597827699e-15
6.733591931729995849e+03 1.419031863739942384e-15
6.737781225756372805e+03 1.399812217798796999e-15
6.741970519782749761e+03 1.392258126291390949e-15
6.746159813809126717e+03 1.425690973160970304e-15
6.750349107835503673e+03 1.383632512363880181e-15
6.754538401861881539e+03 1.357175150657409248e-15
6.758727695888258495e+03 1.351870790192261841e-15
6.762916989914635451e+03 1.330864507740176268e-15
6.767106283941012407e+03 1.311511757590872206e-15
6.771295577967389363e+03 1.337890062291918926e-15
6.775484871993766319e+03 1.314943694124590749e-15
6.779674166020143275e+03 1.290788227766700008e-15
6.783863460046520231e+03 1.289024524902360480e-15
6.788052754072897187e+03 1.280742727793968901e-15
6.792242048099274143e+03 1.277205508465287400e-15
6.796431342125652009e+03 1.276024377710373797e-15
6.800620636152028965e+03 1.297004068145570268e-15
6.804809930178405921e+03 1.300608196296845889e-15
6.808999224204782877e+03 1.265494427488116374e-15
6.813188518231159833e+03 1.283562758209729274e-15
6.817377812257536789e+03 1.285178141282940514e-15
6.821567106283913745e+03 1.297195033979256748e-15
6.825756400310290701e+03 1.330719870418115095e-15
6.829945694336667657e+03 1.334574404949178727e-15
6.834134988363044613e+03 1.331087269395718544e-15
6.838324282389421569e+03 1.328284116778139229e-15
6.842513576415798525e+03 1.353120290148235181e-15
6.846702870442175481e+03 1.378931878632488481e-15
6.850892164468552437e+03 1.355918536656800994e-15
6.855081458494929393e+03 1.345757198090126641e-15
6.859270752521306349e+03 1.356494052817202094e-15
6.863460046547683305e+03 1.384628773056548866e-15
6.867649340574060261e+03 1.396079730420675704e-15
6.871838634600437217e+03 1.353335404560664879e-15
6.876027928626814173e+03 1.371042614768604034e-15
6.880217222653191129e+03 1.400513803293546599e-15
6.884406516679568085e+03 1.387220270350393711e-15
6.888595810705945041e+03 1.367287579454591450e-15
6.892785104732321997e+03 1.399401774202398808e-15
6.896974398758698953e+03 1.442449356065431907e-15
6.901163692785075909e+03 1.412076361327259189e-15
6.905352986811452865e+03 1.381147120317541852e-15
6.909542280837829821e+03 1.427736874673716849e-15
6.913731574864206777e+03 1.452343672399685862e-15
6.917920868890583733e+03 1.407988665557702445e-15
6.922110162916960689e+03 1.372321058497196496e-15
6.926299456943338555e+03 1.375662647195989839e-15
6.930488750969715511e+03 1.393740429277516972e-15
6.934678044996092467e+03 1.430690228763167016e-15
6.938867339022469423e+03 1.443638574570886475e-15
6.943056633048846379e+03 1.426553715614331740e-15
6.947245927075223335e+03 1.419999612978240288e-15
6.951435221101600291e+03 1.436738101975718406e-15
6.955624515127977247e+03 1.422253115403548322e-15
6.959813809154354203e+03 1.429358213383430482e-15
6.964003103180731159e+03 1.467614679456136754e-15
6.968192397207109025e+03 1.458720943710098029e-15
6.972381691233485981e+03 1.374729702548026848e-15
6.976570985259862937e+03 1.358827734854152090e-15
6.980760279286239893e+03 1.388423511165351425e-15
6.984949573312616849e+03 1.396629722308304855e-15
6.989138867338993805e+03 1.375403877425021845e-15
6.993328161365370761e+03 1.367794659862408493e-15
6.997517455391747717e+03 1.354836779798174799e-15
7.001706749418124673e+03 1.312691422069551123e-15
7.005896043444501629e+03 1.320486374548211025e-15
7.010085337470878585e+03 1.393216539851199158e-15
7.014274631497255541e+03 1.355896215994835934e-15
7.018463925523632497e+03 1.317661956574166652e-15
7.022653219550009453e+03 1.336580586288270611e-15
7.026842513576386409e+03 1.350434960682734885e-15
7.031031807602763365e+03 1.313757615852815938e-15
7.035221101629140321e+03 1.320281690860280546e-15
7.039410395655517277e+03 1.320752360463474698e-15
7.043599689681894233e+03 1.313876171955099321e-15
7.047788983708271189e+03 1.315109952285462171e-15
7.051978277734648145e+03 1.308905359970797602e-15
7.056167571761025101e+03 1.302144838796089997e-15
7.060356865787402057e+03 1.281066457583160509e-15
7.064546159813779013e+03 1.286531817808957463e-15
7.068735453840155969e+03 1.319379794228455766e-15
7.072924747866532925e+03 1.308363166480706164e-15
7.077114041892909881e+03 1.301847224253733392e-15
7.081303335919286837e+03 1.276618686607783392e-15
7.085492629945663793e+03 1.286121292365311906e-15
7.089681923972040750e+03 1.330803182167430510e-15
7.093871217998417706e+03 1.272191660433453397e-15
7.098060512024795571e+03 1.285627576730424959e-15
7.102249806051172527e+03 1.302124851240752242e-15
7.106439100077549483e+03 1.271297802172331014e-15
7.110628394103926439e+03 1.268319456949374464e-15
7.114817688130303395e+03 1.288359873939225956e-15
7.119006982156680351e+03 1.242942145330444413e-15
7.123196276183057307e+03 1.228669474352870776e-15
7.127385570209434263e+03 1.274673206434532392e-15
7.131574864235811219e+03 1.280919420202847715e-15
7.135764158262188175e+03 1.295620720459115476e-15
7.139953452288566041e+03 1.238677518308006852e-15
7.144142746314942997e+03 1.226197319781893938e-15
7.148332040341319953e+03 1.289936716541667527e-15
7.152521334367696909e+03 1.237188269861602449e-15
7.156710628394073865e+03 1.225957013019175840e-15
7.160899922420450821e+03 1.233529337706529771e-15
7.165089216446827777e+03 1.218972314263691177e-15
7.169278510473204733e+03 1.204394961775905095e-15
7.173467804499581689e+03 1.217831869405412234e-15
7.177657098525958645e+03 1.257294258403811732e-15
7.181846392552335601e+03 1.237521334018069724e-15
7.186035686578712557e+03 1.200745412276457798e-15
7.190224980605089513e+03 1.226436066160021129e-15
7.194414274631466469e+03 1.186594861813693115e-15
7.198603568657843425e+03 1.152807344021564554e-15
7.202792862684220381e+03 1.155063232783448262e-15
7.206982156710597337e+03 1.175437574756670005e-15
7.211171450736974293e+03 1.194349369256166572e-15
7.215360744763351249e+03 1.167004380907791578e-15
7.219550038789728205e+03 1.158812124496704575e-15
7.223739332816105161e+03 1.161471036395840392e-15
7.227928626842482117e+03 1.141595079854895299e-15
7.232117920868859073e+03 1.141970745864031224e-15
7.236307214895236029e+03 1.183837613034998524e-15
7.240496508921612985e+03 1.175266912207700833e-15
7.244685802947989941e+03 1.131329597918138739e-15
7.248875096974366897e+03 1.137526139027962311e-15
7.253064391000743854e+03 1.158060116692986721e-15
7.257253685027120810e+03 1.171048703274971041e-15
7.261442979053497766e+03 1.138831481931857976e-15
7.265632273079874722e+03 1.085821714265873861e-15
7.269821567106252587e+03 1.078259186882314457e-15
7.274010861132629543e+03 1.113523126241472440e-15
7.278200155159006499e+03 1.157136603462724986e-15
7.282389449185383455e+03 1.143071766054814051e-15
7.286578743211760411e+03 1.106840911135016511e-15
7.290768037238137367e+03 1.153111705158585501e-15
7.294957331264514323e+03 1.194833747197810508e-15
7.299146625290891279e+03 1.145438776188058992e-15
7.303335919317268235e+03 1.089611732086223378e-15
7.307525213343645191e+03 1.113734259506887069e-15
7.311714507370023057e+03 1.132012930592084969e-15
7.315903801396400013e+03 1.133074096384379045e-15
7.320093095422776969e+03 1.110537841849581709e-15
7.324282389449153925e+03 1.088367780162253679e-15
7.328471683475530881e+03 1.098368014789900013e-15
7.332660977501907837e+03 1.116144659674716537e-15
7.336850271528284793e+03 1.091897283331998136e-15
7.341039565554661749e+03 1.089660259074550780e-15
7.345228859581038705e+03 1.137572456002794673e-15
7.349418153607415661e+03 1.130589960604486268e-15
7.353607447633792617e+03 1.101980611541257603e-15
7.357796741660169573e+03 1.087158841537865906e-15
7.361986035686546529e+03 1.085516699278933938e-15
7.366175329712923485e+03 1.083401246013082968e-15
7.370364623739300441e+03 1.081716342256161537e-15
7.374553917765677397e+03 1.097108166951650683e-15
7.378743211792054353e+03 1.088204330207189605e-15
7.382932505818431309e+03 1.056063711686457776e-15
7.387121799844808265e+03 1.051768174187231741e-15
7.391311093871185221e+03 1.047188260612909701e-15
7.395500387897562177e+03 1.065811536188392307e-15
7.399689681923939133e+03 1.068881054546198429e-15
7.403878975950316089e+03 1.032327492346348051e-15
7.408068269976693045e+03 1.018971190774574883e-15
7.412257564003070001e+03 1.024137429308395174e-15
7.416446858029446958e+03 1.022286684810371542e-15
7.420636152055823914e+03 1.014658176630907146e-15
7.424825446082200870e+03 1.032052532960492046e-15
7.429014740108577826e+03 1.089604666087466593e-15
7.433204034134954782e+03 1.081476328376577154e-15
7.437393328161331738e+03 1.042854300922890532e-15
7.441582622187709603e+03 1.030103014271864783e-15
7.445771916214086559e+03 1.014012080217685480e-15
7.449961210240463515e+03 9.965482898992949084e-16
7.454150504266840471e+03 1.018051273186988802e-15
7.458339798293217427e+03 1.036085793317084778e-15
7.462529092319594383e+03 1.014647564155927977e-15
7.466718386345971339e+03 1.022986537163935113e-15
7.470907680372348295e+03 1.027352878835312047e-15
7.475096974398725251e+03 1.026641569163309440e-15
7.479286268425102207e+03 1.022132236967828218e-15
7.483475562451480073e+03 1.001523810460956134e-15
7.487664856477857029e+03 9.740242186012780537e-16
7.491854150504233985e+03 9.818657731418950239e-16
7.496043444530610941e+03 9.991238316822579628e-16
7.500232738556987897e+03 9.991369653357067148e-16
7.504422032583364853e+03 1.008569301581871284e-15
7.508611326609741809e+03 1.014368051939931742e-15
7.512800620636118765e+03 9.933279338215241330e-16
7.516989914662495721e+03 9.941795930500519911e-16
7.521179208688872677e+03 1.025046789241416511e-15
7.525368502715249633e+03 9.824245157255925574e-16
7.529557796741626589e+03 9.833859609701248993e-16
7.533747090768003545e+03 9.999050772225235113e-16
7.537936384794380501e+03 9.980350160872710632e-16
7.542125678820757457e+03 1.011511370349718302e-15
7.546314972847134413e+03 9.972464254547791364e-16
7.550504266873511369e+03 9.819671527554595678e-16
7.554693560899888325e+03 9.741437240364397421e-16
7.558882854926265281e+03 9.690563234957170811e-16
7.563072148952642237e+03 9.860428401637709024e-16
7.567261442979019193e+03 1.033422862106333771e-15
7.571450737005396149e+03 1.009448040839684277e-15
7.575640031031773105e+03 9.781252921643000839e-16
7.579829325058150062e+03 1.049982422463592996e-15
7.584018619084527018e+03 1.084044640122220303e-15
7.588207913110903974e+03 1.052421469762197468e-15
7.592397207137280930e+03 1.007051853759945097e-15
7.596586501163657886e+03 9.833153119159599537e-16
7.600775795190034842e+03 9.754850562388807132e-16
7.604965089216411798e+03 9.501872695094563740e-16
7.609154383242788754e+03 8.904058589990954161e-16
7.613343677269166619e+03 9.032332617629182389e-16
7.617532971295543575e+03 1.000706807063038928e-15
7.621722265321920531e+03 1.074906169397200268e-15
7.625911559348297487e+03 1.068786411666187447e-15
7.630100853374674443e+03 1.022870702862426430e-15
7.634290147401051399e+03 1.010919879372573058e-15
7.638479441427428355e+03 1.043920425823482564e-15
7.642668735453805311e+03 1.103166890912602716e-15
7.646858029480182267e+03 1.078664478563530875e-15
7.651047323506559223e+03 1.003810936181685301e-15
7.655236617532937089e+03 9.990057077103687130e-16
7.659425911559314045e+03 1.097974123476624610e-15
7.663615205585691001e+03 1.086945628947601413e-15
7.667804499612067957e+03 1.045441397357313629e-15
7.671993793638444913e+03 1.041828691127392525e-15
7.676183087664821869e+03 1.024381556281896218e-15
7.680372381691198825e+03 1.026990750924793879e-15
7.684561675717575781e+03 1.094038955571534178e-15
7.688750969743952737e+03 1.118382768782802548e-15
7.692940263770329693e+03 1.052348728145119862e-15
7.697129557796706649e+03 1.047985209607261230e-15
7.701318851823083605e+03 1.108661106359314972e-15
7.705508145849460561e+03 1.123669092443340796e-15
7.709697439875837517e+03 1.086093628194121867e-15
7.713886733902214473e+03 1.074099647301791503e-15
7.718076027928591429e+03 1.056782923925974409e-15
7.722265321954968385e+03 1.027592308758941519e-15
7.726454615981345341e+03 1.044650670692246351e-15
7.730643910007722297e+03 1.095706095484911934e-15
7.734833204034099253e+03 1.081356501048868397e-15
7.739022498060476210e+03 1.079187805234173055e-15
7.743211792086853166e+03 1.074443318712104459e-15
7.747401086113230122e+03 1.065970004768859656e-15
7.751590380139607078e+03 1.070068601015865597e-15
7.755779674165984034e+03 1.060004267000089071e-15
7.759968968192360990e+03 1.051518581540236358e-15
7.764158262218738855e+03 1.019169236076550088e-15
7.768347556245115811e+03 9.821547126893512043e-16
7.772536850271492767e+03 1.003411605997338675e-15
7.776726144297869723e+03 1.057955330236635780e-15
7.780915438324246679e+03 1.074967333642781851e-15
7.785104732350623635e+03 1.067570009815268013e-15
7.789294026377000591e+03 1.090224902509767181e-15
7.793483320403377547e+03 1.105811481722570720e-15
7.797672614429754503e+03 1.069589685344028896e-15
7.801861908456131459e+03 1.010335605451326027e-15
7.806051202482508415e+03 9.919653317152414443e-16
7.810240496508885371e+03 1.029047194404593564e-15
7.814429790535262327e+03 1.058490210574728488e-15
7.818619084561639283e+03 1.083497339788935572e-15
7.822808378588016240e+03 1.103699870264054811e-15
7.826997672614393196e+03 1.077756304460271287e-15
7.831186966640770152e+03 1.007062176478167408e-15
7.835376260667147108e+03 1.056580417446614062e-15
7.839565554693524064e+03 1.066208730303532826e-15
7.843754848719901020e+03 1.003837301639903230e-15
7.847944142746278885e+03 1.029590655779268468e-15
7.852133436772655841e+03 1.018257692047607918e-15
7.856322730799032797e+03 1.023416224397137963e-15
7.860512024825409753e+03 1.024396516118685895e-15
7.864701318851786709e+03 9.759175626876348410e-16
7.868890612878163665e+03 9.454596858241583302e-16
7.873079906904540621e+03 9.839383183905388413e-16
7.877269200930917577e+03 1.014716155704531627e-15
7.881458494957294533e+03 1.001897120782372224e-15
7.885647788983671489e+03 1.002414054758821074e-15
7.889837083010048445e+03 1.005853909055789162e-15
7.894026377036425401e+03 1.041962628227448473e-15
7.898215671062802357e+03 1.047648171644199226e-15
7.902404965089179314e+03 9.930199296837984424e-16
7.906594259115556270e+03 9.828483461248912833e-16
7.910783553141933226e+03 1.041442123015932219e-15
7.914972847168310182e+03 1.039831892869629683e-15
7.919162141194687138e+03 9.658641137568600617e-16
7.923351435221064094e+03 9.582596837245410651e-16
7.927540729247441050e+03 1.043020810859669640e-15
7.931730023273818006e+03 1.051101395744273901e-15
7.935919317300195871e+03 1.025824019801687900e-15
7.940108611326572827e+03 1.041501736185836959e-15
7.944297905352949783e+03 9.715004687497452212e-16
7.948487199379326739e+03 9.112923587085962728e-16
7.952676493405703695e+03 9.434277960548670026e-16
7.956865787432080651e+03 1.017044752058713564e-15
7.961055081458457607e+03 9.941326315423277554e-16
7.965244375484834563e+03 9.216583790279452475e-16
7.969433669511211519e+03 9.448564987032163806e-16
7.973622963537588475e+03 9.640223419697241557e-16
7.977812257563965431e+03 9.015267264358190220e-16
7.982001551590342387e+03 9.139575382371303797e-16
7.986190845616719344e+03 9.380413737878861326e-16
7.990380139643096300e+03 9.244573549309637460e-16
7.994569433669473256e+03 9.244455217092514308e-16
7.998758727695850212e+03 9.679912828876599978e-16
8.002948021722227168e+03 9.139654976298924179e-16
8.007137315748604124e+03 8.707023774154770980e-16
8.011326609774981080e+03 8.799212197338983681e-16
8.015515903801358036e+03 9.013970337810623404e-16
8.019705197827735901e+03 8.987750472259464547e-16
8.023894491854112857e+03 8.787716355515213345e-16
8.028083785880489813e+03 8.606591091227758553e-16
8.032273079906866769e+03 8.643180521370568974e-16
8.036462373933243725e+03 8.843322113800235165e-16
8.040651667959620681e+03 8.672490968484670639e-16
8.044840961985997637e+03 8.271729028840609340e-16
8.049030256012374593e+03 8.257645615188865909e-16
8.053219550038751549e+03 8.395679274451961877e-16
8.057408844065128505e+03 7.982343947538730837e-16
8.061598138091505461e+03 8.447266880457380437e-16
8.065787432117882418e+03 8.666433513375356598e-16
8.069976726144259374e+03 7.993553979353225139e-16
8.074166020170636330e+03 7.876733412939939126e-16
8.078355314197013286e+03 8.026926934996663726e-16
8.082544608223390242e+03 7.959537680725650648e-16
8.086733902249767198e+03 7.657667076103051564e-16
8.090923196276144154e+03 7.522532521268140176e-16
8.095112490302521110e+03 7.749568738308313675e-16
8.099301784328898066e+03 7.442318905799974780e-16
8.103491078355275022e+03 7.426229319743025899e-16
8.107680372381652887e+03 8.043537006207149757e-16
8.111869666408029843e+03 8.186783921162415697e-16
8.116058960434406799e+03 7.822363468944339171e-16
8.120248254460783755e+03 7.447086682065932335e-16
8.124437548487160711e+03 7.850108263833870697e-16
8.128626842513537667e+03 8.646780683389890061e-16
8.132816136539914623e+03 7.550491564098403440e-16
8.137005430566291579e+03 6.853824846441184706e-16
8.141194724592668535e+03 6.639819719089080358e-16
8.145384018619045492e+03 6.685032104213216658e-16
8.149573312645422448e+03 7.535782166503440851e-16
8.153762606671799404e+03 8.458844149354782235e-16
8.157951900698176360e+03 7.487552307442699840e-16
8.162141194724553316e+03 6.507593602540565639e-16
8.166330488750930272e+03 6.923018602026208845e-16
8.170519782777307228e+03 7.244376987387715650e-16
8.174709076803684184e+03 6.752969501707865174e-16
8.178898370830061140e+03 6.294314053175577301e-16
8.183087664856438096e+03 6.426604857045689340e-16
8.187276958882815052e+03 6.820490202636473610e-16
8.191466252909192917e+03 7.098867022927795386e-16
8.195655546935569873e+03 6.583054758116778868e-16
8.199844840961946829e+03 6.338124379442417860e-16
8.204034134988323785e+03 7.211851259345092609e-16
8.208223429014700741e+03 7.145899646872205441e-16
8.212412723041077697e+03 6.290345431553354076e-16
8.216602017067454653e+03 6.357507029440561126e-16
8.220791311093831609e+03 7.235397368863233756e-16
8.224980605120208565e+03 6.634778488506895927e-16
8.229169899146585522e+03 6.851648272570515421e-16
8.233359193172962478e+03 6.958934382016476244e-16
8.237548487199339434e+03 6.315081340553435241e-16
8.241737781225716390e+03 6.140767303196055249e-16
8.245927075252093346e+03 6.469375669049713512e-16
8.250116369278470302e+03 6.545557096013525077e-16
8.254305663304847258e+03 6.778987128614431157e-16
8.258494957331224214e+03 7.266613547260165884e-16
8.262684251357601170e+03 6.545783335977214295e-16
8.266873545383978126e+03 6.624280292188967113e-16
8.271062839410355082e+03 7.351804733589009665e-16
8.275252133436732038e+03 7.923689174222985744e-16
8.279441427463108994e+03 8.091602026728360530e-16
8.283630721489487769e+03 7.871732980806436603e-16
8.287820015515862906e+03 7.344012635904090324e-16
8.292009309542241681e+03 7.366335444361770049e-16
8.296198603568616818e+03 7.670701698464986403e-16
8.300387897594995593e+03 6.685646602095253122e-16
8.304577191621370730e+03 6.759234730325287507e-16
8.308766485647749505e+03 7.348106236453331353e-16
8.312955779674124642e+03 7.154675982255450621e-16
8.317145073700503417e+03 7.176608205715422100e-16
8.321334367726878554e+03 7.958719018484797839e-16
8.325523661753257329e+03 8.048401809412046838e-16
8.329712955779632466e+03 7.404723712653044411e-16
8.333902249806011241e+03 7.371450865715023864e-16
8.338091543832386378e+03 7.432701822202981375e-16
8.342280837858765153e+03 7.412048025388874084e-16
8.346470131885140290e+03 7.134940901278377069e-16
8.350659425911519065e+03 6.943126075525938095e-16
8.354848719937894202e+03 7.231353354339235947e-16
8.359038013964272977e+03 6.805993770345690773e-16
8.363227307990649933e+03 6.826184971232891492e-16
8.367416602017026889e+03 7.623783575909932072e-16
8.371605896043403845e+03 7.887768864699983562e-16
8.375795190069780801e+03 7.733794402402448855e-16
8.379984484096157757e+03 7.693461894316985529e-16
8.384173778122534713e+03 7.693172839162507017e-16
8.388363072148911670e+03 7.487040167395633153e-16
8.392552366175288626e+03 7.328599092745121933e-16
8.396741660201665582e+03 7.470563145752831336e-16
8.400930954228042538e+03 7.228628999738916094e-16
8.405120248254419494e+03 6.977283788749135564e-16
8.409309542280796450e+03 7.597812760732321068e-16
8.413498836307173406e+03 7.001686986797383616e-16
8.417688130333550362e+03 7.918133626142479916e-16
8.421877424359927318e+03 9.384597108814117643e-16
8.426066718386304274e+03 7.667943899549576992e-16
8.430256012412681230e+03 7.700519478136223064e-16
8.434445306439058186e+03 7.161401343486306603e-16
8.438634600465435142e+03 7.229258615086126164e-16
8.442823894491812098e+03 8.986884386300204690e-16
8.447013188518189054e+03 9.253064050332892384e-16
8.451202482544566010e+03 8.587799033614881156e-16
8.455391776570944785e+03 7.743374229914956916e-16
8.459581070597319922e+03 7.632386830607544714e-16
8.463770364623698697e+03 8.742673909674218208e-16
8.467959658650073834e+03 8.452751021491712656e-16
8.472148952676452609e+03 7.581570874168231070e-16
8.476338246702827746e+03 7.442721018719578357e-16
8.480527540729206521e+03 8.197389718120199802e-16
8.484716834755581658e+03 8.944026886615049996e-16
8.488906128781960433e+03 7.914775908899105701e-16
8.493095422808335570e+03 7.813694448535211668e-16
8.497284716834714345e+03 9.001863859162621387e-16
8.501474010861089482e+03 8.807221467162036302e-16
8.505663304887468257e+03 1.012242765435683294e-15
8.509852598913843394e+03 9.414921750036810651e-16
8.514041892940222169e+03 7.577854507833101488e-16
8.518231186966597306e+03 7.883915687828337628e-16
8.522420480992976081e+03 9.893466108672115685e-16
8.526609775019351218e+03 1.001710017760805361e-15
8.530799069045729993e+03 8.322583524426928440e-16
8.534988363072106949e+03 7.688843502254202459e-16
8.539177657098483905e+03 8.031551223747247563e-16
8.543366951124860861e+03 7.751167562344668883e-16
8.547556245151237817e+03 8.212255672395964671e-16
8.551745539177614774e+03 9.145423910898874954e-16
8.555934833203991730e+03 8.112257107470364401e-16
8.560124127230368686e+03 7.865532372509162228e-16
8.564313421256745642e+03 8.651990627655591854e-16
8.568502715283122598e+03 8.943920148358220284e-16
8.572692009309499554e+03 8.019870904475376270e-16
8.576881303335876510e+03 7.987304749014427530e-16
8.581070597362253466e+03 8.100772491378106706e-16
8.585259891388630422e+03 8.478312413812551015e-16
8.589449185415007378e+03 8.894904788507230386e-16
8.593638479441384334e+03 8.235854440401093858e-16
8.597827773467761290e+03 8.049134872282336328e-16
8.602017067494138246e+03 8.257841600144492894e-16
8.606206361520515202e+03 8.010318224749238762e-16
8.610395655546892158e+03 7.387938097387675523e-16
8.614584949573269114e+03 7.650713537270198688e-16
8.618774243599646070e+03 7.182628526034074760e-16
8.622963537626023026e+03 6.753466087552945762e-16
8.627152831652401801e+03 7.395387866017956804e-16
8.631342125678776938e+03 7.872011074948059918e-16
8.635531419705155713e+03 7.487983624487430313e-16
8.639720713731530850e+03 7.956133699498814080e-16
8.643910007757909625e+03 8.868468878484759251e-16
8.648099301784284762e+03 7.623919195573735961e-16
8.652288595810663537e+03 8.077931946404082818e-16
8.656477889837038674e+03 7.545930137992446918e-16
8.660667183863417449e+03 6.864201179731023654e-16
8.664856477889792586e+03 7.606518598434519388e-16
8.669045771916171361e+03 6.309099863519531063e-16
8.673235065942546498e+03 7.257022713890420830e-16
8.677424359968925273e+03 9.142621985370627645e-16
8.681613653995300410e+03 7.515641903721063435e-16
8.685802948021679185e+03 7.280791387531010587e-16
8.689992242048054322e+03 9.615245428633206020e-16
8.694181536074433097e+03 9.634961911701975220e-16
8.698370830100808234e+03 7.615042518354080299e-16
8.702560124127187009e+03 8.130698609941235402e-16
8.706749418153563965e+03 9.213598691569221349e-16
8.710938712179940921e+03 8.212142035614287358e-16
8.715128006206317878e+03 7.572180099732658682e-16
8.719317300232694834e+03 9.011827686577315516e-16
8.723506594259071790e+03 9.235635519194483821e-16
8.727695888285448746e+03 7.664256880380173361e-16
8.731885182311825702e+03 7.285065795471311293e-16
8.736074476338202658e+03 8.203983051982911228e-16
8.740263770364579614e+03 7.977797835815827898e-16
8.744453064390956570e+03 7.573199374389601708e-16
8.748642358417333526e+03 7.434298605989597590e-16
8.752831652443710482e+03 7.898164068031830294e-16
8.757020946470087438e+03 9.564376938131925292e-16
8.761210240496464394e+03 9.600495617508231078e-16
8.765399534522841350e+03 8.188020706681521063e-16
8.769588828549218306e+03 7.461550496192865405e-16
8.773778122575595262e+03 7.306209372038761673e-16
8.777967416601972218e+03 6.693638393542335258e-16
8.782156710628349174e+03 7.237337430806616239e-16
8.786346004654726130e+03 7.148662095441330701e-16
8.790535298681103086e+03 6.357265001600553586e-16
8.794724592707480042e+03 7.807146158019831888e-16
8.798913886733858817e+03 8.676928819866148234e-16
8.803103180760233954e+03 6.811906013546007092e-16
8.807292474786612729e+03 6.411044786864233201e-16
8.811481768812987866e+03 1.048401285753226679e-15
8.815671062839366641e+03 9.570898783840294399e-16
8.819860356865741778e+03 7.702837255446282724e-16
8.824049650892120553e+03 8.123890252652531494e-16
8.828238944918495690e+03 8.739036547716490190e-16
8.832428238944874465e+03 7.167022196511965571e-16
8.836617532971249602e+03 7.376851201106764487e-16
8.840806826997628377e+03 7.466421913712334649e-16
8.844996121024003514e+03 6.557176770832482918e-16
8.849185415050382289e+03 7.327351928410879035e-16
8.853374709076757426e+03 7.039431264398664794e-16
8.857564003103136201e+03 6.077778808529929052e-16
8.861753297129511338e+03 6.199153502775850385e-16
8.865942591155890113e+03 7.317771217877262043e-16
8.870131885182265250e+03 6.127459389220860512e-16
8.874321179208644025e+03 6.652680153702987274e-16
8.878510473235020982e+03 7.695624036846456217e-16
8.882699767261397938e+03 6.475961737039414787e-16
8.886889061287774894e+03 7.317010195446486313e-16
8.891078355314151850e+03 6.984216741203310591e-16
8.895267649340528806e+03 6.438421626637868815e-16
8.899456943366905762e+03 7.000158923254652480e-16
8.903646237393282718e+03 7.145736755760199441e-16
8.907835531419659674e+03 6.860985445951481148e-16
8.912024825446036630e+03 6.635270514457326555e-16
8.916214119472413586e+03 7.513214554869047543e-16
8.920403413498790542e+03 9.459876839220225960e-16
8.924592707525167498e+03 7.198547465050926549e-16
8.928782001551544454e+03 6.024305638669934034e-16
8.932971295577921410e+03 7.648258931233336253e-16
8.937160589604298366e+03 1.051834263973531820e-15
8.941349883630675322e+03 6.224995791292767649e-16
8.945539177657052278e+03 5.407924064484413313e-16
8.949728471683429234e+03 7.358611205542205256e-16
8.953917765709806190e+03 9.221259470750376697e-16
8.958107059736183146e+03 6.399455579566211765e-16
8.962296353762560102e+03 5.700724756080585810e-16
8.966485647788937058e+03 5.950853153156061178e-16
8.970674941815315833e+03 6.019161737015143660e-16
8.974864235841690970e+03 6.197359211958341807e-16
8.979053529868069745e+03 7.669876293743645705e-16
8.983242823894444882e+03 1.012974893579553267e-15
8.987432117920823657e+03 9.081613363032064054e-16
8.991621411947198794e+03 5.666286992612994433e-16
8.995810705973577569e+03 4.558009269545553027e-16
8.999999999999952706e+03 5.699885347641083891e-16
