3.800000000000000000e+03 1.789797955853504494e-15
3.803041410184666802e+03 1.769001360444151471e-15
3.806082820369334058e+03 1.766377215520490453e-15
3.809124230554000860e+03 1.842175308919521224e-15
3.812165640738668117e+03 1.931234472519010374e-15
3.815207050923334918e+03 1.839611334825146303e-15
3.818248461108002175e+03 2.054779807141840847e-15
3.821289871292668977e+03 2.148468465075883550e-15
3.824331281477335779e+03 2.053152912760103722e-15
3.827372691662003035e+03 2.129405418138797138e-15
3.830414101846669837e+03 2.290355710923295021e-15
3.833455512031337094e+03 2.184297275069446297e-15
3.836496922216003895e+03 2.163685001103605731e-15
3.839538332400671152e+03 2.135129789170539663e-15
3.842579742585337954e+03 2.312303144716147286e-15
3.845621152770005210e+03 2.329165334351621409e-15
3.848662562954672012e+03 2.305402541674544514e-15
3.851703973139338814e+03 2.231030326385657281e-15
3.854745383324006070e+03 2.326133356043195559e-15
3.857786793508672872e+03 2.473501687977831344e-15
3.860828203693340129e+03 2.453841982184268767e-15
3.863869613878006930e+03 2.359271052130096006e-15
3.866911024062674187e+03 2.428838748832994349e-15
3.869952434247340989e+03 2.243762507118688246e-15
3.872993844432007791e+03 2.323067471671633099e-15
3.876035254616675047e+03 2.468578229211588247e-15
3.879076664801341849e+03 2.465123941444258566e-15
3.882118074986009105e+03 2.385321762997929352e-15
3.885159485170675907e+03 2.457864087166047293e-15
3.888200895355343164e+03 2.459799286467424053e-15
3.891242305540009966e+03 2.484449847581356013e-15
3.894283715724676767e+03 2.465027431174046117e-15
3.897325125909344024e+03 2.470295831962576960e-15
3.900366536094010826e+03 2.571756396272512376e-15
3.903407946278678082e+03 2.399373575367109758e-15
3.906449356463344884e+03 2.472963181370967752e-15
3.909490766648012141e+03 2.492507866393539293e-15
3.912532176832678942e+03 2.575975539255247972e-15
3.915573587017346199e+03 2.571585225215385173e-15
3.918614997202013001e+03 2.556471839787849635e-15
3.921656407386679803e+03 2.631838291172166149e-15
3.924697817571347059e+03 2.541601370838687995e-15
3.927739227756013861e+03 2.634602825728968750e-15
3.930780637940681117e+03 2.717855005185169382e-15
3.933822048125347919e+03 2.675017213828216089e-15
3.936863458310015176e+03 2.504747547005906017e-15
3.939904868494681978e+03 2.650185703415075261e-15
3.942946278679349234e+03 2.636189985221772023e-15
3.945987688864016036e+03 2.501320428563138483e-15
3.949029099048682838e+03 2.526770821716842644e-15
3.952070509233350094e+03 2.521797749075827053e-15
3.955111919418016896e+03 2.380518556894802223e-15
3.958153329602684153e+03 2.416845862904294145e-15
3.961194739787350954e+03 2.383790568139981084e-15
3.964236149972018211e+03 2.435276104181924335e-15
3.967277560156685013e+03 2.440719950698918098e-15
3.970318970341351815e+03 2.453304927265170454e-15
3.973360380526019071e+03 2.574432347448045499e-15
3.976401790710685873e+03 2.498392697928402219e-15
3.979443200895353129e+03 2.546778718782620161e-15
3.982484611080019931e+03 2.566097700535806205e-15
3.985526021264687188e+03 2.575168162265281862e-15
3.988567431449353990e+03 2.438237458843909768e-15
3.991608841634020791e+03 2.329622996913816029e-15
3.994650251818688048e+03 2.395415377408198901e-15
3.997691662003354850e+03 2.466562085398107737e-15
4.000733072188022106e+03 2.484482071883140862e-15
4.003774482372688908e+03 2.325022098702006371e-15
4.006815892557356165e+03 2.439385850922471008e-15
4.009857302742022966e+03 2.405408806648587148e-15
4.012898712926689768e+03 2.388018867421256996e-15
4.015940123111357025e+03 2.465353814593708846e-15
4.018981533296023827e+03 2.493209460046045651e-15
4.022022943480691083e+03 2.374366829877723546e-15
4.025064353665357885e+03 2.449402343443896030e-15
4.028105763850025141e+03 2.397788832917503916e-15
4.031147174034691943e+03 2.276914972477955723e-15
4.034188584219359200e+03 2.315907448835357968e-15
4.037229994404026002e+03 2.308564516580938945e-15
4.040271404588692803e+03 2.423574730718494110e-15
4.043312814773360060e+03 2.392470328392542416e-15
4.046354224958026862e+03 2.453443139800652988e-15
4.049395635142694118e+03 2.302951000302907892e-15
4.052437045327360920e+03 2.403201427027171980e-15
4.055478455512028177e+03 2.397700581573307528e-15
4.058519865696694978e+03 2.444833988363543947e-15
4.061561275881362235e+03 2.325294603745624705e-15
4.064602686066029037e+03 2.280909102373703354e-15
4.067644096250695839e+03 2.366276105459349935e-15
4.070685506435363095e+03 2.321647046646866955e-15
4.073726916620029897e+03 2.327919534462853816e-15
4.076768326804697153e+03 2.322023977297834165e-15
4.079809736989363955e+03 2.258114091407061593e-15
4.082851147174031212e+03 2.369366638679629363e-15
4.085892557358698014e+03 2.349013568296833559e-15
4.088933967543364815e+03 2.274998415002566143e-15
4.091975377728032072e+03 2.317499884521971108e-15
4.095016787912698874e+03 2.228927763238036688e-15
4.098058198097365675e+03 2.270464760102506705e-15
4.101099608282032932e+03 2.299045420958725330e-15
4.104141018466700189e+03 2.189765024250660426e-15
4.107182428651367445e+03 2.196705340523918621e-15
4.110223838836033792e+03 2.226194483299204422e-15
4.113265249020701049e+03 2.209256029548907498e-15
4.116306659205368305e+03 2.165931988534131281e-15
4.119348069390034652e+03 2.251634017025599101e-15
4.122389479574701909e+03 2.198877173678022224e-15
4.125430889759369165e+03 2.318718159026814126e-15
4.128472299944036422e+03 2.270073318825392837e-15
4.131513710128702769e+03 2.185590448340151064e-15
4.134555120313370026e+03 2.230202679457667734e-15
4.137596530498037282e+03 2.279993561409049887e-15
4.140637940682703629e+03 2.164020587048222812e-15
4.143679350867370886e+03 2.187601956829465008e-15
4.146720761052038142e+03 2.246400940853603318e-15
4.149762171236705399e+03 2.238835696355941747e-15
4.152803581421371746e+03 2.169680343455554436e-15
4.155844991606039002e+03 2.285999592823938774e-15
4.158886401790706259e+03 2.226796154564434116e-15
4.161927811975372606e+03 2.305504707207381545e-15
4.164969222160039863e+03 2.366773531828064605e-15
4.168010632344707119e+03 2.202915594794725686e-15
4.171052042529374376e+03 2.115219869417485098e-15
4.174093452714040723e+03 2.186404314277790940e-15
4.177134862898707979e+03 2.200050493529430975e-15
4.180176273083375236e+03 2.152899880658414037e-15
4.183217683268041583e+03 2.194816869628187972e-15
4.186259093452708839e+03 2.221951895810066866e-15
4.189300503637376096e+03 2.287388307150254759e-15
4.192341913822043352e+03 2.261082477005360941e-15
4.195383324006709699e+03 2.189287963616974282e-15
4.198424734191376956e+03 2.177796395626679254e-15
4.201466144376044213e+03 2.106608855680725368e-15
4.204507554560710560e+03 2.082442239062978753e-15
4.207548964745377816e+03 2.200081162561761335e-15
4.210590374930045073e+03 2.101514109734178087e-15
4.213631785114712329e+03 2.086370433140180287e-15
4.216673195299378676e+03 2.130708323455945759e-15
4.219714605484045933e+03 2.157134324009238448e-15
4.222756015668713189e+03 2.077960873206443269e-15
4.225797425853379536e+03 2.083003684071169387e-15
4.228838836038046793e+03 1.968523308066516597e-15
4.231880246222714050e+03 2.084384662954355984e-15
4.234921656407381306e+03 2.130899881532912141e-15
4.237963066592047653e+03 2.032132746406978437e-15
4.241004476776714910e+03 2.083028505228360757e-15
4.244045886961382166e+03 2.165837999784783827e-15
4.247087297146048513e+03 2.162713893999312667e-15
4.250128707330715770e+03 1.949159735085887184e-15
4.253170117515383026e+03 2.038759951177418712e-15
4.256211527700050283e+03 1.895359037828745824e-15
4.259252937884716630e+03 1.999688536685396025e-15
4.262294348069383886e+03 1.922831298220264609e-15
4.265335758254051143e+03 1.955358571450558761e-15
4.268377168438718400e+03 1.861062606220209887e-15
4.271418578623384747e+03 1.867903468408088561e-15
4.274459988808052003e+03 1.825393165691786530e-15
4.277501398992719260e+03 1.827689163522217870e-15
4.280542809177385607e+03 1.831867721881701019e-15
4.283584219362052863e+03 1.825776586446672374e-15
4.286625629546720120e+03 1.764217009207680380e-15
4.289667039731387376e+03 1.759447278364181661e-15
4.292708449916053723e+03 1.793166712761190374e-15
4.295749860100720980e+03 1.731916551285020669e-15
4.298791270285388237e+03 1.785459469275881031e-15
4.301832680470054584e+03 1.683090145148366863e-15
4.304874090654721840e+03 1.660452049038571451e-15
4.307915500839389097e+03 1.675701093288873916e-15
4.310956911024056353e+03 1.786860399627421326e-15
4.313998321208722700e+03 1.756366948038309943e-15
4.317039731393389957e+03 1.754760805136392663e-15
4.320081141578057213e+03 1.758505027402323203e-15
4.323122551762724470e+03 1.796156272027840975e-15
4.326163961947390817e+03 1.789397702678236285e-15
4.329205372132058073e+03 1.876781484191596474e-15
4.332246782316725330e+03 1.833906758794400885e-15
4.335288192501391677e+03 1.752503681280881841e-15
4.338329602686058934e+03 1.792886074754964565e-15
4.341371012870726190e+03 1.854021805400459096e-15
4.344412423055393447e+03 1.803674767440442885e-15
4.347453833240059794e+03 1.769863854133959533e-15
4.350495243424727050e+03 1.903333697055460937e-15
4.353536653609394307e+03 1.843909008602790272e-15
4.356578063794060654e+03 1.839761648237008920e-15
4.359619473978727910e+03 1.888751505675105486e-15
4.362660884163395167e+03 1.880618127480637528e-15
4.365702294348062424e+03 1.974344567586429195e-15
4.368743704532728771e+03 2.027482556998121856e-15
4.371785114717396027e+03 1.969448293736401809e-15
4.374826524902063284e+03 1.897617852487796174e-15
4.377867935086729631e+03 1.927926769362831467e-15
4.380909345271396887e+03 2.091422817585013427e-15
4.383950755456064144e+03 2.072480675844371056e-15
4.386992165640731400e+03 2.050656714968419015e-15
4.390033575825397747e+03 1.982421304899602597e-15
4.393074986010065004e+03 2.036557199076680727e-15
4.396116396194732260e+03 2.076298455109276283e-15
4.399157806379398608e+03 2.141504489768267938e-15
4.402199216564065864e+03 2.133152607378406445e-15
4.405240626748733121e+03 2.043576397204092975e-15
4.408282036933400377e+03 1.989024794465455672e-15
4.411323447118066724e+03 2.087310647600454999e-15
4.414364857302733981e+03 2.163142129176717438e-15
4.417406267487401237e+03 2.101458388872817880e-15
4.420447677672067584e+03 2.087894289841157442e-15
4.423489087856734841e+03 2.240684653398900598e-15
4.426530498041402097e+03 1.999743592030779394e-15
4.429571908226069354e+03 2.136200123376433794e-15
4.432613318410735701e+03 2.162549124165829849e-15
4.435654728595402958e+03 2.058543031342229046e-15
4.438696138780070214e+03 2.115940308740020878e-15
4.441737548964736561e+03 2.205781469507344780e-15
4.444778959149403818e+03 2.206778534645050265e-15
4.447820369334071074e+03 2.142624287587760098e-15
4.450861779518738331e+03 2.174195655324257431e-15
4.453903189703404678e+03 2.151843127546418651e-15
4.456944599888071934e+03 2.144962425566210444e-15
4.459986010072739191e+03 2.177661774383535618e-15
4.463027420257405538e+03 2.220902840387566317e-15
4.466068830442072795e+03 2.256920016989303279e-15
4.469110240626740051e+03 2.138226892204912186e-15
4.472151650811407308e+03 2.103645138626752379e-15
4.475193060996073655e+03 2.192826368465546855e-15
4.478234471180740911e+03 2.229349274319610190e-15
4.481275881365408168e+03 2.178443974424880591e-15
4.484317291550074515e+03 2.212791471142050836e-15
4.487358701734741771e+03 2.182936780042703522e-15
4.490400111919409028e+03 2.192894079418857291e-15
4.493441522104076284e+03 2.200379282881980455e-15
4.496482932288742631e+03 2.210830636329015619e-15
4.499524342473409888e+03 2.295805523542675071e-15
4.502565752658077145e+03 2.207031785088994914e-15
4.505607162842743492e+03 2.334909956615378794e-15
4.508648573027410748e+03 2.250266835894328017e-15
4.511689983212078005e+03 2.128587979187836254e-15
4.514731393396745261e+03 2.259666451965198201e-15
4.517772803581411608e+03 2.250866487636475768e-15
4.520814213766078865e+03 2.268768913100232610e-15
4.523855623950746121e+03 2.265940757388749074e-15
4.526897034135412468e+03 2.173782898420001797e-15
4.529938444320079725e+03 2.178600299746600804e-15
4.532979854504746982e+03 2.275786671633749923e-15
4.536021264689414238e+03 2.166101551928979436e-15
4.539062674874080585e+03 2.188452402840157468e-15
4.542104085058747842e+03 2.262431241908273993e-15
4.545145495243415098e+03 2.258133029748370056e-15
4.548186905428082355e+03 2.085698498771505950e-15
4.551228315612748702e+03 2.156456735383091895e-15
4.554269725797415958e+03 2.275216643935192921e-15
4.557311135982083215e+03 2.250789424782982138e-15
4.560352546166750471e+03 2.221977638973332930e-15
4.563393956351416819e+03 2.196143054907265918e-15
4.566435366536084075e+03 2.206536721361368381e-15
4.569476776720751332e+03 2.168887514338643945e-15
4.572518186905417679e+03 2.173659073587597869e-15
4.575559597090084935e+03 2.169256446709612964e-15
4.578601007274752192e+03 2.084811527944813983e-15
4.581642417459419448e+03 2.196251034868137909e-15
4.584683827644085795e+03 2.220685563942026898e-15
4.587725237828753052e+03 2.224422421786800244e-15
4.590766648013420308e+03 2.230355421754712866e-15
4.593808058198086655e+03 2.244837379877505370e-15
4.596849468382753912e+03 2.216827360473263941e-15
4.599890878567421169e+03 2.126894978089156059e-15
4.602932288752088425e+03 2.109130764087455051e-15
4.605973698936754772e+03 2.141439154559750237e-15
4.609015109121422029e+03 2.041338748117642968e-15
4.612056519306089285e+03 2.063828315907510081e-15
4.615097929490755632e+03 2.050114296203190091e-15
4.618139339675422889e+03 2.007096960658666877e-15
4.621180749860090145e+03 2.086580003874543265e-15
4.624222160044757402e+03 2.062438198126768894e-15
4.627263570229423749e+03 2.002607011766695176e-15
4.630304980414091006e+03 1.954875929521435431e-15
4.633346390598758262e+03 1.862454893097208359e-15
4.636387800783424609e+03 1.902171677931164547e-15
4.639429210968091866e+03 1.898307084009491661e-15
4.642470621152759122e+03 1.883034306898532772e-15
4.645512031337426379e+03 1.855006670565504752e-15
4.648553441522092726e+03 1.882694002029311054e-15
4.651594851706759982e+03 1.796497579504906504e-15
4.654636261891427239e+03 1.822744155774710865e-15
4.657677672076093586e+03 1.822272430414831858e-15
4.660719082260760842e+03 1.762578892743409678e-15
4.663760492445428099e+03 1.789203065613205449e-15
4.666801902630095356e+03 1.762609331703877415e-15
4.669843312814761703e+03 1.728488846132078922e-15
4.672884722999428959e+03 1.741930245913482037e-15
4.675926133184096216e+03 1.790103922398185394e-15
4.678967543368762563e+03 1.692935822162980494e-15
4.682008953553429819e+03 1.701120018165177886e-15
4.685050363738097076e+03 1.695885892390743930e-15
4.688091773922764332e+03 1.626053725935000726e-15
4.691133184107430679e+03 1.667846434748110328e-15
4.694174594292097936e+03 1.686837469642005529e-15
4.697216004476765193e+03 1.656236475963852847e-15
4.700257414661431540e+03 1.616503676791379922e-15
4.703298824846098796e+03 1.604697572958587984e-15
4.706340235030766053e+03 1.575842451307244418e-15
4.709381645215433309e+03 1.567686298260346459e-15
4.712423055400099656e+03 1.541424635300773989e-15
4.715464465584766913e+03 1.509204988301171907e-15
4.718505875769434169e+03 1.419050355863253042e-15
4.721547285954100516e+03 1.511405429828106691e-15
4.724588696138767773e+03 1.512771623238404800e-15
4.727630106323435029e+03 1.447378814582792253e-15
4.730671516508102286e+03 1.471488401939145008e-15
4.733712926692768633e+03 1.515436067277974651e-15
4.736754336877435890e+03 1.446676043027429043e-15
4.739795747062103146e+03 1.375283469266536360e-15
4.742837157246769493e+03 1.431951717821913441e-15
4.745878567431436750e+03 1.494026467462910114e-15
4.748919977616104006e+03 1.526399506045263383e-15
4.751961387800771263e+03 1.424029333927233094e-15
4.755002797985437610e+03 1.437438551142328383e-15
4.758044208170104866e+03 1.505662638062959555e-15
4.761085618354772123e+03 1.443795504703169324e-15
4.764127028539438470e+03 1.463824367489144083e-15
4.767168438724105727e+03 1.489082903804322343e-15
4.770209848908772983e+03 1.381230331169750859e-15
4.773251259093440240e+03 1.416600217535052388e-15
4.776292669278106587e+03 1.451402029342270957e-15
4.779334079462773843e+03 1.488859519103341830e-15
4.782375489647441100e+03 1.481864513478635161e-15
4.785416899832107447e+03 1.429012105294177806e-15
4.788458310016774703e+03 1.417914282505201766e-15
4.791499720201441960e+03 1.465588839716666041e-15
4.794541130386109216e+03 1.434412748640528460e-15
4.797582540570775564e+03 1.501240697694953155e-15
4.800623950755442820e+03 1.505199771581880415e-15
4.803665360940110077e+03 1.470441404358842285e-15
4.806706771124777333e+03 1.500962101480379781e-15
4.809748181309443680e+03 1.467693538323509792e-15
4.812789591494110937e+03 1.523268557028670265e-15
4.815831001678778193e+03 1.527012362798033924e-15
4.818872411863445450e+03 1.516829076784105776e-15
4.821913822048111797e+03 1.529558487668767744e-15
4.824955232232779053e+03 1.504346107459934534e-15
4.827996642417445400e+03 1.472570512105919891e-15
4.831038052602112657e+03 1.590496243276440483e-15
4.834079462786779914e+03 1.589635005217521338e-15
4.837120872971447170e+03 1.581343684136561468e-15
4.840162283156114427e+03 1.503535226641184136e-15
4.843203693340780774e+03 1.524465122300699804e-15
4.846245103525448030e+03 1.533221364570909212e-15
4.849286513710115287e+03 1.571167919209293386e-15
4.852327923894781634e+03 1.588318584985890434e-15
4.855369334079448890e+03 1.500285885147149499e-15
4.858410744264116147e+03 1.449306016747887395e-15
4.861452154448783403e+03 1.503015171565740983e-15
4.864493564633449751e+03 1.504776793396013021e-15
4.867534974818117007e+03 1.503760229494433997e-15
4.870576385002784264e+03 1.464625556455510206e-15
4.873617795187450611e+03 1.424261809060695889e-15
4.876659205372117867e+03 1.426624840112175442e-15
4.879700615556785124e+03 1.471717763119630508e-15
4.882742025741452380e+03 1.460596103478648632e-15
4.885783435926118727e+03 1.424804193491531927e-15
4.888824846110785984e+03 1.452563759024780166e-15
4.891866256295453240e+03 1.438513381240093052e-15
4.894907666480119588e+03 1.435114235379529452e-15
4.897949076664786844e+03 1.431774636950504880e-15
4.900990486849454101e+03 1.462414223682176956e-15
4.904031897034121357e+03 1.470120118115199184e-15
4.907073307218787704e+03 1.407792380557239422e-15
4.910114717403454961e+03 1.398154152069249496e-15
4.913156127588122217e+03 1.447526854037146010e-15
4.916197537772788564e+03 1.474431635766952542e-15
4.919238947957455821e+03 1.460114532517341280e-15
4.922280358142123077e+03 1.460638243716381042e-15
4.925321768326790334e+03 1.458764640576862638e-15
4.928363178511456681e+03 1.449167042814273880e-15
4.931404588696123938e+03 1.474983274224682811e-15
4.934445998880791194e+03 1.503176333221701205e-15
4.937487409065457541e+03 1.502572296355020125e-15
4.940528819250124798e+03 1.497561094641635501e-15
4.943570229434792054e+03 1.493858263150386134e-15
4.946611639619459311e+03 1.500557185132858953e-15
4.949653049804125658e+03 1.613440033378609648e-15
4.952694459988792914e+03 1.556158081813806361e-15
4.955735870173460171e+03 1.503880613125343236e-15
4.958777280358126518e+03 1.553546849578079466e-15
4.961818690542793775e+03 1.644327236812122504e-15
4.964860100727461031e+03 1.566056118918958386e-15
4.967901510912128288e+03 1.505832043082514302e-15
4.970942921096794635e+03 1.594538626265375809e-15
4.973984331281461891e+03 1.585738133991589981e-15
4.977025741466129148e+03 1.577938871170239422e-15
4.980067151650795495e+03 1.591087652394222049e-15
4.983108561835462751e+03 1.579379012410495860e-15
4.986149972020130008e+03 1.645035466096663024e-15
4.989191382204797264e+03 1.656758002505123938e-15
4.992232792389463611e+03 1.652401851885320225e-15
4.995274202574130868e+03 1.634061057169510055e-15
4.998315612758798125e+03 1.639533944015817844e-15
5.001357022943464472e+03 1.676350423762842889e-15
5.004398433128131728e+03 1.703937805512212351e-15
5.007439843312798985e+03 1.732115484304613053e-15
5.010481253497466241e+03 1.667317648654842542e-15
5.013522663682133498e+03 1.608108094696066055e-15
5.016564073866799845e+03 1.656791881681044943e-15
5.019605484051467101e+03 1.675752926594745952e-15
5.022646894236133448e+03 1.713402550108749928e-15
5.025688304420800705e+03 1.748175271232352199e-15
5.028729714605467962e+03 1.728901032645301633e-15
5.031771124790135218e+03 1.724602637269225623e-15
5.034812534974802475e+03 1.760796685916639945e-15
5.037853945159468822e+03 1.837680007535780673e-15
5.040895355344136078e+03 1.835848098110133808e-15
5.043936765528802425e+03 1.814008355166197183e-15
5.046978175713469682e+03 1.776765008543856632e-15
5.050019585898136938e+03 1.736386026889997059e-15
5.053060996082804195e+03 1.793582263801195924e-15
5.056102406267471451e+03 1.790924589661711479e-15
5.059143816452137798e+03 1.751673233372512044e-15
5.062185226636805055e+03 1.766515249248434294e-15
5.065226636821471402e+03 1.761593675770145795e-15
5.068268047006138659e+03 1.725773387007724978e-15
5.071309457190805915e+03 1.833897194285037802e-15
5.074350867375473172e+03 1.803945513899340713e-15
5.077392277560140428e+03 1.811305628247340632e-15
5.080433687744806775e+03 1.884143596356074012e-15
5.083475097929474032e+03 1.798609274072434851e-15
5.086516508114140379e+03 1.823514954721598580e-15
5.089557918298807635e+03 1.818937978573047947e-15
5.092599328483474892e+03 1.835145947042181607e-15
5.095640738668142149e+03 1.836275269878231820e-15
5.098682148852809405e+03 1.840286058293278222e-15
5.101723559037475752e+03 1.897170650165051299e-15
5.104764969222143009e+03 1.890307804508562676e-15
5.107806379406810265e+03 1.794124762143743299e-15
5.110847789591476612e+03 1.810278439014176095e-15
5.113889199776143869e+03 1.842250126992494112e-15
5.116930609960811125e+03 1.912270079938905676e-15
5.119972020145478382e+03 1.905309034965345703e-15
5.123013430330144729e+03 1.872996863593064246e-15
5.126054840514811985e+03 1.954409963759517555e-15
5.129096250699479242e+03 1.919675379889950067e-15
5.132137660884145589e+03 1.913973041325810975e-15
5.135179071068812846e+03 1.940648851730479893e-15
5.138220481253480102e+03 1.866293834921116177e-15
5.141261891438147359e+03 1.882831990957201757e-15
5.144303301622813706e+03 2.036625836200541856e-15
5.147344711807480962e+03 1.913465029014130961e-15
5.150386121992148219e+03 1.885269824409365638e-15
5.153427532176814566e+03 1.951875817921890346e-15
5.156468942361481822e+03 1.945671049668136599e-15
5.159510352546149079e+03 1.901601254651537801e-15
5.162551762730816336e+03 1.935653918445923399e-15
5.165593172915482683e+03 1.918081209587771641e-15
5.168634583100149939e+03 1.923441004051781075e-15
5.171675993284817196e+03 1.949721397691863004e-15
5.174717403469483543e+03 1.944338329748838778e-15
5.177758813654150799e+03 1.928005511066890558e-15
5.180800223838818056e+03 1.909863603179631653e-15
5.183841634023485312e+03 1.886792427584111106e-15
5.186883044208151659e+03 1.875427564795014722e-15
5.189924454392818916e+03 1.954009361762299969e-15
5.192965864577486172e+03 1.945158077958797744e-15
5.196007274762152520e+03 1.947672592152655748e-15
5.199048684946819776e+03 1.928045244335883159e-15
5.202090095131487033e+03 1.971458983065795966e-15
5.205131505316154289e+03 1.965530718857958652e-15
5.208172915500820636e+03 1.943672368622489366e-15
5.211214325685487893e+03 1.963080109750080110e-15
5.214255735870155149e+03 1.988392580840020784e-15
5.217297146054821496e+03 2.014469675301215328e-15
5.220338556239488753e+03 2.003965841530202073e-15
5.223379966424156009e+03 1.970092911141992418e-15
5.226421376608823266e+03 1.894630581545053579e-15
5.229462786793489613e+03 1.895212258148456949e-15
5.232504196978156870e+03 1.903042919283004444e-15
5.235545607162824126e+03 1.965250804984197921e-15
5.238587017347490473e+03 1.943748469954483870e-15
5.241628427532157730e+03 1.919077933435131094e-15
5.244669837716824986e+03 1.932025434128661314e-15
5.247711247901492243e+03 1.954401044792401565e-15
5.250752658086159499e+03 1.942759476740632369e-15
5.253794068270825846e+03 1.952669902638026454e-15
5.256835478455493103e+03 1.916645057890901677e-15
5.259876888640159450e+03 1.910724054157652821e-15
5.262918298824826707e+03 1.862603778350381844e-15
5.265959709009493963e+03 1.879126394995285063e-15
5.269001119194161220e+03 1.885475473843013257e-15
5.272042529378828476e+03 1.891047706643390784e-15
5.275083939563494823e+03 1.921984188970547325e-15
5.278125349748162080e+03 1.897024001218003879e-15
5.281166759932828427e+03 1.863396390859668001e-15
5.284208170117495683e+03 1.805723971288284168e-15
5.287249580302162940e+03 1.831234107745430039e-15
5.290290990486830196e+03 1.852682861596652342e-15
5.293332400671497453e+03 1.928557518279183926e-15
5.296373810856163800e+03 1.920967807676199709e-15
5.299415221040831057e+03 1.846310518456447033e-15
5.302456631225497404e+03 1.791476911187477288e-15
5.305498041410164660e+03 1.769100762692265275e-15
5.308539451594831917e+03 1.797534999658346443e-15
5.311580861779499173e+03 1.859141243427507790e-15
5.314622271964166430e+03 1.823095381775452583e-15
5.317663682148832777e+03 1.821857455947182578e-15
5.320705092333500033e+03 1.838942645037458445e-15
5.323746502518166380e+03 1.823369210912352770e-15
5.326787912702833637e+03 1.805683274310107601e-15
5.329829322887500894e+03 1.825531496985699797e-15
5.332870733072168150e+03 1.837498060846783347e-15
5.335912143256835407e+03 1.898682993361360549e-15
5.338953553441501754e+03 1.781806417550495687e-15
5.341994963626169010e+03 1.808347717695165673e-15
5.345036373810836267e+03 1.873552196757327140e-15
5.348077783995502614e+03 1.851258595162871661e-15
5.351119194180169870e+03 1.810320087574082898e-15
5.354160604364837127e+03 1.807117684404701195e-15
5.357202014549504383e+03 1.768472572253301157e-15
5.360243424734170731e+03 1.773245105725800217e-15
5.363284834918837987e+03 1.732264885735304130e-15
5.366326245103505244e+03 1.740727144556145744e-15
5.369367655288171591e+03 1.752909637736175672e-15
5.372409065472838847e+03 1.792150949034003898e-15
5.375450475657506104e+03 1.746357695812529161e-15
5.378491885842173360e+03 1.801189581339483119e-15
5.381533296026839707e+03 1.762901743417269901e-15
5.384574706211506964e+03 1.738016857715481263e-15
5.387616116396174220e+03 1.759826018299724081e-15
5.390657526580840567e+03 1.754790120153342176e-15
5.393698936765507824e+03 1.786071133160849728e-15
5.396740346950175081e+03 1.755282841124516170e-15
5.399781757134842337e+03 1.744869939247423050e-15
5.402823167319508684e+03 1.660644140881048715e-15
5.405864577504175941e+03 1.682186158795075638e-15
5.408905987688843197e+03 1.693026146365619522e-15
5.411947397873509544e+03 1.714935885540265361e-15
5.414988808058176801e+03 1.698520216204627085e-15
5.418030218242844057e+03 1.699959641500350908e-15
5.421071628427511314e+03 1.701959779817344376e-15
5.424113038612177661e+03 1.681244673431106162e-15
5.427154448796844918e+03 1.678459441355810865e-15
5.430195858981512174e+03 1.675914722149220366e-15
5.433237269166178521e+03 1.668939219974077440e-15
5.436278679350845778e+03 1.666214245962217562e-15
5.439320089535513034e+03 1.638969097813457678e-15
5.442361499720180291e+03 1.578022250103233435e-15
5.445402909904846638e+03 1.589744974252620916e-15
5.448444320089513894e+03 1.590193547241985551e-15
5.451485730274181151e+03 1.587266408898099672e-15
5.454527140458847498e+03 1.593587433612411018e-15
5.457568550643514754e+03 1.582554655782537789e-15
5.460609960828182011e+03 1.563928457279747309e-15
5.463651371012849268e+03 1.607521554208322915e-15
5.466692781197515615e+03 1.606562412424083554e-15
5.469734191382182871e+03 1.567359376332652513e-15
5.472775601566850128e+03 1.594588353278884619e-15
5.475817011751516475e+03 1.613231821532030054e-15
5.478858421936183731e+03 1.558527640673684980e-15
5.481899832120850988e+03 1.574378523167960897e-15
5.484941242305518244e+03 1.595366804990058490e-15
5.487982652490184591e+03 1.528437628848796620e-15
5.491024062674851848e+03 1.536816213019845023e-15
5.494065472859519105e+03 1.530977406314730725e-15
5.497106883044185452e+03 1.514200900866610314e-15
5.500148293228852708e+03 1.565283390831248420e-15
5.503189703413519965e+03 1.554692751371627485e-15
5.506231113598187221e+03 1.503066704670552939e-15
5.509272523782854478e+03 1.477746358709293265e-15
5.512313933967520825e+03 1.536474655786090472e-15
5.515355344152188081e+03 1.524599589272505609e-15
5.518396754336854428e+03 1.479678336166575710e-15
5.521438164521521685e+03 1.490156648392685011e-15
5.524479574706188941e+03 1.500192489347098259e-15
5.527520984890856198e+03 1.516011946375421982e-15
5.530562395075523455e+03 1.498961915198326786e-15
5.533603805260189802e+03 1.514138409609965354e-15
5.536645215444857058e+03 1.510860726387564650e-15
5.539686625629523405e+03 1.457820510961804852e-15
5.542728035814190662e+03 1.410390892575253647e-15
5.545769445998857918e+03 1.411766737332799213e-15
5.548810856183525175e+03 1.420321230988222966e-15
5.551852266368192431e+03 1.461410132453876281e-15
5.554893676552858778e+03 1.405208765474689591e-15
5.557935086737526035e+03 1.368511618547941099e-15
5.560976496922192382e+03 1.406706268463936964e-15
5.564017907106859639e+03 1.386204196475160384e-15
5.567059317291526895e+03 1.370370257018116992e-15
5.570100727476194152e+03 1.381633090929212440e-15
5.573142137660861408e+03 1.348626841521961930e-15
5.576183547845527755e+03 1.365929901281885471e-15
5.579224958030195012e+03 1.309642045211774191e-15
5.582266368214861359e+03 1.305245720713153767e-15
5.585307778399528615e+03 1.317875476232760288e-15
5.588349188584195872e+03 1.269925525049156414e-15
5.591390598768863128e+03 1.293531978449561709e-15
5.594432008953530385e+03 1.258139669755295967e-15
5.597473419138196732e+03 1.188495517597653982e-15
5.600514829322863989e+03 1.179257112672903208e-15
5.603556239507531245e+03 1.208913613340068328e-15
5.606597649692197592e+03 1.212427008591359685e-15
5.609639059876864849e+03 1.166784229202046908e-15
5.612680470061532105e+03 1.163315418258220734e-15
5.615721880246199362e+03 1.214526681778993401e-15
5.618763290430865709e+03 1.225430075379285370e-15
5.621804700615532965e+03 1.164900179730940867e-15
5.624846110800200222e+03 1.164282062279779895e-15
5.627887520984866569e+03 1.148557227197660752e-15
5.630928931169533826e+03 1.132601410827098420e-15
5.633970341354201082e+03 1.131373606175849859e-15
5.637011751538868339e+03 1.169120882199953197e-15
5.640053161723534686e+03 1.210425667978974273e-15
5.643094571908201942e+03 1.212073279859769120e-15
5.646135982092869199e+03 1.160964804702577112e-15
5.649177392277535546e+03 1.230020237425300763e-15
5.652218802462202802e+03 1.218082363187732914e-15
5.655260212646870059e+03 1.242154188040574937e-15
5.658301622831537316e+03 1.256589829738077476e-15
5.661343033016203663e+03 1.278813411166342824e-15
5.664384443200870919e+03 1.318281034583533908e-15
5.667425853385538176e+03 1.323800424285212796e-15
5.670467263570204523e+03 1.252955022542944661e-15
5.673508673754871779e+03 1.225971112774003615e-15
5.676550083939539036e+03 1.294037104301592991e-15
5.679591494124206292e+03 1.357904035064093469e-15
5.682632904308872639e+03 1.383428829451166288e-15
5.685674314493539896e+03 1.323493044810727991e-15
5.688715724678207152e+03 1.301318144600255337e-15
5.691757134862873500e+03 1.402100559834691380e-15
5.694798545047540756e+03 1.368969718010491109e-15
5.697839955232208013e+03 1.325021617628858937e-15
5.700881365416875269e+03 1.359116436161598605e-15
5.703922775601541616e+03 1.355308778577638577e-15
5.706964185786208873e+03 1.397354833824120418e-15
5.710005595970876129e+03 1.458396834348379170e-15
5.713047006155542476e+03 1.447720623067361849e-15
5.716088416340209733e+03 1.409271695193902811e-15
5.719129826524876989e+03 1.445755880666519032e-15
5.722171236709544246e+03 1.445640492367870205e-15
5.725212646894210593e+03 1.483214004464433816e-15
5.728254057078877850e+03 1.498701135680536369e-15
5.731295467263545106e+03 1.459236565224126673e-15
5.734336877448211453e+03 1.487106119377900669e-15
5.737378287632878710e+03 1.506150226428706763e-15
5.740419697817545966e+03 1.479948136789735928e-15
5.743461108002213223e+03 1.498259145841788314e-15
5.746502518186880479e+03 1.565784260258359831e-15
5.749543928371546826e+03 1.542168260843538717e-15
5.752585338556214083e+03 1.547977588834393524e-15
5.755626748740880430e+03 1.609637571318756825e-15
5.758668158925547687e+03 1.530355968082178578e-15
5.761709569110214943e+03 1.555838644848071604e-15
5.764750979294882200e+03 1.582236875877349425e-15
5.767792389479549456e+03 1.607542057889478290e-15
5.770833799664215803e+03 1.563067938630688488e-15
5.773875209848883060e+03 1.541912116039127872e-15
5.776916620033549407e+03 1.607806360373518000e-15
5.779958030218216663e+03 1.558720186660870097e-15
5.782999440402883920e+03 1.570057248426157432e-15
5.786040850587551176e+03 1.612110076417171326e-15
5.789082260772218433e+03 1.632025509069307856e-15
5.792123670956884780e+03 1.599111601000740438e-15
5.795165081141552037e+03 1.590069950363005616e-15
5.798206491326218384e+03 1.608263670671822303e-15
5.801247901510885640e+03 1.580486580881576906e-15
5.804289311695552897e+03 1.537102789478547914e-15
5.807330721880220153e+03 1.558599241220947498e-15
5.810372132064887410e+03 1.560978861550436476e-15
5.813413542249553757e+03 1.592803692371925960e-15
5.816454952434221013e+03 1.581537053099413391e-15
5.819496362618887360e+03 1.540882069601243558e-15
5.822537772803554617e+03 1.533630674226710135e-15
5.825579182988221874e+03 1.546989795260649066e-15
5.828620593172889130e+03 1.614998449499095903e-15
5.831662003357556387e+03 1.564245229348569509e-15
5.834703413542222734e+03 1.510738195297977121e-15
5.837744823726889990e+03 1.550245077177435363e-15
5.840786233911557247e+03 1.620072234588375640e-15
5.843827644096223594e+03 1.603583173428907715e-15
5.846869054280890850e+03 1.541496765194096556e-15
5.849910464465558107e+03 1.562497807713743685e-15
5.852951874650225363e+03 1.563397095782158796e-15
5.855993284834891710e+03 1.528352833343060539e-15
5.859034695019558967e+03 1.574457347201720681e-15
5.862076105204225314e+03 1.543357484430351270e-15
5.865117515388892571e+03 1.545086103833782292e-15
5.868158925573559827e+03 1.572328845279863457e-15
5.871200335758227084e+03 1.526666682614971962e-15
5.874241745942894340e+03 1.484594327519774514e-15
5.877283156127560687e+03 1.518164497512097163e-15
5.880324566312227944e+03 1.552049807644517426e-15
5.883365976496894291e+03 1.530761377200046880e-15
5.886407386681561547e+03 1.575734536284101707e-15
5.889448796866228804e+03 1.517580520810174551e-15
5.892490207050896061e+03 1.489147278522503013e-15
5.895531617235563317e+03 1.489316776088110654e-15
5.898573027420230574e+03 1.494308550546841814e-15
5.901614437604896921e+03 1.499283191718418896e-15
5.904655847789563268e+03 1.494175766901491357e-15
5.907697257974230524e+03 1.517148162292071201e-15
5.910738668158897781e+03 1.506462879661170538e-15
5.913780078343565037e+03 1.481235846572925678e-15
5.916821488528232294e+03 1.481476982039035358e-15
5.919862898712899550e+03 1.470299335247102366e-15
5.922904308897565897e+03 1.385871447374423906e-15
5.925945719082232245e+03 1.305707663263612325e-15
5.928987129266899501e+03 1.338367690643976458e-15
5.932028539451566758e+03 1.347252558289700731e-15
5.935069949636234014e+03 1.339197002844644944e-15
5.938111359820901271e+03 1.416328688893135578e-15
5.941152770005568527e+03 1.496285266430274998e-15
5.944194180190234874e+03 1.475175719737437136e-15
5.947235590374901221e+03 1.433409073971955802e-15
5.950277000559568478e+03 1.423826694023414169e-15
5.953318410744235734e+03 1.366853873976748608e-15
5.956359820928902991e+03 1.366158702132349337e-15
5.959401231113570248e+03 1.327412455710729123e-15
5.962442641298237504e+03 1.357787600400020281e-15
5.965484051482903851e+03 1.351886922387126750e-15
5.968525461667571108e+03 1.321152255949441795e-15
5.971566871852237455e+03 1.376484670642224661e-15
5.974608282036904711e+03 1.441885521933102726e-15
5.977649692221571968e+03 1.366911810833329220e-15
5.980691102406239224e+03 1.334338757922430214e-15
5.983732512590906481e+03 1.375390271079647461e-15
5.986773922775572828e+03 1.352245941506583098e-15
5.989815332960240085e+03 1.304071200566473806e-15
5.992856743144906432e+03 1.301162337120677810e-15
5.995898153329573688e+03 1.351355483108299871e-15
5.998939563514240945e+03 1.363976029635233137e-15
6.001980973698908201e+03 1.347635197818528249e-15
6.005022383883575458e+03 1.316235744869221104e-15
6.008063794068241805e+03 1.310943618659806474e-15
6.011105204252909061e+03 1.318208030652191874e-15
6.014146614437575408e+03 1.314686960390458366e-15
6.017188024622242665e+03 1.315273195176381399e-15
6.020229434806909921e+03 1.320599871222960240e-15
6.023270844991577178e+03 1.329842709313802277e-15
6.026312255176244435e+03 1.287536430549404214e-15
6.029353665360910782e+03 1.276650059033970339e-15
6.032395075545578038e+03 1.298363726730678172e-15
6.035436485730244385e+03 1.250838562710881937e-15
6.038477895914911642e+03 1.280755547973345871e-15
6.041519306099578898e+03 1.270291867820254688e-15
6.044560716284246155e+03 1.199635046415570869e-15
6.047602126468913411e+03 1.251348541514766546e-15
6.050643536653579758e+03 1.254844718308039527e-15
6.053684946838247015e+03 1.258618512115020101e-15
6.056726357022913362e+03 1.264895601915411971e-15
6.059767767207580619e+03 1.218649752272631588e-15
6.062809177392247875e+03 1.170148820774620100e-15
6.065850587576915132e+03 1.175050890098425456e-15
6.068891997761582388e+03 1.182755879690072985e-15
6.071933407946248735e+03 1.188228424573865100e-15
6.074974818130915992e+03 1.193635485693273279e-15
6.078016228315582339e+03 1.199541087795737016e-15
6.081057638500249595e+03 1.200948261788495029e-15
6.084099048684916852e+03 1.176636426674692516e-15
6.087140458869584108e+03 1.173872894819671084e-15
6.090181869054251365e+03 1.150209108539470548e-15
6.093223279238917712e+03 1.133867242640566460e-15
6.096264689423584969e+03 1.098856318927716502e-15
6.099306099608251316e+03 1.122757666480812173e-15
6.102347509792918572e+03 1.182632799230019040e-15
6.105388919977585829e+03 1.149734792441942966e-15
6.108430330162253085e+03 1.097628654197438844e-15
6.111471740346920342e+03 1.083382444688335471e-15
6.114513150531586689e+03 1.095427635022054544e-15
6.117554560716253945e+03 1.055535805741414231e-15
6.120595970900920292e+03 1.064340545171491809e-15
6.123637381085587549e+03 1.094478789564196760e-15
6.126678791270254806e+03 1.090986988653274169e-15
6.129720201454922062e+03 1.143475369343336445e-15
6.132761611639589319e+03 1.153337986805395833e-15
6.135803021824255666e+03 1.148045996121962076e-15
6.138844432008922922e+03 1.105977333917281667e-15
6.141885842193589269e+03 1.093388313888696451e-15
6.144927252378256526e+03 1.078283963975520657e-15
6.147968662562923782e+03 1.074487071857691274e-15
6.151010072747591039e+03 1.094519212549882858e-15
6.154051482932258295e+03 1.137934106795672822e-15
6.157092893116925552e+03 1.120246980128050823e-15
6.160134303301591899e+03 1.124808888785050305e-15
6.163175713486258246e+03 1.144904631522616998e-15
6.166217123670925503e+03 1.112287587411784461e-15
6.169258533855592759e+03 1.088260922554138625e-15
6.172299944040260016e+03 1.154488980302987606e-15
6.175341354224927272e+03 1.122718259351182561e-15
6.178382764409594529e+03 1.090005062929522375e-15
6.181424174594260876e+03 1.121473024233908092e-15
6.184465584778927223e+03 1.140647164087622631e-15
6.187506994963594479e+03 1.111644700158252791e-15
6.190548405148261736e+03 1.122668226747695976e-15
6.193589815332928993e+03 1.155430669440781829e-15
6.196631225517596249e+03 1.173173214433153252e-15
6.199672635702263506e+03 1.128560409619546059e-15
6.202714045886929853e+03 1.123010995265141966e-15
6.205755456071597109e+03 1.140038878845874691e-15
6.208796866256263456e+03 1.143290680190816541e-15
6.211838276440930713e+03 1.138195672130829688e-15
6.214879686625597969e+03 1.129380372179920235e-15
6.217921096810265226e+03 1.145276790731599593e-15
6.220962506994932482e+03 1.198510413079359120e-15
6.224003917179598830e+03 1.203796221839070686e-15
6.227045327364266086e+03 1.179454557925534680e-15
6.230086737548932433e+03 1.227059926834814418e-15
6.233128147733599690e+03 1.244533092193130905e-15
6.236169557918266946e+03 1.217738766350721532e-15
6.239210968102934203e+03 1.194375285005575033e-15
6.242252378287601459e+03 1.168065072220961326e-15
6.245293788472267806e+03 1.188906962244921413e-15
6.248335198656935063e+03 1.183664886222685393e-15
6.251376608841601410e+03 1.228936872820996356e-15
6.254418019026268666e+03 1.184211485391103725e-15
6.257459429210935923e+03 1.242130085692562796e-15
6.260500839395603180e+03 1.230453421952917746e-15
6.263542249580270436e+03 1.183723357353004469e-15
6.266583659764936783e+03 1.157654232359707215e-15
6.269625069949604040e+03 1.199833343864779068e-15
6.272666480134270387e+03 1.218791873514527276e-15
6.275707890318937643e+03 1.232348817142055758e-15
6.278749300503604900e+03 1.208099463149016916e-15
6.281790710688272156e+03 1.212173006080058243e-15
6.284832120872939413e+03 1.184707081913761380e-15
6.287873531057605760e+03 1.164856181261541288e-15
6.290914941242273017e+03 1.217650111774335289e-15
6.293956351426939364e+03 1.187312450887594847e-15
6.296997761611606620e+03 1.153302049635843318e-15
6.300039171796273877e+03 1.224362739493077528e-15
6.303080581980941133e+03 1.233417229874291405e-15
6.306121992165608390e+03 1.188636529146062564e-15
6.309163402350274737e+03 1.205941543671521303e-15
6.312204812534941993e+03 1.222149417553774534e-15
6.315246222719608340e+03 1.201731043373677765e-15
6.318287632904275597e+03 1.196265504622648417e-15
6.321329043088942854e+03 1.171000490331174070e-15
6.324370453273610110e+03 1.162209812559876752e-15
6.327411863458277367e+03 1.152371781807478045e-15
6.330453273642943714e+03 1.142795340447088104e-15
6.333494683827610970e+03 1.151146001511499807e-15
6.336536094012277317e+03 1.158625899450260982e-15
6.339577504196944574e+03 1.129297764323482786e-15
6.342618914381611830e+03 1.130273748520456701e-15
6.345660324566279087e+03 1.164730569210367186e-15
6.348701734750946343e+03 1.123852642580526751e-15
6.351743144935612690e+03 1.173395482362119658e-15
6.354784555120279947e+03 1.141906073076426352e-15
6.357825965304946294e+03 1.103399705654957285e-15
6.360867375489613551e+03 1.115148539572983333e-15
6.363908785674280807e+03 1.125426378536292935e-15
6.366950195858948064e+03 1.103299804625457950e-15
6.369991606043615320e+03 1.096548788900883711e-15
6.373033016228281667e+03 1.106912166760473942e-15
6.376074426412948924e+03 1.086592024527702470e-15
6.379115836597615271e+03 1.046762467623392856e-15
6.382157246782282527e+03 1.035949264642914159e-15
6.385198656966949784e+03 1.038134583245782920e-15
6.388240067151617041e+03 1.034664447513934559e-15
6.391281477336284297e+03 1.070148375227547856e-15
6.394322887520951554e+03 1.063054237328290436e-15
6.397364297705617901e+03 9.961568022626847881e-16
6.400405707890284248e+03 9.660675743143453533e-16
6.403447118074951504e+03 1.008007204247913715e-15
6.406488528259618761e+03 1.045089148454735224e-15
6.409529938444286017e+03 1.059934564902511006e-15
6.412571348628953274e+03 1.048768719748204389e-15
6.415612758813620530e+03 1.053828955048751603e-15
6.418654168998286877e+03 1.077316123968890588e-15
6.421695579182953225e+03 1.114844330427830228e-15
6.424736989367620481e+03 1.108825022457537612e-15
6.427778399552287738e+03 1.118463114279060676e-15
6.430819809736954994e+03 1.133547608622853062e-15
6.433861219921622251e+03 1.092486251834375156e-15
6.436902630106289507e+03 1.131885196093367344e-15
6.439944040290955854e+03 1.116092628604266308e-15
6.442985450475622201e+03 1.108890881558700992e-15
6.446026860660289458e+03 1.138243616660222139e-15
6.449068270844956714e+03 1.145240806033763662e-15
6.452109681029623971e+03 1.128782440315443908e-15
6.455151091214291228e+03 1.152783195466138486e-15
6.458192501398958484e+03 1.162582008140117319e-15
6.461233911583624831e+03 1.188746229354259296e-15
6.464275321768292088e+03 1.171402628931909336e-15
6.467316731952958435e+03 1.181761201670171062e-15
6.470358142137625691e+03 1.213285396801916751e-15
6.473399552322292948e+03 1.162903515569833657e-15
6.476440962506960204e+03 1.157349051902428925e-15
6.479482372691627461e+03 1.152043165761813332e-15
6.482523782876293808e+03 1.164647777879941748e-15
6.485565193060961064e+03 1.167067735046371082e-15
6.488606603245627412e+03 1.176277044151372227e-15
6.491648013430294668e+03 1.225801094187525845e-15
6.494689423614961925e+03 1.179503164902821959e-15
6.497730833799629181e+03 1.194331981534780819e-15
6.500772243984296438e+03 1.185898917372249301e-15
6.503813654168962785e+03 1.217728564214199511e-15
6.506855064353630041e+03 1.203107911662072657e-15
6.509896474538296388e+03 1.178124114981217370e-15
6.512937884722963645e+03 1.192987088906398199e-15
6.515979294907630901e+03 1.219751725590129917e-15
6.519020705092298158e+03 1.153223472482393608e-15
6.522062115276965415e+03 1.203241607344474407e-15
6.525103525461631762e+03 1.209153439712321466e-15
6.528144935646299018e+03 1.178282089700902507e-15
6.531186345830965365e+03 1.196859582135913835e-15
6.534227756015632622e+03 1.195166750045478666e-15
6.537269166200299878e+03 1.246711714108539831e-15
6.540310576384967135e+03 1.271339273374811441e-15
6.543351986569634391e+03 1.241310700814892054e-15
6.546393396754300738e+03 1.209390421483735777e-15
6.549434806938967995e+03 1.207918745214186526e-15
6.552476217123634342e+03 1.221003120686667279e-15
6.555517627308301599e+03 1.264233279867637262e-15
6.558559037492968855e+03 1.200659675176277013e-15
6.561600447677636112e+03 1.167951944401051068e-15
6.564641857862303368e+03 1.244364888654466062e-15
6.567683268046969715e+03 1.200273319504906233e-15
6.570724678231636972e+03 1.205743864981733570e-15
6.573766088416303319e+03 1.225359418000754469e-15
6.576807498600970575e+03 1.231079272471177400e-15
6.579848908785637832e+03 1.234241619529581948e-15
6.582890318970305088e+03 1.230044797966309377e-15
6.585931729154972345e+03 1.206989394309493707e-15
6.588973139339638692e+03 1.172460226794013551e-15
6.592014549524305949e+03 1.200901987392328263e-15
6.595055959708972296e+03 1.203290880003986424e-15
6.598097369893639552e+03 1.163333324121047142e-15
6.601138780078306809e+03 1.178849302833100011e-15
6.604180190262974065e+03 1.166983043489152814e-15
6.607221600447641322e+03 1.171999522727457196e-15
6.610263010632307669e+03 1.160939916145784081e-15
6.613304420816974925e+03 1.197221332653461365e-15
6.616345831001641272e+03 1.155258490946122730e-15
6.619387241186308529e+03 1.167769378427921853e-15
6.622428651370975786e+03 1.152972742900052247e-15
6.625470061555643042e+03 1.173914768649893066e-15
6.628511471740310299e+03 1.138325401550751583e-15
6.631552881924976646e+03 1.186294542801102257e-15
6.634594292109643902e+03 1.183238551705036998e-15
6.637635702294310249e+03 1.150489474458027493e-15
6.640677112478977506e+03 1.189352221094679287e-15
6.643718522663644762e+03 1.148982428424990236e-15
6.646759932848312019e+03 1.178527226957669121e-15
6.649801343032979275e+03 1.190344212745670379e-15
6.652842753217646532e+03 1.149072329825620451e-15
6.655884163402312879e+03 1.123835282475918834e-15
6.658925573586979226e+03 1.165993217316845088e-15
6.661966983771646483e+03 1.153301917765368544e-15
6.665008393956313739e+03 1.130285725297195706e-15
6.668049804140980996e+03 1.148569261501017492e-15
6.671091214325648252e+03 1.135100031048270753e-15
6.674132624510315509e+03 1.145932208161186196e-15
6.677174034694981856e+03 1.143405524399254607e-15
6.680215444879648203e+03 1.146463044747247132e-15
6.683256855064315459e+03 1.138754092875033811e-15
6.686298265248982716e+03 1.087749113994066993e-15
6.689339675433649973e+03 1.081999444080821375e-15
6.692381085618317229e+03 1.102197705865249326e-15
6.695422495802984486e+03 1.122618232902481971e-15
6.698463905987650833e+03 1.135768323504587562e-15
6.701505316172318089e+03 1.150225462328588991e-15
6.704546726356984436e+03 1.107986877193351676e-15
6.707588136541651693e+03 1.080831259174289255e-15
6.710629546726318949e+03 1.096472297333226351e-15
6.713670956910986206e+03 1.112899142396341661e-15
6.716712367095653462e+03 1.063394310556883461e-15
6.719753777280319810e+03 1.066279200121910751e-15
6.722795187464987066e+03 1.060215003543850935e-15
6.725836597649653413e+03 1.118289312835709224e-15
6.728878007834320670e+03 1.049044367796909678e-15
6.731919418018987926e+03 1.048249846576786076e-15
6.734960828203655183e+03 1.070652524160742018e-15
6.738002238388322439e+03 1.065443416194532813e-15
6.741043648572988786e+03 1.059717628224697744e-15
6.744085058757656043e+03 1.032799735898322246e-15
6.747126468942322390e+03 1.034545657780743971e-15
6.750167879126989646e+03 1.056958427163914497e-15
6.753209289311656903e+03 1.046129369880069492e-15
6.756250699496324160e+03 1.008721039746690216e-15
6.759292109680991416e+03 1.010077989513090204e-15
6.762333519865657763e+03 1.031628515048166105e-15
6.765374930050325020e+03 1.020780540727682666e-15
6.768416340234991367e+03 1.017014049450562120e-15
6.771457750419658623e+03 1.005762141869158985e-15
6.774499160604325880e+03 1.023530936795167491e-15
6.777540570788993136e+03 9.704269687221258237e-16
6.780581980973660393e+03 9.895278456262890200e-16
6.783623391158326740e+03 1.000617420212874459e-15
6.786664801342993997e+03 1.019764435793731548e-15
6.789706211527660344e+03 1.044581146189768395e-15
6.792747621712327600e+03 9.762985821738544982e-16
6.795789031896994857e+03 1.017153625709279345e-15
6.798830442081662113e+03 1.010463739838526259e-15
6.801871852266329370e+03 1.005117930414983069e-15
6.804913262450995717e+03 1.060426996084111727e-15
6.807954672635662973e+03 1.063038314697245165e-15
6.810996082820329320e+03 1.018562056949742454e-15
6.814037493004996577e+03 1.027717832202826492e-15
6.817078903189663833e+03 1.046821690404360643e-15
6.820120313374331090e+03 1.043785631297479116e-15
6.823161723558998347e+03 1.037748757367763027e-15
6.826203133743664694e+03 1.008463661694316393e-15
6.829244543928331950e+03 1.036918024413413933e-15
6.832285954112998297e+03 1.058839784529551463e-15
6.835327364297665554e+03 1.029106963951559510e-15
6.838368774482332810e+03 1.034607677843502270e-15
6.841410184667000067e+03 1.061296216176474614e-15
6.844451594851667323e+03 1.061619605470478965e-15
6.847493005036333670e+03 1.027797370439105359e-15
6.850534415221000927e+03 1.031530763012292860e-15
6.853575825405667274e+03 1.023231109423025814e-15
6.856617235590334531e+03 1.046834346357688486e-15
6.859658645775001787e+03 1.017272944744373493e-15
6.862700055959669044e+03 9.917011205825273516e-16
6.865741466144336300e+03 1.033883381338950508e-15
6.868782876329002647e+03 1.098161863325138390e-15
6.871824286513669904e+03 1.072032887310798674e-15
6.874865696698336251e+03 1.008177109284574229e-15
6.877907106883003507e+03 9.792339784891292326e-16
6.880948517067670764e+03 9.878528075323961074e-16
6.883989927252338020e+03 1.049174823761472765e-15
6.887031337437005277e+03 1.081680137367424265e-15
6.890072747621672534e+03 1.011208404707648552e-15
6.893114157806338881e+03 1.074952963804962013e-15
6.896155567991005228e+03 1.023799314610620147e-15
6.899196978175672484e+03 1.037743347433782982e-15
6.902238388360339741e+03 9.907692137211015286e-16
6.905279798545006997e+03 1.035807579960068457e-15
6.908321208729674254e+03 1.081981912822445251e-15
6.911362618914341510e+03 1.032388486910945211e-15
6.914404029099007857e+03 1.053083481194945703e-15
6.917445439283674204e+03 1.089025559770875625e-15
6.920486849468341461e+03 1.042515187188331022e-15
6.923528259653008718e+03 1.043116762550555402e-15
6.926569669837675974e+03 1.021945768756124660e-15
6.929611080022343231e+03 1.019726486619034996e-15
6.932652490207010487e+03 1.022030864958648903e-15
6.935693900391676834e+03 1.055846233951949454e-15
6.938735310576343181e+03 9.555722094649257663e-16
6.941776720761010438e+03 9.560773424541147540e-16
6.944818130945677694e+03 1.017784854130988911e-15
6.947859541130344951e+03 1.036616325644220045e-15
6.950900951315012207e+03 1.040445454143959508e-15
6.953942361499679464e+03 1.018053508959975649e-15
6.956983771684345811e+03 1.084873295554078558e-15
6.960025181869013068e+03 1.039284068976139655e-15
6.963066592053679415e+03 1.001255783341719313e-15
6.966108002238346671e+03 1.021610746334451221e-15
6.969149412423013928e+03 9.619732674222369846e-16
6.972190822607681184e+03 9.901533128065510733e-16
6.975232232792348441e+03 1.027965463480218885e-15
6.978273642977014788e+03 9.813354588345234054e-16
6.981315053161682044e+03 9.696086473402628049e-16
6.984356463346348391e+03 9.423004956528607503e-16
6.987397873531015648e+03 9.547745262041262642e-16
6.990439283715682905e+03 9.840273914226483365e-16
6.993480693900350161e+03 9.819977996121129355e-16
6.996522104085017418e+03 9.889191353220963076e-16
6.999563514269683765e+03 1.036931763568275978e-15
7.002604924454351021e+03 1.025948624184919219e-15
7.005646334639017368e+03 9.725650682618608050e-16
7.008687744823684625e+03 9.806733364741351137e-16
7.011729155008351881e+03 9.788266944311780150e-16
7.014770565193019138e+03 9.587049686579415801e-16
7.017811975377686394e+03 9.885866587847388378e-16
7.020853385562352742e+03 1.009507541351712529e-15
7.023894795747019998e+03 9.576593311395929872e-16
7.026936205931686345e+03 9.789211116972112983e-16
7.029977616116353602e+03 9.830839957160264256e-16
7.033019026301020858e+03 9.727076050673038576e-16
7.036060436485688115e+03 9.709209391270785066e-16
7.039101846670355371e+03 9.698370393148184310e-16
7.042143256855021718e+03 9.825035547596216984e-16
7.045184667039688975e+03 1.009889967612695617e-15
7.048226077224355322e+03 9.784353141582327921e-16
7.051267487409022579e+03 9.781678907427208868e-16
7.054308897593689835e+03 9.741500021277851153e-16
7.057350307778357092e+03 9.852717471172488451e-16
7.060391717963024348e+03 9.741162811924135674e-16
7.063433128147690695e+03 9.806681848035410444e-16
7.066474538332357952e+03 9.749179182944393881e-16
7.069515948517024299e+03 9.276251139871755083e-16
7.072557358701691555e+03 9.135074119548493884e-16
7.075598768886358812e+03 9.454551049011717797e-16
7.078640179071026068e+03 9.876725018677422596e-16
7.081681589255693325e+03 9.557549172380919689e-16
7.084722999440359672e+03 9.609217077266601805e-16
7.087764409625026929e+03 9.207611503713700634e-16
7.090805819809693276e+03 9.472830570744033528e-16
7.093847229994360532e+03 9.806659292307298256e-16
7.096888640179027789e+03 9.665529662180384682e-16
7.099930050363695045e+03 9.730903805220625580e-16
7.102971460548362302e+03 9.732457916655947589e-16
7.106012870733028649e+03 9.555880572589286114e-16
7.109054280917695905e+03 1.004641590221052040e-15
7.112095691102362252e+03 1.023546138546820731e-15
7.115137101287029509e+03 9.733320813606166412e-16
7.118178511471696766e+03 9.488294107734881611e-16
7.121219921656364022e+03 9.444459083029857956e-16
7.124261331841031279e+03 9.641151468246714253e-16
7.127302742025697626e+03 9.803046117194559883e-16
7.130344152210364882e+03 9.956422779172479852e-16
7.133385562395031229e+03 9.791488598634802774e-16
7.136426972579698486e+03 9.864581501114224588e-16
7.139468382764365742e+03 9.958608012884828322e-16
7.142509792949032999e+03 9.291225793338264186e-16
7.145551203133700255e+03 9.645954529862153712e-16
7.148592613318367512e+03 1.008632215303529003e-15
7.151634023503033859e+03 9.924934506949131439e-16
7.154675433687700206e+03 9.348727053310360615e-16
7.157716843872367463e+03 9.735965860574291006e-16
7.160758254057034719e+03 9.771419000548942579e-16
7.163799664241701976e+03 9.710140226669293185e-16
7.166841074426369232e+03 9.430910355557782621e-16
7.169882484611036489e+03 9.245106451278676386e-16
7.172923894795702836e+03 9.905457285442081526e-16
7.175965304980369183e+03 1.008891733711084698e-15
7.179006715165036439e+03 9.665912511796073439e-16
7.182048125349703696e+03 9.034908138452364810e-16
7.185089535534370953e+03 9.075404050097221952e-16
7.188130945719038209e+03 9.566950619467673573e-16
7.191172355903705466e+03 9.122709207141586994e-16
7.194213766088371813e+03 9.314395263733599892e-16
7.197255176273039069e+03 9.275315760329023420e-16
7.200296586457705416e+03 8.962072885901327203e-16
7.203337996642372673e+03 9.153199948425108744e-16
7.206379406827039929e+03 8.979725807707981642e-16
7.209420817011707186e+03 9.200956246881310404e-16
7.212462227196374442e+03 9.006036009771539407e-16
7.215503637381040789e+03 9.255827374263847276e-16
7.218545047565708046e+03 9.210193661252278832e-16
7.221586457750374393e+03 8.876787306554730969e-16
7.224627867935041650e+03 9.258735934002407082e-16
7.227669278119708906e+03 9.164776022245681226e-16
7.230710688304376163e+03 9.027196954904175284e-16
7.233752098489043419e+03 8.871019143874013952e-16
7.236793508673709766e+03 8.850189282152953146e-16
7.239834918858377023e+03 8.935347252906314283e-16
7.242876329043043370e+03 9.126018212678230756e-16
7.245917739227710626e+03 9.125678566722657523e-16
7.248959149412377883e+03 8.738712670163648672e-16
7.252000559597045140e+03 9.147284575396939595e-16
7.255041969781712396e+03 8.739434276772318331e-16
7.258083379966378743e+03 8.581479012591532857e-16
7.261124790151046000e+03 9.351832080980016861e-16
7.264166200335712347e+03 9.135653055605537418e-16
7.267207610520379603e+03 8.497339741075860917e-16
7.270249020705046860e+03 8.616026669299431279e-16
7.273290430889714116e+03 8.879608333145983645e-16
7.276331841074381373e+03 8.681221802070346666e-16
7.279373251259047720e+03 8.892255976818942255e-16
7.282414661443714976e+03 8.726703462630071087e-16
7.285456071628381324e+03 8.559735275230043074e-16
7.288497481813048580e+03 8.927318024486227554e-16
7.291538891997715837e+03 9.169975534757027664e-16
7.294580302182383093e+03 8.749583226567532968e-16
7.297621712367050350e+03 8.289663151723917569e-16
7.300663122551716697e+03 8.719040008490932925e-16
7.303704532736383953e+03 9.169424959712197217e-16
7.306745942921050300e+03 8.432262462671789084e-16
7.309787353105717557e+03 8.649010442168482998e-16
7.312828763290384813e+03 8.469609970593492785e-16
7.315870173475052070e+03 8.315643312541962039e-16
7.318911583659719327e+03 8.487413023649947632e-16
7.321952993844385674e+03 8.627757663566425190e-16
7.324994404029052930e+03 8.898046568837031401e-16
7.328035814213719277e+03 8.954989654941160893e-16
7.331077224398386534e+03 8.365112957703140184e-16
7.334118634583053790e+03 8.462787646043458695e-16
7.337160044767721047e+03 8.404508197866452021e-16
7.340201454952388303e+03 8.288527537195957680e-16
7.343242865137054650e+03 8.438087850140704395e-16
7.346284275321721907e+03 8.371193848188360174e-16
7.349325685506388254e+03 8.543829567953700642e-16
7.352367095691055511e+03 8.281597240036300041e-16
7.355408505875722767e+03 7.894308156689403826e-16
7.358449916060390024e+03 8.259934955940730031e-16
7.361491326245057280e+03 8.288119979742422587e-16
7.364532736429723627e+03 7.966676795273940330e-16
7.367574146614390884e+03 8.295253685016592282e-16
7.370615556799057231e+03 8.611417155491691809e-16
7.373656966983724487e+03 8.305167195825078229e-16
7.376698377168391744e+03 7.872398280417782118e-16
7.379739787353059000e+03 7.855436814906320288e-16
7.382781197537726257e+03 8.065082606793958859e-16
7.385822607722393514e+03 8.286358073300266616e-16
7.388864017907059861e+03 8.140196788497418184e-16
7.391905428091726208e+03 8.361141311645618653e-16
7.394946838276393464e+03 8.292062821256407298e-16
7.397988248461060721e+03 8.306229817828661060e-16
7.401029658645727977e+03 8.311350749424653483e-16
7.404071068830395234e+03 8.058822169623411877e-16
7.407112479015062490e+03 8.355391690818363282e-16
7.410153889199728837e+03 8.101685783742434313e-16
7.413195299384395184e+03 7.982547929291531802e-16
7.416236709569062441e+03 7.974536167505443837e-16
7.419278119753729698e+03 7.754770659563797259e-16
7.422319529938396954e+03 8.280518685730344131e-16
7.425360940123064211e+03 8.337547205422015807e-16
7.428402350307731467e+03 8.106022893884710619e-16
7.431443760492397814e+03 8.405386103224217509e-16
7.434485170677064161e+03 8.041495987618537540e-16
7.437526580861731418e+03 8.067782263137725910e-16
7.440567991046398674e+03 8.180132544606528996e-16
7.443609401231065931e+03 7.758229992625594199e-16
7.446650811415733187e+03 8.188032232215585710e-16
7.449692221600400444e+03 8.016873244346012077e-16
7.452733631785066791e+03 7.806134611407807735e-16
7.455775041969734048e+03 8.183903060475332440e-16
7.458816452154400395e+03 7.831043596307825758e-16
7.461857862339067651e+03 7.514284320730732614e-16
7.464899272523734908e+03 7.984239193424066827e-16
7.467940682708402164e+03 8.072947868545627588e-16
7.470982092893069421e+03 7.730120961633611122e-16
7.474023503077735768e+03 7.886510840159227512e-16
7.477064913262403024e+03 8.133462556331898323e-16
7.480106323447069371e+03 7.768894624878863371e-16
7.483147733631736628e+03 7.735326541332657874e-16
7.486189143816403885e+03 8.117203139655968163e-16
7.489230554001071141e+03 7.982355447395517971e-16
7.492271964185738398e+03 8.055300504000131099e-16
7.495313374370404745e+03 7.918282837644965061e-16
7.498354784555072001e+03 7.815915229886048328e-16
7.501396194739738348e+03 8.001350181658378805e-16
7.504437604924405605e+03 7.961127834009831107e-16
7.507479015109072861e+03 7.795854197668810998e-16
7.510520425293740118e+03 7.654057007969621440e-16
7.513561835478407374e+03 7.713014717628528332e-16
7.516603245663073722e+03 7.958392775700480503e-16
7.519644655847740978e+03 7.756174102567634194e-16
7.522686066032407325e+03 7.333887451883184535e-16
7.525727476217074582e+03 7.771270004708474242e-16
7.528768886401741838e+03 8.211665903062514944e-16
7.531810296586409095e+03 7.755442733839611401e-16
7.534851706771076351e+03 7.373109063417098908e-16
7.537893116955742698e+03 7.234111536589281229e-16
7.540934527140409955e+03 7.571759211340460792e-16
7.543975937325076302e+03 7.473958882742288441e-16
7.547017347509743558e+03 8.121611427411188450e-16
7.550058757694410815e+03 8.013491874703638207e-16
7.553100167879078072e+03 7.915504530571574011e-16
7.556141578063745328e+03 7.336172776552713680e-16
7.559182988248411675e+03 7.479621784583493785e-16
7.562224398433078932e+03 7.789907938758085409e-16
7.565265808617745279e+03 7.813837413802248675e-16
7.568307218802412535e+03 8.096601428710276122e-16
7.571348628987079792e+03 7.818926390357297476e-16
7.574390039171747048e+03 7.416600689623608559e-16
7.577431449356414305e+03 7.652631546384676686e-16
7.580472859541080652e+03 7.736649804463124772e-16
7.583514269725747909e+03 7.657713979826556325e-16
7.586555679910414256e+03 7.865781515002136545e-16
7.589597090095081512e+03 7.810750090555217606e-16
7.592638500279748769e+03 8.282816003234309289e-16
7.595679910464416025e+03 8.713224819224369408e-16
7.598721320649083282e+03 8.620910446016126028e-16
7.601762730833749629e+03 7.740767681574914432e-16
7.604804141018416885e+03 8.057613925101972575e-16
7.607845551203083232e+03 8.102689860232590268e-16
7.610886961387750489e+03 7.609683453501186762e-16
7.613928371572417745e+03 7.670355497202708582e-16
7.616969781757085002e+03 7.523559418345078712e-16
7.620011191941752259e+03 7.710304053076034454e-16
7.623052602126418606e+03 8.461926848527605517e-16
7.626094012311085862e+03 7.848203402689944086e-16
7.629135422495752209e+03 7.949272349298781407e-16
7.632176832680419466e+03 7.553741772146145031e-16
7.635218242865086722e+03 7.400310273756142162e-16
7.638259653049753979e+03 8.057408268568154769e-16
7.641301063234421235e+03 7.855736058836603959e-16
7.644342473419088492e+03 7.990066972627591978e-16
7.647383883603754839e+03 7.958575956177742489e-16
7.650425293788421186e+03 8.359478059353641158e-16
7.653466703973088443e+03 8.383675507319960647e-16
7.656508114157755699e+03 8.092879990181218384e-16
7.659549524342422956e+03 8.006019199799390526e-16
7.662590934527090212e+03 8.218176751145396798e-16
7.665632344711757469e+03 8.312490552427920798e-16
7.668673754896423816e+03 8.566238608743056832e-16
7.671715165081090163e+03 8.379526420529886706e-16
7.674756575265757419e+03 8.318273672268695631e-16
7.677797985450424676e+03 8.726243453021335042e-16
7.680839395635091932e+03 8.378018197734262242e-16
7.683880805819759189e+03 8.312357939599642459e-16
7.686922216004426446e+03 8.397347009793145894e-16
7.689963626189092793e+03 8.631418335042238026e-16
7.693005036373760049e+03 8.524788309010885110e-16
7.696046446558426396e+03 8.328099350752138736e-16
7.699087856743093653e+03 8.301589790462412814e-16
7.702129266927760909e+03 8.508623705536610920e-16
7.705170677112428166e+03 7.973178070059129535e-16
7.708212087297095422e+03 8.180653420878013915e-16
7.711253497481761769e+03 8.378457333498624106e-16
7.714294907666429026e+03 8.506117953465890002e-16
7.717336317851095373e+03 8.059747158617811351e-16
7.720377728035762630e+03 8.076047393531896555e-16
7.723419138220429886e+03 8.227221365081507824e-16
7.726460548405097143e+03 8.364901887784525127e-16
7.729501958589764399e+03 8.279431685783524665e-16
7.732543368774430746e+03 8.407517875526665019e-16
7.735584778959098003e+03 8.587988529535754780e-16
7.738626189143764350e+03 8.099904249199772556e-16
7.741667599328431606e+03 7.945530201200345661e-16
7.744709009513098863e+03 8.045054092112293892e-16
7.747750419697766119e+03 8.569815656815234499e-16
7.750791829882433376e+03 8.664382677554543127e-16
7.753833240067099723e+03 8.471761675637887643e-16
7.756874650251766980e+03 7.912790222873539541e-16
7.759916060436433327e+03 8.364886631358094202e-16
7.762957470621100583e+03 8.561468669014473412e-16
7.765998880805767840e+03 7.863725549566789440e-16
7.769040290990435096e+03 8.092896758527074035e-16
7.772081701175102353e+03 8.395030723302223154e-16
7.775123111359768700e+03 7.908830234061281286e-16
7.778164521544435956e+03 7.659970899601165279e-16
7.781205931729102304e+03 8.057474084729619117e-16
7.784247341913769560e+03 8.249536474160207851e-16
7.787288752098436817e+03 8.132738095293292018e-16
7.790330162283104073e+03 8.481517197088335821e-16
7.793371572467771330e+03 8.539070594189905743e-16
7.796412982652437677e+03 8.341146309192319177e-16
7.799454392837104933e+03 8.529089054515130084e-16
7.802495803021771280e+03 8.423888607622853407e-16
7.805537213206438537e+03 8.120215403160351795e-16
7.808578623391105793e+03 8.151935283648775096e-16
7.811620033575773050e+03 8.272067074036338233e-16
7.814661443760440307e+03 8.150555049437153620e-16
7.817702853945106654e+03 7.791821638501797901e-16
7.820744264129773910e+03 7.756389537057146392e-16
7.823785674314440257e+03 7.830254936948439777e-16
7.826827084499107514e+03 8.085282266346360241e-16
7.829868494683774770e+03 8.229873849704769451e-16
7.832909904868442027e+03 7.933678243566796018e-16
7.835951315053109283e+03 8.089701540749652159e-16
7.838992725237775630e+03 8.269941193005749195e-16
7.842034135422442887e+03 8.207435378408991946e-16
7.845075545607109234e+03 8.361808266204884851e-16
7.848116955791776491e+03 8.164785811182264712e-16
7.851158365976443747e+03 8.306992883360888234e-16
7.854199776161111004e+03 8.097744252138156544e-16
7.857241186345778260e+03 8.422809927706949282e-16
7.860282596530444607e+03 8.499992221953024250e-16
7.863324006715111864e+03 8.421677663516261340e-16
7.866365416899778211e+03 8.368999804931526032e-16
7.869406827084445467e+03 8.358829129071108538e-16
7.872448237269112724e+03 8.309794227599889817e-16
7.875489647453779980e+03 8.277075259450298700e-16
7.878531057638447237e+03 8.324718443916353601e-16
7.881572467823114494e+03 7.954384909641062958e-16
7.884613878007780841e+03 7.976531749879949911e-16
7.887655288192447188e+03 7.980436955968010546e-16
7.890696698377114444e+03 7.975232469197698259e-16
7.893738108561781701e+03 7.898193126277462701e-16
7.896779518746448957e+03 7.871227520004805113e-16
7.899820928931116214e+03 8.645529604341689029e-16
7.902862339115782561e+03 7.981088510954813531e-16
7.905903749300449817e+03 7.435873847536783765e-16
7.908945159485117074e+03 8.082368749118452528e-16
7.911986569669783421e+03 8.062579423075770898e-16
7.915027979854450678e+03 8.244647712867697130e-16
7.918069390039117934e+03 8.454118659230490293e-16
7.921110800223785191e+03 7.825612931782049245e-16
7.924152210408451538e+03 7.570548503584703858e-16
7.927193620593118794e+03 7.530132755006773797e-16
7.930235030777786051e+03 7.584545135928427402e-16
7.933276440962452398e+03 7.423978249022312329e-16
7.936317851147119654e+03 7.746994787212454691e-16
7.939359261331786911e+03 7.553785210746844692e-16
7.942400671516454167e+03 7.723786506259730464e-16
7.945442081701120514e+03 7.909702298690341706e-16
7.948483491885787771e+03 7.759469536278670488e-16
7.951524902070455028e+03 7.585284825739558072e-16
7.954566312255121375e+03 7.331517491622136179e-16
7.957607722439788631e+03 7.451956312549221545e-16
7.960649132624455888e+03 7.558198738521809026e-16
7.963690542809123144e+03 6.869834236456919276e-16
7.966731952993789491e+03 6.985405948150897204e-16
7.969773363178456748e+03 6.991865800912150519e-16
7.972814773363124004e+03 7.046461084240386629e-16
7.975856183547791261e+03 7.125851193323944111e-16
7.978897593732457608e+03 7.105749808993714612e-16
7.981939003917124865e+03 6.733960433878679575e-16
7.984980414101792121e+03 6.658827127621156902e-16
7.988021824286458468e+03 7.163124699405281185e-16
7.991063234471125725e+03 7.145480322045625232e-16
7.994104644655792981e+03 7.130432612357400085e-16
7.997146054840460238e+03 7.340673761941512054e-16
8.000187465025126585e+03 6.823357387175741074e-16
8.003228875209793841e+03 7.076280645532299834e-16
8.006270285394461098e+03 6.576199322004297134e-16
8.009311695579127445e+03 6.519488027997917880e-16
8.012353105763794701e+03 7.084054912595679272e-16
8.015394515948461958e+03 6.848434133121996295e-16
8.018435926133129215e+03 6.857279703189839659e-16
8.021477336317795562e+03 7.186486744837773067e-16
8.024518746502462818e+03 7.127852955424398400e-16
8.027560156687130075e+03 7.389211855280245085e-16
8.030601566871796422e+03 6.902038661048762646e-16
8.033642977056463678e+03 6.342529317707525899e-16
8.036684387241130935e+03 6.397881381971933245e-16
8.039725797425798191e+03 7.008462410296914874e-16
8.042767207610464538e+03 7.199541065633824337e-16
8.045808617795131795e+03 6.367022097086616066e-16
8.048850027979799052e+03 6.275375191328460205e-16
8.051891438164465399e+03 6.497924735917605195e-16
8.054932848349132655e+03 6.596100398818150052e-16
8.057974258533799912e+03 6.763464688699630444e-16
8.061015668718467168e+03 7.015259202219140938e-16
8.064057078903133515e+03 7.023937373933012162e-16
8.067098489087800772e+03 6.739984962953365080e-16
8.070139899272468028e+03 6.749917654842740447e-16
8.073181309457134375e+03 6.533888843824049947e-16
8.076222719641801632e+03 6.441628751442224833e-16
8.079264129826468888e+03 6.430449908231497122e-16
8.082305540011136145e+03 6.564147407018152175e-16
8.085346950195802492e+03 6.692904718791784867e-16
8.088388360380469749e+03 6.735537028992861807e-16
8.091429770565137005e+03 6.965766532586670391e-16
8.094471180749803352e+03 7.100380548907480418e-16
8.097512590934470609e+03 6.688586288142183425e-16
8.100554001119137865e+03 6.448664922953794456e-16
8.103595411303805122e+03 6.563226672583720983e-16
8.106636821488471469e+03 6.570388244228241381e-16
8.109678231673138725e+03 6.922019720121187441e-16
8.112719641857805982e+03 6.771553111144898670e-16
8.115761052042473239e+03 6.365297900546677152e-16
8.118802462227139586e+03 6.571020845612941251e-16
8.121843872411806842e+03 6.750141324787773173e-16
8.124885282596474099e+03 6.713476459052657953e-16
8.127926692781140446e+03 6.573669372173355871e-16
8.130968102965807702e+03 6.977979457832211356e-16
8.134009513150474959e+03 6.276264746541307876e-16
8.137050923335142215e+03 6.379555110665436284e-16
8.140092333519808562e+03 6.636624804898760820e-16
8.143133743704475819e+03 6.314097324663002445e-16
8.146175153889143076e+03 6.348103103243496258e-16
8.149216564073809423e+03 6.661124777736299520e-16
8.152257974258476679e+03 6.409058682997438823e-16
8.155299384443143936e+03 6.524214760303529119e-16
8.158340794627811192e+03 6.390237346411852331e-16
8.161382204812477539e+03 6.858546545586013036e-16
8.164423614997144796e+03 6.557864386285380046e-16
8.167465025181812052e+03 5.996475099970528612e-16
8.170506435366478399e+03 6.193563430810018135e-16
8.173547845551145656e+03 6.787033227380299602e-16
8.176589255735812912e+03 5.975253689810755169e-16
8.179630665920480169e+03 6.158595169497786898e-16
8.182672076105146516e+03 6.467854338405237985e-16
8.185713486289813773e+03 6.681933390874998475e-16
8.188754896474481029e+03 6.547006808637441622e-16
8.191796306659147376e+03 6.330899670776313526e-16
8.194837716843814633e+03 6.162398133081359968e-16
8.197879127028481889e+03 6.137391919294116191e-16
8.200920537213149146e+03 6.458615376262946847e-16
8.203961947397816402e+03 6.270589670570314937e-16
8.207003357582481840e+03 6.546002471718287179e-16
8.210044767767150915e+03 6.404172443991174150e-16
8.213086177951816353e+03 6.055620281853962288e-16
8.216127588136483610e+03 6.228672826178813570e-16
8.219168998321150866e+03 6.148138791680242145e-16
8.222210408505818123e+03 5.915091335007613490e-16
8.225251818690485379e+03 6.192653148838796336e-16
8.228293228875150817e+03 6.372835495400887925e-16
8.231334639059819892e+03 6.480599462232456178e-16
8.234376049244485330e+03 6.309404945086143639e-16
8.237417459429152586e+03 6.528632580779199208e-16
8.240458869613819843e+03 6.565483501693264201e-16
8.243500279798487099e+03 6.378511756542697830e-16
8.246541689983154356e+03 6.223433203334687267e-16
8.249583100167819794e+03 6.025530968676389751e-16
8.252624510352488869e+03 5.879718439892053362e-16
8.255665920537154307e+03 6.240970296011519921e-16
8.258707330721821563e+03 6.257998388058809954e-16
8.261748740906488820e+03 6.676239653670682852e-16
8.264790151091156076e+03 6.612100342926737301e-16
8.267831561275823333e+03 6.434853823376617668e-16
8.270872971460488770e+03 6.106984327510241483e-16
8.273914381645157846e+03 6.736805632462669826e-16
8.276955791829823283e+03 6.898121499861947061e-16
8.279997202014490540e+03 5.939652299029802030e-16
8.283038612199157797e+03 6.331133239232392191e-16
8.286080022383825053e+03 6.403684891084765061e-16
8.289121432568492310e+03 6.063038446356236777e-16
8.292162842753157747e+03 6.194548184603091321e-16
8.295204252937826823e+03 6.910246356283500840e-16
8.298245663122492260e+03 6.020506878635420768e-16
8.301287073307159517e+03 6.108134200066473709e-16
8.304328483491826773e+03 6.398013007992588076e-16
8.307369893676494030e+03 6.576541433971855008e-16
8.310411303861161286e+03 6.350256483971254392e-16
8.313452714045826724e+03 6.283729448107227409e-16
8.316494124230495800e+03 6.364517433153562776e-16
8.319535534415161237e+03 6.736726730323286354e-16
8.322576944599828494e+03 6.843106549754776188e-16
8.325618354784495750e+03 6.755226773970519666e-16
8.328659764969163007e+03 6.763895915220993335e-16
8.331701175153830263e+03 6.890240144786663506e-16
8.334742585338495701e+03 6.631338989961639249e-16
8.337783995523164776e+03 6.571604945363364745e-16
8.340825405707830214e+03 6.570530799001534167e-16
8.343866815892497470e+03 6.162065123671584319e-16
8.346908226077164727e+03 6.318549764535171339e-16
8.349949636261831984e+03 6.579644064817222130e-16
8.352991046446499240e+03 6.430979891930897645e-16
8.356032456631164678e+03 6.592467038935588950e-16
8.359073866815833753e+03 6.911478296499969073e-16
8.362115277000499191e+03 6.590783771279292665e-16
8.365156687185166447e+03 5.755067841695629151e-16
8.368198097369833704e+03 6.407748310913955461e-16
8.371239507554500960e+03 6.460276965716200588e-16
8.374280917739168217e+03 6.714731218087789461e-16
8.377322327923833654e+03 5.586884146021170995e-16
8.380363738108502730e+03 6.283435443385694401e-16
8.383405148293168168e+03 7.222651375132602469e-16
8.386446558477835424e+03 7.258455699684352691e-16
8.389487968662502681e+03 7.116750022838196425e-16
8.392529378847169937e+03 6.378982364965710916e-16
8.395570789031837194e+03 6.129790257312892755e-16
8.398612199216502631e+03 6.594785087736447170e-16
8.401653609401171707e+03 6.924231640245164367e-16
8.404695019585837144e+03 6.766788088134607048e-16
8.407736429770504401e+03 6.758556030459600857e-16
8.410777839955171657e+03 6.937783196358884415e-16
8.413819250139838914e+03 6.559299245139254112e-16
8.416860660324506171e+03 6.521352502675211230e-16
8.419902070509171608e+03 6.856548665943658096e-16
8.422943480693840684e+03 6.500916374142909329e-16
8.425984890878506121e+03 6.845779143101362610e-16
8.429026301063173378e+03 6.519691307089209759e-16
8.432067711247840634e+03 6.694475119879381748e-16
8.435109121432507891e+03 7.336423517019367325e-16
8.438150531617175147e+03 7.085829796093755295e-16
8.441191941801840585e+03 6.894811501853414930e-16
8.444233351986509660e+03 6.833043732025300204e-16
8.447274762171175098e+03 6.876762620300648564e-16
8.450316172355842355e+03 7.028539635638696977e-16
8.453357582540509611e+03 6.682594112256961260e-16
8.456398992725176868e+03 6.539931769298458729e-16
8.459440402909844124e+03 6.892697718372450165e-16
8.462481813094509562e+03 6.771070437782813653e-16
8.465523223279178637e+03 6.589352853739455842e-16
8.468564633463844075e+03 6.860073873076324774e-16
8.471606043648511331e+03 6.784311594655199647e-16
8.474647453833178588e+03 7.121942434808185387e-16
8.477688864017845845e+03 7.064805438323522415e-16
8.480730274202513101e+03 6.846343321492915249e-16
8.483771684387178539e+03 7.359852897058136665e-16
8.486813094571847614e+03 7.247258703556717430e-16
8.489854504756513052e+03 6.709369431954700002e-16
8.492895914941182127e+03 7.033287188845732274e-16
8.495937325125847565e+03 7.038229982255541459e-16
8.498978735310514821e+03 6.443594266216682528e-16
8.502020145495182078e+03 6.914702179274652187e-16
8.505061555679847515e+03 6.715610476812335150e-16
8.508102965864516591e+03 6.956864204572469769e-16
8.511144376049182029e+03 6.793410050682893488e-16
8.514185786233851104e+03 6.896979696855656797e-16
8.517227196418516542e+03 6.867268468427288779e-16
8.520268606603183798e+03 6.911768600691380329e-16
8.523310016787851055e+03 7.478560440324021561e-16
8.526351426972516492e+03 7.024515266421663497e-16
8.529392837157185568e+03 6.464827715126723397e-16
8.532434247341851005e+03 6.861310252876809878e-16
8.535475657526520081e+03 7.319837423332948871e-16
8.538517067711185518e+03 7.000948779660891101e-16
8.541558477895852775e+03 6.714531682720598604e-16
8.544599888080520032e+03 7.300037216159089401e-16
8.547641298265185469e+03 7.678433135783492550e-16
8.550682708449854545e+03 7.661784663080657219e-16
8.553724118634519982e+03 6.777955466250878815e-16
8.556765528819189058e+03 6.721541296297479686e-16
8.559806939003854495e+03 6.974064433525456225e-16
8.562848349188521752e+03 6.970561058632330763e-16
8.565889759373189008e+03 7.072778523513008230e-16
8.568931169557854446e+03 6.700160714382584073e-16
8.571972579742523521e+03 7.226456445812769836e-16
8.575013989927188959e+03 6.993983628023425621e-16
8.578055400111858035e+03 6.562789488345053229e-16
8.581096810296523472e+03 7.603014996870000841e-16
8.584138220481190729e+03 7.105984909599276857e-16
8.587179630665857985e+03 6.605944031665645366e-16
8.590221040850523423e+03 7.011594186959513375e-16
8.593262451035192498e+03 7.114185557212819477e-16
8.596303861219857936e+03 7.102226636553396942e-16
8.599345271404527011e+03 6.863001904887146097e-16
8.602386681589192449e+03 6.798558673587534903e-16
8.605428091773859705e+03 7.099340348445611158e-16
8.608469501958526962e+03 7.367830468368870304e-16
8.611510912143194219e+03 6.944111960897443454e-16
8.614552322327861475e+03 7.241727337392250399e-16
8.617593732512526913e+03 7.625489184569225280e-16
8.620635142697195988e+03 6.942233446988205555e-16
8.623676552881861426e+03 6.993567177018248245e-16
8.626717963066528682e+03 7.387823779941086606e-16
8.629759373251195939e+03 6.852912760395384242e-16
8.632800783435863195e+03 6.810755951584502264e-16
8.635842193620530452e+03 7.848955440008692141e-16
8.638883603805195889e+03 7.543469424484698101e-16
8.641925013989864965e+03 6.939245990080797927e-16
8.644966424174530403e+03 6.680937149512192053e-16
8.648007834359197659e+03 6.676895429686358293e-16
8.651049244543864916e+03 7.143056484009373911e-16
8.654090654728532172e+03 7.345739038338257502e-16
8.657132064913199429e+03 6.936091192401926492e-16
8.660173475097864866e+03 7.146262219568545032e-16
8.663214885282533942e+03 7.054009429982687185e-16
8.666256295467199379e+03 6.621095358207467712e-16
8.669297705651866636e+03 6.853018866326230474e-16
8.672339115836533892e+03 7.132494674665875013e-16
8.675380526021201149e+03 6.899622836556185679e-16
8.678421936205868406e+03 6.868016997982422436e-16
8.681463346390533843e+03 6.855098347458718125e-16
8.684504756575202919e+03 7.525498679745553460e-16
8.687546166759868356e+03 6.785033837053782437e-16
8.690587576944535613e+03 6.502773884301145014e-16
8.693628987129202869e+03 6.433056509279549202e-16
8.696670397313870126e+03 6.560239264368481559e-16
8.699711807498537382e+03 6.567225589560083460e-16
8.702753217683202820e+03 5.879490949149031917e-16
8.705794627867871895e+03 5.974686010586632458e-16
8.708836038052537333e+03 6.206704538257887298e-16
8.711877448237204590e+03 6.547847805308611745e-16
8.714918858421871846e+03 6.521165628697713133e-16
8.717960268606539103e+03 6.359566425411329795e-16
8.721001678791206359e+03 6.422358406133646160e-16
8.724043088975871797e+03 6.337654026059269419e-16
8.727084499160540872e+03 6.697366164921301365e-16
8.730125909345206310e+03 6.836940327332469768e-16
8.733167319529873566e+03 6.687938823802458442e-16
8.736208729714540823e+03 6.619228625117251286e-16
8.739250139899208079e+03 6.550530329040143344e-16
8.742291550083875336e+03 6.705915551160451198e-16
8.745332960268540774e+03 6.575461263617889986e-16
8.748374370453209849e+03 6.373497573073976744e-16
8.751415780637875287e+03 6.350687242872955451e-16
8.754457190822542543e+03 6.258991577136941637e-16
8.757498601007209800e+03 6.050123244089464789e-16
8.760540011191877056e+03 5.918682839974305663e-16
8.763581421376544313e+03 5.957786769464647152e-16
8.766622831561209750e+03 6.569064822205840882e-16
8.769664241745878826e+03 6.258700370295714222e-16
8.772705651930544263e+03 6.034557584994281180e-16
8.775747062115211520e+03 5.642712234539144433e-16
8.778788472299878777e+03 6.106358986823180491e-16
8.781829882484546033e+03 6.161638015960051842e-16
8.784871292669213290e+03 6.870577489631388540e-16
8.787912702853878727e+03 5.769811827077619456e-16
8.790954113038547803e+03 6.050083087358566633e-16
8.793995523223213240e+03 6.601194561445749180e-16
8.797036933407880497e+03 6.492416078861890070e-16
8.800078343592547753e+03 6.169469466757370427e-16
8.803119753777215010e+03 5.766972860826907655e-16
8.806161163961882266e+03 6.279440578908282799e-16
8.809202574146547704e+03 6.527813924429833769e-16
8.812243984331216780e+03 5.396968708889476770e-16
8.815285394515882217e+03 5.416520907893227381e-16
8.818326804700549474e+03 6.369794839576059473e-16
8.821368214885216730e+03 5.596689989945136139e-16
8.824409625069883987e+03 5.768784691525016809e-16
8.827451035254551243e+03 5.239499561099827824e-16
8.830492445439216681e+03 5.982160755994105380e-16
8.833533855623885756e+03 5.859880217591262368e-16
8.836575265808551194e+03 6.107360967046139853e-16
8.839616675993218450e+03 5.746209424538025156e-16
8.842658086177885707e+03 5.285416414534362880e-16
8.845699496362552964e+03 5.362801265627684456e-16
8.848740906547220220e+03 6.207650906000119669e-16
8.851782316731885658e+03 6.367322128267524885e-16
8.854823726916554733e+03 5.272025551491947989e-16
8.857865137101220171e+03 5.617080378988629325e-16
8.860906547285887427e+03 6.025877451361934902e-16
8.863947957470554684e+03 5.793919241809393124e-16
8.866989367655221940e+03 5.653097176711721286e-16
8.870030777839889197e+03 5.349666938207065864e-16
8.873072188024554634e+03 5.478432552100390965e-16
8.876113598209223710e+03 5.791662599440093005e-16
8.879155008393889148e+03 5.575258249682751419e-16
8.882196418578556404e+03 5.656271993056554723e-16
8.885237828763223661e+03 5.911365713326837688e-16
8.888279238947890917e+03 5.572420569957703478e-16
8.891320649132558174e+03 5.863262640807639405e-16
8.894362059317223611e+03 5.953256863091357152e-16
8.897403469501892687e+03 5.824764748089209225e-16
8.900444879686558124e+03 5.739665039951579270e-16
8.903486289871225381e+03 5.428765356832344916e-16
8.906527700055892637e+03 5.634382719852122071e-16
8.909569110240559894e+03 5.515230707021348940e-16
8.912610520425227151e+03 5.980855739867908297e-16
8.915651930609892588e+03 5.921191038620002123e-16
8.918693340794561664e+03 5.672682873809650887e-16
8.921734750979227101e+03 6.286567850762074449e-16
8.924776161163894358e+03 6.244830885818241031e-16
8.927817571348561614e+03 5.775946899753673525e-16
8.930858981533228871e+03 5.797370795331672649e-16
8.933900391717896127e+03 5.606871641301172256e-16
8.936941801902561565e+03 5.757456533386492020e-16
8.939983212087230640e+03 5.401807922147550840e-16
8.943024622271896078e+03 4.878407743264303405e-16
8.946066032456563335e+03 5.567861951226154273e-16
8.949107442641230591e+03 5.683314983771441376e-16
8.952148852825897848e+03 5.347954736248482619e-16
8.955190263010565104e+03 5.187212483458874117e-16
8.958231673195230542e+03 5.327263289532837864e-16
8.961273083379899617e+03 5.323207509177375088e-16
8.964314493564565055e+03 5.089873148087696679e-16
8.967355903749232311e+03 5.204128415345036626e-16
8.970397313933899568e+03 5.175237413095055461e-16
8.973438724118566824e+03 4.958462384439368070e-16
8.976480134303234081e+03 5.100227912744208093e-16
8.979521544487899519e+03 5.557884263322014679e-16
8.982562954672568594e+03 5.212183067456925101e-16
8.985604364857234032e+03 5.621742967664493250e-16
8.988645775041903107e+03 6.431139373758703628e-16
8.991687185226568545e+03 4.992302148134231443e-16
8.994728595411235801e+03 5.649439138999113310e-16
8.997770005595903058e+03 4.891689223133320567e-16
9.000811415780568495e+03 5.153623027809573830e-16
9.003852825965237571e+03 5.265624107563270795e-16
9.006894236149903008e+03 5.502254986626296029e-16
9.009935646334572084e+03 5.648603313826370134e-16
9.012977056519237522e+03 5.341451181060785830e-16
9.016018466703904778e+03 5.190224308844346157e-16
9.019059876888572035e+03 4.553584333724305162e-16
9.022101287073237472e+03 5.371077463796004558e-16
9.025142697257906548e+03 5.576002588062328465e-16
9.028184107442571985e+03 4.757592762507017865e-16
9.031225517627241061e+03 4.932448059044665250e-16
9.034266927811906498e+03 5.061185727360968875e-16
9.037308337996573755e+03 5.636770462496161798e-16
9.040349748181241011e+03 4.887679391476859126e-16
9.043391158365906449e+03 4.995403676019119155e-16
9.046432568550575525e+03 5.473474658198364876e-16
9.049473978735240962e+03 5.159852780933122375e-16
9.052515388919910038e+03 5.384738363457911341e-16
9.055556799104575475e+03 5.010846841654412639e-16
9.058598209289242732e+03 4.907138162833058489e-16
9.061639619473909988e+03 4.824131525579645211e-16
9.064681029658575426e+03 4.509167905110376280e-16
9.067722439843244501e+03 4.972866666512029708e-16
9.070763850027909939e+03 5.574838791662457407e-16
9.073805260212579014e+03 5.358550412467306643e-16
9.076846670397244452e+03 4.948031311307152598e-16
9.079888080581911709e+03 5.108241285370792747e-16
9.082929490766578965e+03 5.145433460429421207e-16
9.085970900951244403e+03 5.308760079625928560e-16
9.089012311135913478e+03 4.803724726611381544e-16
9.092053721320578916e+03 5.401652137136510972e-16
9.095095131505247991e+03 4.975115039148702507e-16
9.098136541689913429e+03 4.940775969881672961e-16
9.101177951874580685e+03 4.505995148328305666e-16
9.104219362059247942e+03 4.781558568584933025e-16
9.107260772243915198e+03 4.687136619130051581e-16
9.110302182428582455e+03 4.450071280841830860e-16
9.113343592613247893e+03 4.970705613846659586e-16
9.116385002797916968e+03 5.394273183033506638e-16
9.119426412982582406e+03 5.050381779272221690e-16
9.122467823167249662e+03 4.834893930684954752e-16
9.125509233351916919e+03 5.162431420563097289e-16
9.128550643536584175e+03 6.332373881196877001e-16
9.131592053721251432e+03 5.467532300087150099e-16
9.134633463905916869e+03 4.944149178222828942e-16
9.137674874090585945e+03 5.256180433986096078e-16
9.140716284275251382e+03 4.668341375366860547e-16
9.143757694459918639e+03 4.580967190415656412e-16
9.146799104644585896e+03 6.158625342761313231e-16
9.149840514829253152e+03 6.329819653026631746e-16
9.152881925013920409e+03 5.368038593579185593e-16
9.155923335198585846e+03 4.886584397020505112e-16
9.158964745383254922e+03 4.482239465642728106e-16
9.162006155567920359e+03 4.866560659881552948e-16
9.165047565752587616e+03 5.197626458825684163e-16
9.168088975937254872e+03 5.215537857709336205e-16
9.171130386121922129e+03 5.576523804491640527e-16
9.174171796306589385e+03 4.532780786193764594e-16
9.177213206491254823e+03 4.463922968556091310e-16
9.180254616675923899e+03 4.907524406199783002e-16
9.183296026860589336e+03 5.223961736975445631e-16
9.186337437045256593e+03 4.326809375428765041e-16
9.189378847229923849e+03 4.401568199722907360e-16
9.192420257414591106e+03 5.438326878134107033e-16
9.195461667599258362e+03 5.145023611761564536e-16
9.198503077783923800e+03 4.098456443333513875e-16
9.201544487968592875e+03 4.742922479092458041e-16
9.204585898153258313e+03 4.917018292878919560e-16
9.207627308337925570e+03 5.150245946083321343e-16
9.210668718522592826e+03 4.924873175272311150e-16
9.213710128707260083e+03 4.508814291215379863e-16
9.216751538891927339e+03 4.863047955444421732e-16
9.219792949076592777e+03 5.193969569371419998e-16
9.222834359261261852e+03 4.923882833627132877e-16
9.225875769445927290e+03 5.010437559427961328e-16
9.228917179630594546e+03 5.418733336121878327e-16
9.231958589815261803e+03 4.761830750454741999e-16
9.234999999999929059e+03 4.873935417264110187e-16
