3.200000000000000000e+03 1.184016356864630842e-15
3.205386234020716529e+03 3.322188216224551226e-16
3.210772468041433058e+03 3.260878638215722451e-16
3.216158702062149587e+03 8.682303454922725220e-16
3.221544936082866116e+03 -1.596615131561502571e-16
3.226931170103582645e+03 8.339547429011386364e-16
3.232317404124299173e+03 1.142117830333958846e-15
3.237703638145015702e+03 7.266039578782144217e-16
3.243089872165731776e+03 8.788587185252555796e-16
3.248476106186448305e+03 1.189653372695241199e-15
3.253862340207164834e+03 7.776137383322686132e-16
3.259248574227881363e+03 -1.897973587705035845e-16
3.264634808248597892e+03 1.955686633593261866e-16
3.270021042269314421e+03 -3.435982177439843637e-17
3.275407276290030950e+03 -4.437312538377359120e-16
3.280793510310747479e+03 6.083217883210029107e-16
3.286179744331464008e+03 3.808740074247714459e-16
3.291565978352180537e+03 4.290888023761740869e-16
3.296952212372897066e+03 9.929407703156395952e-16
3.302338446393613594e+03 9.487335013766357639e-17
3.307724680414330123e+03 7.638647366203836912e-16
3.313110914435046652e+03 1.737278561349012558e-16
3.318497148455763181e+03 7.458356474916972649e-17
3.323883382476479710e+03 5.070461380016252415e-16
3.329269616497195784e+03 1.209623293086483886e-15
3.334655850517912313e+03 3.250724078453352851e-16
3.340042084538628842e+03 8.892735398033187396e-16
3.345428318559345371e+03 4.763775860190286295e-16
3.350814552580061900e+03 5.326054068886682275e-16
3.356200786600778429e+03 -5.316560425405829790e-17
3.361587020621494958e+03 -1.747615556183653542e-16
3.366973254642211486e+03 1.412718330705906573e-15
3.372359488662928015e+03 1.538129143892991112e-16
3.377745722683644544e+03 -2.368727356134509697e-16
3.383131956704361073e+03 3.019709367071128798e-16
3.388518190725077602e+03 6.520705127365565773e-16
3.393904424745794131e+03 8.235584146296782259e-16
3.399290658766510660e+03 6.602499467687225288e-16
3.404676892787227189e+03 4.796423676322565812e-16
3.410063126807943263e+03 5.205135428557161221e-16
3.415449360828659792e+03 6.242141986155640734e-16
3.420835594849376321e+03 2.351275681480818538e-16
3.426221828870092850e+03 2.368181640470349299e-16
3.431608062890809379e+03 4.981645271033308256e-16
3.436994296911525907e+03 6.556321014391489089e-16
3.442380530932242436e+03 2.591406844956114399e-16
3.447766764952958965e+03 3.096709831316064946e-16
3.453152998973675494e+03 5.956959148561140806e-16
3.458539232994392023e+03 3.601525267999731486e-16
3.463925467015108552e+03 7.513255540906281025e-16
3.469311701035825081e+03 7.249689046442762152e-16
3.474697935056541610e+03 7.842122740911943339e-16
3.480084169077258139e+03 9.828404157044907880e-16
3.485470403097974668e+03 6.034300367780684393e-16
3.490856637118690742e+03 1.512613242033958330e-16
3.496242871139407725e+03 1.054742476256363450e-16
3.501629105160123800e+03 1.784027019568515237e-16
3.507015339180840328e+03 5.605630024289872670e-16
3.512401573201556857e+03 5.407015070440616828e-16
3.517787807222273386e+03 1.979516942671189893e-16
3.523174041242989915e+03 6.383340542059273082e-16
3.528560275263706444e+03 7.288715463078349099e-16
3.533946509284422973e+03 3.150465520889981348e-16
3.539332743305139502e+03 6.137755015754731703e-16
3.544718977325856031e+03 5.313754712510595342e-16
3.550105211346572560e+03 8.333049915785953168e-16
3.555491445367289089e+03 3.713802507446155570e-16
3.560877679388005618e+03 4.911423728412113284e-16
3.566263913408722146e+03 7.672052421683593900e-16
3.571650147429438221e+03 5.675221083105875301e-16
3.577036381450155204e+03 6.517813751978658014e-16
3.582422615470871278e+03 8.961320182615987211e-16
3.587808849491587807e+03 6.278138661647774174e-16
3.593195083512304336e+03 5.425354631665399014e-16
3.598581317533020865e+03 5.299393996218249122e-16
3.603967551553737394e+03 3.609875890930996827e-16
3.609353785574453923e+03 4.535073797758473685e-16
3.614740019595170452e+03 7.239314092120484089e-16
3.620126253615886981e+03 2.996067636906635019e-16
3.625512487636603510e+03 5.345428421958562415e-16
3.630898721657320039e+03 2.500696442748587957e-16
3.636284955678036567e+03 4.551451048092345045e-16
3.641671189698753096e+03 4.160694952379295865e-16
3.647057423719469625e+03 3.072646261947809126e-16
3.652443657740186154e+03 6.221283051640118967e-16
3.657829891760902683e+03 6.226359967904950774e-16
3.663216125781618757e+03 3.739619780784146133e-16
3.668602359802335286e+03 3.806478947547599246e-16
3.673988593823051815e+03 3.885111001795028588e-16
3.679374827843768344e+03 2.645342980727038925e-16
3.684761061864484873e+03 4.714961309438233376e-16
3.690147295885201402e+03 4.015417061536771759e-16
3.695533529905917931e+03 3.191217164240599237e-16
3.700919763926634459e+03 3.601516605521789597e-16
3.706305997947350988e+03 1.488667828377712613e-16
3.711692231968067517e+03 4.098084451814311363e-16
3.717078465988784046e+03 5.200420976926369563e-16
3.722464700009500575e+03 3.841490186197697827e-16
3.727850934030217104e+03 5.507915197389792827e-16
3.733237168050933178e+03 3.592719030004711776e-16
3.738623402071650162e+03 2.819061899872312264e-16
3.744009636092366236e+03 2.575542047279457332e-16
3.749395870113083220e+03 3.761092212761337825e-16
3.754782104133799294e+03 3.512523587602263071e-16
3.760168338154515823e+03 3.559220885111335507e-16
3.765554572175232352e+03 3.523012805250895748e-16
3.770940806195948880e+03 2.170212864435746474e-16
3.776327040216665409e+03 1.622711264749394631e-16
3.781713274237381938e+03 1.549662346600066387e-16
3.787099508258098467e+03 2.569230493270916242e-16
3.792485742278814996e+03 2.509821606919318830e-16
3.797871976299531525e+03 2.295246540380596401e-16
3.803258210320248054e+03 2.518343468267797907e-16
3.808644444340964583e+03 2.793109267864832268e-16
3.814030678361681112e+03 1.889757825313322843e-16
3.819416912382397641e+03 4.562456213086715968e-16
3.824803146403113715e+03 4.172711505917358202e-16
3.830189380423830698e+03 2.424747355839357065e-16
3.835575614444546773e+03 5.009370698707360154e-16
3.840961848465263301e+03 4.280644276126619980e-16
3.846348082485979830e+03 4.344113682106257165e-16
3.851734316506696359e+03 4.236072492002817031e-16
3.857120550527412888e+03 3.072209957007915458e-16
3.862506784548129417e+03 2.978242871635228124e-16
3.867893018568845946e+03 5.593996471812689777e-16
3.873279252589562475e+03 6.064989036520213994e-16
3.878665486610279004e+03 5.705401610711679626e-16
3.884051720630995533e+03 4.620303358428470692e-16
3.889437954651712062e+03 4.703962708587364220e-16
3.894824188672428591e+03 7.222885174475417548e-16
3.900210422693145119e+03 7.617950084851264269e-16
3.905596656713861194e+03 6.887112582595641628e-16
3.910982890734578177e+03 6.070681997800096202e-16
3.916369124755294251e+03 5.563118121551374551e-16
3.921755358776010780e+03 5.941993132540787433e-16
3.927141592796727309e+03 5.279638515441364530e-16
3.932527826817443838e+03 6.259896331057923301e-16
3.937914060838160367e+03 6.733455956767716496e-16
3.943300294858876896e+03 5.200547873674300175e-16
3.948686528879593425e+03 7.330096054538169125e-16
3.954072762900309954e+03 7.646849800518016594e-16
3.959458996921026483e+03 8.494882238422043788e-16
3.964845230941743011e+03 7.987002122631186808e-16
3.970231464962459540e+03 7.408411017889376645e-16
3.975617698983176069e+03 9.029306429677704012e-16
3.981003933003892598e+03 7.835027447522073610e-16
3.986390167024608672e+03 7.870727492934692395e-16
3.991776401045325656e+03 8.009695258240493907e-16
3.997162635066041730e+03 8.035017905225016398e-16
4.002548869086758714e+03 7.515313734989940796e-16
4.007935103107474788e+03 6.966561799763725919e-16
4.013321337128191317e+03 7.150339379656467305e-16
4.018707571148907846e+03 6.233998982340594793e-16
4.024093805169624375e+03 6.637948635981114359e-16
4.029480039190340904e+03 8.135845745113006332e-16
4.034866273211057432e+03 7.681447279915213139e-16
4.040252507231773961e+03 7.449131582457122181e-16
4.045638741252490490e+03 7.007528913704317160e-16
4.051024975273207019e+03 7.883769542159539660e-16
4.056411209293923548e+03 8.635387522996692207e-16
4.061797443314640077e+03 7.235251778474674186e-16
4.067183677335356151e+03 7.594744120847837405e-16
4.072569911356073135e+03 7.251037112743898153e-16
4.077956145376789209e+03 5.691889624941166507e-16
4.083342379397506193e+03 8.498337182885669238e-16
4.088728613418222267e+03 7.502547420459692791e-16
4.094114847438938796e+03 7.990193436155810942e-16
4.099501081459655325e+03 7.323203944032580466e-16
4.104887315480372308e+03 7.110612703543353443e-16
4.110273549501088382e+03 6.623865817756906216e-16
4.115659783521805366e+03 7.781388840910457331e-16
4.121046017542521440e+03 8.059081804599664003e-16
4.126432251563237514e+03 5.757374406140121840e-16
4.131818485583954498e+03 2.946968259653304860e-16
4.137204719604670572e+03 2.451714687837602687e-16
4.142590953625387556e+03 3.964396325380338497e-16
4.147977187646103630e+03 7.398024522591901144e-16
4.153363421666820614e+03 5.792597583911855459e-16
4.158749655687536688e+03 6.249966707108669249e-16
4.164135889708253671e+03 6.973292896974160929e-16
4.169522123728969746e+03 6.730419131997489466e-16
4.174908357749686729e+03 7.910738481381225545e-16
4.180294591770402803e+03 6.078373806482650964e-16
4.185680825791119787e+03 6.105710999340768452e-16
4.191067059811835861e+03 6.052099825821310012e-16
4.196453293832551935e+03 6.887861011543814876e-16
4.201839527853268919e+03 6.309614441658496412e-16
4.207225761873985903e+03 5.862550323333132883e-16
4.212611995894701977e+03 5.482007453175458774e-16
4.217998229915418051e+03 5.938841375699253633e-16
4.223384463936135035e+03 6.803037455585894949e-16
4.228770697956851109e+03 6.171068989195731945e-16
4.234156931977568092e+03 6.380284417494082365e-16
4.239543165998284167e+03 5.725668479340797149e-16
4.244929400019001150e+03 6.423455862378063611e-16
4.250315634039717224e+03 5.490535734318343174e-16
4.255701868060434208e+03 7.785934795586466816e-16
4.261088102081150282e+03 7.286458722124807803e-16
4.266474336101866356e+03 5.664306687070123995e-16
4.271860570122583340e+03 7.088905509779835696e-16
4.277246804143300324e+03 6.564998102377948752e-16
4.282633038164016398e+03 5.200988043763235399e-16
4.288019272184732472e+03 6.578861753862512722e-16
4.293405506205449456e+03 5.961155192023311959e-16
4.298791740226166439e+03 6.097515379345892089e-16
4.304177974246882513e+03 5.963987112653573698e-16
4.309564208267598588e+03 5.501609387395286392e-16
4.314950442288315571e+03 6.009237482737271276e-16
4.320336676309031645e+03 5.821244827667020019e-16
4.325722910329748629e+03 5.041908234571789380e-16
4.331109144350464703e+03 5.381475116774971672e-16
4.336495378371181687e+03 4.898922700533842333e-16
4.341881612391897761e+03 5.381836825109607570e-16
4.347267846412614745e+03 6.145638682497601912e-16
4.352654080433330819e+03 5.231216758375606441e-16
4.358040314454046893e+03 6.082382090106547558e-16
4.363426548474763877e+03 5.977193170032526139e-16
4.368812782495480860e+03 5.496596499618161795e-16
4.374199016516196934e+03 6.079210758047224619e-16
4.379585250536913009e+03 5.517850707464022804e-16
4.384971484557629992e+03 7.005235716469090927e-16
4.390357718578346976e+03 6.943533560758227852e-16
4.395743952599063050e+03 6.524552717978732853e-16
4.401130186619779124e+03 6.258208260319026689e-16
4.406516420640496108e+03 5.476479625746673675e-16
4.411902654661212182e+03 5.897299204935195023e-16
4.417288888681929166e+03 5.923848640408497476e-16
4.422675122702645240e+03 6.302009146612036648e-16
4.428061356723362223e+03 6.317106245408227529e-16
4.433447590744078298e+03 6.323932269332442806e-16
4.438833824764795281e+03 6.059050953016429707e-16
4.444220058785511355e+03 6.238158980424802157e-16
4.449606292806227430e+03 6.153290378635442384e-16
4.454992526826944413e+03 7.124385483674519237e-16
4.460378760847661397e+03 7.289842012559732524e-16
4.465764994868377471e+03 6.538454966870245899e-16
4.471151228889093545e+03 6.712127433640523795e-16
4.476537462909810529e+03 6.497985468252166579e-16
4.481923696930526603e+03 6.971460145441300287e-16
4.487309930951243587e+03 6.137995802337381169e-16
4.492696164971959661e+03 8.098652401065832462e-16
4.498082398992676644e+03 8.259064447660044230e-16
4.503468633013392719e+03 8.544562878350059179e-16
4.508854867034109702e+03 7.560672390265060826e-16
4.514241101054825776e+03 7.277309870213248370e-16
4.519627335075541851e+03 7.768953068157168262e-16
4.525013569096258834e+03 7.814232015555232652e-16
4.530399803116975818e+03 8.119747056667839891e-16
4.535786037137691892e+03 9.020174460739606388e-16
4.541172271158407966e+03 8.399021303879614102e-16
4.546558505179124950e+03 8.552514642740106936e-16
4.551944739199841933e+03 9.416304077256475527e-16
4.557330973220558008e+03 8.346077701203238441e-16
4.562717207241274082e+03 8.837226032675677897e-16
4.568103441261991065e+03 9.435360695515411167e-16
4.573489675282707140e+03 9.211710061704488544e-16
4.578875909303424123e+03 9.292704923985506351e-16
4.584262143324140197e+03 9.486592222313382911e-16
4.589648377344857181e+03 9.215075513218842661e-16
4.595034611365573255e+03 1.018055789107294026e-15
4.600420845386290239e+03 8.829738309203772601e-16
4.605807079407006313e+03 8.426922301383350283e-16
4.611193313427722387e+03 9.095246982677056063e-16
4.616579547448439371e+03 8.568167965841120497e-16
4.621965781469156354e+03 8.606545333795854954e-16
4.627352015489872429e+03 1.015581946179371382e-15
4.632738249510588503e+03 9.862965087118377794e-16
4.638124483531305486e+03 9.759342621409599044e-16
4.643510717552021561e+03 9.455403504681308806e-16
4.648896951572738544e+03 9.092485493144792798e-16
4.654283185593454618e+03 9.851432698273426772e-16
4.659669419614171602e+03 9.645820466889168962e-16
4.665055653634887676e+03 1.012024435114120775e-15
4.670441887655604660e+03 1.030633846237770727e-15
4.675828121676320734e+03 9.580377194672779902e-16
4.681214355697037718e+03 9.540747912796687284e-16
4.686600589717753792e+03 8.709417057975056342e-16
4.691986823738470775e+03 9.314079982085564903e-16
4.697373057759186850e+03 9.288935981470122130e-16
4.702759291779902924e+03 8.686297734602917371e-16
4.708145525800619907e+03 9.095533931902765032e-16
4.713531759821336891e+03 9.343149980498688654e-16
4.718917993842052965e+03 8.501979143387619695e-16
4.724304227862769039e+03 8.377163211492881046e-16
4.729690461883486023e+03 7.791435275066745829e-16
4.735076695904202097e+03 8.463808608162549899e-16
4.740462929924919081e+03 7.893839957137256418e-16
4.745849163945635155e+03 7.638482944252814900e-16
4.751235397966352139e+03 7.288581192928525791e-16
4.756621631987068213e+03 7.283965074896544845e-16
4.762007866007785196e+03 6.429411728068803391e-16
4.767394100028501271e+03 7.145451716619397396e-16
4.772780334049217345e+03 7.178062827851102084e-16
4.778166568069934328e+03 6.298728981994943918e-16
4.783552802090651312e+03 5.744634498720353626e-16
4.788939036111367386e+03 5.881687058001740450e-16
4.794325270132083460e+03 6.071421817605571308e-16
4.799711504152800444e+03 5.874095840932185787e-16
4.805097738173517428e+03 5.363772793487676609e-16
4.810483972194233502e+03 5.795670642323811512e-16
4.815870206214949576e+03 5.376051454970075740e-16
4.821256440235666560e+03 5.152632422424061714e-16
4.826642674256382634e+03 5.722402250243756686e-16
4.832028908277099617e+03 5.353006415153631687e-16
4.837415142297815692e+03 5.219982483119868773e-16
4.842801376318532675e+03 4.597230729948359218e-16
4.848187610339248749e+03 5.254059008542035761e-16
4.853573844359965733e+03 5.787414160947856554e-16
4.858960078380681807e+03 5.492702096704240812e-16
4.864346312401397881e+03 5.517439749732337939e-16
4.869732546422114865e+03 6.538150977350307897e-16
4.875118780442831849e+03 6.424154551242505468e-16
4.880505014463547923e+03 6.498574111945463774e-16
4.885891248484263997e+03 7.902930604246147462e-16
4.891277482504980981e+03 7.771312237153894621e-16
4.896663716525697055e+03 8.065280324663781288e-16
4.902049950546414038e+03 7.685988230818325654e-16
4.907436184567130113e+03 8.148038980685884928e-16
4.912822418587847096e+03 8.181086264797151580e-16
4.918208652608563170e+03 8.625303643271763617e-16
4.923594886629280154e+03 9.261062446833295989e-16
4.928981120649996228e+03 9.930718628056481440e-16
4.934367354670712302e+03 1.026901860097875789e-15
4.939753588691429286e+03 9.799294042258793934e-16
4.945139822712146270e+03 1.071702417885741740e-15
4.950526056732862344e+03 1.112877899327550938e-15
4.955912290753578418e+03 1.104757548588561466e-15
4.961298524774295402e+03 1.175874815048469030e-15
4.966684758795012385e+03 1.185705038819223727e-15
4.972070992815728459e+03 1.163287584505313468e-15
4.977457226836444534e+03 1.166958876085915689e-15
4.982843460857161517e+03 1.143805564158420065e-15
4.988229694877877591e+03 1.116806105791770036e-15
4.993615928898594575e+03 1.149136376934710592e-15
4.999002162919310649e+03 1.025046013048253487e-15
5.004388396940027633e+03 9.897094891176746145e-16
5.009774630960743707e+03 9.704685569747360133e-16
5.015160864981460691e+03 9.746598288191039949e-16
5.020547099002176765e+03 9.905335190925661044e-16
5.025933333022892839e+03 8.817526440520648961e-16
5.031319567043609823e+03 8.890949314296422815e-16
5.036705801064326806e+03 9.105113809700350652e-16
5.042092035085042880e+03 8.583651478935529128e-16
5.047478269105758955e+03 8.634346390375297058e-16
5.052864503126475938e+03 8.200309105968202800e-16
5.058250737147192922e+03 8.139049031189160847e-16
5.063636971167908996e+03 8.170559895979159600e-16
5.069023205188625070e+03 8.609656757764103682e-16
5.074409439209342054e+03 8.266442944009233242e-16
5.079795673230058128e+03 7.659098376452273057e-16
5.085181907250775112e+03 8.632851153375324437e-16
5.090568141271491186e+03 9.171227438007520567e-16
5.095954375292208169e+03 8.866855912042602892e-16
5.101340609312924244e+03 8.825314741437743136e-16
5.106726843333641227e+03 8.805069754985144723e-16
5.112113077354357301e+03 8.959267038016395721e-16
5.117499311375073376e+03 8.756373821474941946e-16
5.122885545395790359e+03 9.077711576611350415e-16
5.128271779416507343e+03 8.671511978200647135e-16
5.133658013437223417e+03 9.824779772120098703e-16
5.139044247457939491e+03 9.485984839391238294e-16
5.144430481478656475e+03 9.569564810725192297e-16
5.149816715499372549e+03 9.360543853559572077e-16
5.155202949520089533e+03 9.842591732296674399e-16
5.160589183540805607e+03 9.429145902007975758e-16
5.165975417561522590e+03 9.478290500648940987e-16
5.171361651582238665e+03 9.507455633587519377e-16
5.176747885602955648e+03 1.023979512227948315e-15
5.182134119623671722e+03 9.294911024269546766e-16
5.187520353644387797e+03 9.444257402030417755e-16
5.192906587665104780e+03 9.528795389865181487e-16
5.198292821685821764e+03 9.388413367524334415e-16
5.203679055706537838e+03 9.202220459522590635e-16
5.209065289727253912e+03 9.292991408886802982e-16
5.214451523747970896e+03 9.050716390407191394e-16
5.219837757768687879e+03 9.009170982903506533e-16
5.225223991789403954e+03 9.761575684708449177e-16
5.230610225810120028e+03 9.419527817187639720e-16
5.235996459830837011e+03 8.685871673261428430e-16
5.241382693851553086e+03 8.573989233839540303e-16
5.246768927872270069e+03 8.716130223405138463e-16
5.252155161892986143e+03 1.016669580108068903e-15
5.257541395913702218e+03 1.000081297152453361e-15
5.262927629934419201e+03 1.043376288179308718e-15
5.268313863955136185e+03 1.087673035717018186e-15
5.273700097975852259e+03 1.014181505181433640e-15
5.279086331996568333e+03 9.726363985236785885e-16
5.284472566017285317e+03 1.051211093931982102e-15
5.289858800038002300e+03 1.105648048408805516e-15
5.295245034058718375e+03 1.119207345506662070e-15
5.300631268079434449e+03 1.136831762312691342e-15
5.306017502100151432e+03 1.133667919181916846e-15
5.311403736120868416e+03 1.165177476974402483e-15
5.316789970141584490e+03 1.183635732349729117e-15
5.322176204162300564e+03 1.094028067265841928e-15
5.327562438183017548e+03 1.143879167667552591e-15
5.332948672203733622e+03 1.141411338567962555e-15
5.338334906224450606e+03 1.126692046049725570e-15
5.343721140245166680e+03 1.170311142674426091e-15
5.349107374265882754e+03 1.183380042178626257e-15
5.354493608286599738e+03 1.194296509528905025e-15
5.359879842307316721e+03 1.140527788390379435e-15
5.365266076328032796e+03 1.210147363746476585e-15
5.370652310348748870e+03 1.194784110043239547e-15
5.376038544369465853e+03 1.137788763003598864e-15
5.381424778390182837e+03 1.131170642281301213e-15
5.386811012410898911e+03 1.214495413424379272e-15
5.392197246431614985e+03 1.245222915910313157e-15
5.397583480452331969e+03 1.189510364949032889e-15
5.402969714473048953e+03 1.236339674582811057e-15
5.408355948493765027e+03 1.230195604242490355e-15
5.413742182514481101e+03 1.234355027214045724e-15
5.419128416535197175e+03 1.252356132061909654e-15
5.424514650555914159e+03 1.187519058217170004e-15
5.429900884576631142e+03 1.278037389734260404e-15
5.435287118597347217e+03 1.383183236070666805e-15
5.440673352618063291e+03 1.298024427211637349e-15
5.446059586638780274e+03 1.284998923920052548e-15
5.451445820659497258e+03 1.356761686736571254e-15
5.456832054680213332e+03 1.347942865915709783e-15
5.462218288700929406e+03 1.337488662921540457e-15
5.467604522721646390e+03 1.423184655353239819e-15
5.472990756742363374e+03 1.461276426069203538e-15
5.478376990763079448e+03 1.446887753324505525e-15
5.483763224783795522e+03 1.424879892766799870e-15
5.489149458804512506e+03 1.359281774586828132e-15
5.494535692825229489e+03 1.375143211201276904e-15
5.499921926845945563e+03 1.370637378151578007e-15
5.505308160866661638e+03 1.344471538897107425e-15
5.510694394887377712e+03 1.360964874320290071e-15
5.516080628908094695e+03 1.335430451247031325e-15
5.521466862928811679e+03 1.322483829290523396e-15
5.526853096949527753e+03 1.335627060985617713e-15
5.532239330970243827e+03 1.310769038032914170e-15
5.537625564990960811e+03 1.331347422259707545e-15
5.543011799011677795e+03 1.297834758320070373e-15
5.548398033032393869e+03 1.176278812500745151e-15
5.553784267053109943e+03 1.152082462305565437e-15
5.559170501073826927e+03 1.254707505666578675e-15
5.564556735094543910e+03 1.170532154884366912e-15
5.569942969115259984e+03 1.223180068027374890e-15
5.575329203135976059e+03 1.267271702817520133e-15
5.580715437156693042e+03 1.110601874629501022e-15
5.586101671177409116e+03 1.136978997677295474e-15
5.591487905198126100e+03 1.114502881545721806e-15
5.596874139218842174e+03 1.191375225332215080e-15
5.602260373239558248e+03 1.077678856523655651e-15
5.607646607260275232e+03 1.020534749227443639e-15
5.613032841280992216e+03 1.001212654680544730e-15
5.618419075301708290e+03 9.681417201354683969e-16
5.623805309322424364e+03 8.547132548790508050e-16
5.629191543343141348e+03 7.804397068245447230e-16
5.634577777363858331e+03 7.129416013485931297e-16
5.639964011384574405e+03 7.053284192444590544e-16
5.645350245405290480e+03 6.284431523796684753e-16
5.650736479426007463e+03 5.279605552175258336e-16
5.656122713446724447e+03 5.450947534141777519e-16
5.661508947467440521e+03 5.379993134724840494e-16
5.666895181488156595e+03 5.009969327150340322e-16
5.672281415508872669e+03 5.487020626442458250e-16
5.677667649529589653e+03 5.775854525203361580e-16
5.683053883550306637e+03 5.712655687632958768e-16
5.688440117571022711e+03 5.697469365265881408e-16
5.693826351591738785e+03 5.984985138731352057e-16
5.699212585612455769e+03 6.578773746220404034e-16
5.704598819633172752e+03 6.636727334236711159e-16
5.709985053653888826e+03 7.203838308348921063e-16
5.715371287674604901e+03 7.350689338448309670e-16
5.720757521695321884e+03 7.241443080158034895e-16
5.726143755716038868e+03 7.707871988881868939e-16
5.731529989736754942e+03 8.846110470472043915e-16
5.736916223757471016e+03 9.320420085513349343e-16
5.742302457778188000e+03 9.797496965828180992e-16
5.747688691798904983e+03 1.017056021571401980e-15
5.753074925819621058e+03 1.137343613159922378e-15
5.758461159840337132e+03 1.184557794796183454e-15
5.763847393861053206e+03 1.216406093091986361e-15
5.769233627881770190e+03 1.229552111542522488e-15
5.774619861902487173e+03 1.330780539573484802e-15
5.780006095923203247e+03 1.313792330498122245e-15
5.785392329943919322e+03 1.392556089826889607e-15
5.790778563964636305e+03 1.397771577978747598e-15
5.796164797985353289e+03 1.421434163412391539e-15
5.801551032006069363e+03 1.516275375751379661e-15
5.806937266026785437e+03 1.549722610677597783e-15
5.812323500047502421e+03 1.551312396052168200e-15
5.817709734068219404e+03 1.557262971556117714e-15
5.823095968088935479e+03 1.619341694028840727e-15
5.828482202109651553e+03 1.636000761026550830e-15
5.833868436130367627e+03 1.543558498207801162e-15
5.839254670151084611e+03 1.601531282363530987e-15
5.844640904171801594e+03 1.643637302101534833e-15
5.850027138192517668e+03 1.676872724426726964e-15
5.855413372213233743e+03 1.615329329238679691e-15
5.860799606233950726e+03 1.647831281295448409e-15
5.866185840254667710e+03 1.709641733795389274e-15
5.871572074275383784e+03 1.782933059848698652e-15
5.876958308296099858e+03 1.722259507419588839e-15
5.882344542316816842e+03 1.694525826890425591e-15
5.887730776337533825e+03 1.726923311900630841e-15
5.893117010358249900e+03 1.713551469727112442e-15
5.898503244378965974e+03 1.710156572761751139e-15
5.903889478399682957e+03 1.714894406759649840e-15
5.909275712420399941e+03 1.733404989808910292e-15
5.914661946441116015e+03 1.741176736131469133e-15
5.920048180461832089e+03 1.628054446079633543e-15
5.925434414482548164e+03 1.598574510349619245e-15
5.930820648503265147e+03 1.652161870230087719e-15
5.936206882523982131e+03 1.620820048388129553e-15
5.941593116544698205e+03 1.575874709019687332e-15
5.946979350565414279e+03 1.593534590222602391e-15
5.952365584586131263e+03 1.552671020033296890e-15
5.957751818606848246e+03 1.544990506981206802e-15
5.963138052627564321e+03 1.559146121027920875e-15
5.968524286648280395e+03 1.470039588659604030e-15
5.973910520668997378e+03 1.440690463445807999e-15
5.979296754689714362e+03 1.448360121272324871e-15
5.984682988710430436e+03 1.388659648596744276e-15
5.990069222731146510e+03 1.388918837596006056e-15
5.995455456751863494e+03 1.396958300512735365e-15
6.000841690772579568e+03 1.362234234731468471e-15
6.006227924793296552e+03 1.305388293676325528e-15
6.011614158814012626e+03 1.375774849013722298e-15
6.017000392834728700e+03 1.376720508440595265e-15
6.022386626855445684e+03 1.318708785870878287e-15
6.027772860876162667e+03 1.264040785190951259e-15
6.033159094896878742e+03 1.252708880516220126e-15
6.038545328917594816e+03 1.231732595613492517e-15
6.043931562938311799e+03 1.201795318735253605e-15
6.049317796959028783e+03 1.216490336368104814e-15
6.054704030979744857e+03 1.247254821340151638e-15
6.060090265000460931e+03 1.230517777285838199e-15
6.065476499021177915e+03 1.190579221378211249e-15
6.070862733041894899e+03 1.199492249959619671e-15
6.076248967062610973e+03 1.167709738352837371e-15
6.081635201083327047e+03 1.148560924754680925e-15
6.087021435104043121e+03 1.227484751926213650e-15
6.092407669124760105e+03 1.257293742628819094e-15
6.097793903145477088e+03 1.205561467993484899e-15
6.103180137166193163e+03 1.177430510632257413e-15
6.108566371186909237e+03 1.152781183290517072e-15
6.113952605207626220e+03 1.171997564572088277e-15
6.119338839228343204e+03 1.110420040477769268e-15
6.124725073249059278e+03 1.111041055782464044e-15
6.130111307269775352e+03 1.204490662551313285e-15
6.135497541290492336e+03 1.187213931094268504e-15
6.140883775311209320e+03 1.190040848347275219e-15
6.146270009331925394e+03 1.218166922321662012e-15
6.151656243352641468e+03 1.152513799711883712e-15
6.157042477373358452e+03 1.123538801898835461e-15
6.162428711394075435e+03 1.152530937657000323e-15
6.167814945414791509e+03 1.196694783856309117e-15
6.173201179435507584e+03 1.180598364860135349e-15
6.178587413456223658e+03 1.138458503701736541e-15
6.183973647476940641e+03 1.142408901792649686e-15
6.189359881497657625e+03 1.123868042030473752e-15
6.194746115518373699e+03 1.139322875584856562e-15
6.200132349539089773e+03 1.124509802298435035e-15
6.205518583559806757e+03 1.096196584862492243e-15
6.210904817580523741e+03 1.091516037745798959e-15
6.216291051601239815e+03 1.053357536581706418e-15
6.221677285621955889e+03 1.051746584342664104e-15
6.227063519642672873e+03 1.060572506020197460e-15
6.232449753663389856e+03 1.054720862664556139e-15
6.237835987684105930e+03 1.076776925176954791e-15
6.243222221704822005e+03 1.063465381205239585e-15
6.248608455725538988e+03 1.045478931977304290e-15
6.253994689746255062e+03 1.097717375957721016e-15
6.259380923766972046e+03 1.049035726436105070e-15
6.264767157787688120e+03 9.160276134083298001e-16
6.270153391808404194e+03 8.709884924303342677e-16
6.275539625829121178e+03 9.186990297109216217e-16
6.280925859849838162e+03 1.023533319349994078e-15
6.286312093870554236e+03 9.853224867743802500e-16
6.291698327891270310e+03 1.042586232567788134e-15
6.297084561911987294e+03 1.016949330387948985e-15
6.302470795932704277e+03 9.888405933043515723e-16
6.307857029953420351e+03 9.559523335051198817e-16
6.313243263974136426e+03 9.557735736598222486e-16
6.318629497994853409e+03 1.004025875095271343e-15
6.324015732015570393e+03 1.022567286069224895e-15
6.329401966036286467e+03 9.942865888248406674e-16
6.334788200057002541e+03 1.046040368865952955e-15
6.340174434077718615e+03 1.019399935834630388e-15
6.345560668098435599e+03 1.020829363309488218e-15
6.350946902119152583e+03 9.691125840477066512e-16
6.356333136139868657e+03 9.463190172198979175e-16
6.361719370160584731e+03 1.011856517936781115e-15
6.367105604181301715e+03 1.024014933256656988e-15
6.372491838202018698e+03 1.055137453313819171e-15
6.377878072222734772e+03 1.012666490071969936e-15
6.383264306243450847e+03 1.024398691079593107e-15
6.388650540264167830e+03 1.024117877799246251e-15
6.394036774284884814e+03 1.016104329236635763e-15
6.399423008305600888e+03 1.025002858782407756e-15
6.404809242326316962e+03 9.878653938779552681e-16
6.410195476347033946e+03 9.092268610105349200e-16
6.415581710367750929e+03 9.579382811877186974e-16
6.420967944388467004e+03 8.850034535272995899e-16
6.426354178409183078e+03 7.849894936846627475e-16
6.431740412429899152e+03 7.942995532127875878e-16
6.437126646450616136e+03 8.716535968990157037e-16
6.442512880471333119e+03 8.021335067509043303e-16
6.447899114492049193e+03 7.672596301631877458e-16
6.453285348512765268e+03 7.659942358885126501e-16
6.458671582533482251e+03 7.983097018716784061e-16
6.464057816554199235e+03 7.668423993260621406e-16
6.469444050574915309e+03 7.418243417487536585e-16
6.474830284595631383e+03 7.366872944473554461e-16
6.480216518616348367e+03 8.001064220047204373e-16
6.485602752637065350e+03 8.433217973515505147e-16
6.490988986657781425e+03 9.081282595021028909e-16
6.496375220678497499e+03 8.591502123329156404e-16
6.501761454699213573e+03 8.582649893250235476e-16
6.507147688719930557e+03 8.694745729156170585e-16
6.512533922740647540e+03 9.162047432852667681e-16
6.517920156761363614e+03 9.949981174697753270e-16
6.523306390782079689e+03 1.045790175642889637e-15
6.528692624802796672e+03 1.021913208921606522e-15
6.534078858823513656e+03 9.425590720380624260e-16
6.539465092844229730e+03 1.064084708203089900e-15
6.544851326864945804e+03 1.200673862701089656e-15
6.550237560885662788e+03 1.293993754767138973e-15
6.555623794906379771e+03 1.233236645459963012e-15
6.561010028927095846e+03 1.192459923705228661e-15
6.566396262947811920e+03 1.250133505241824938e-15
6.571782496968528903e+03 1.239104357971823785e-15
6.577168730989245887e+03 1.323059575391251071e-15
6.582554965009961961e+03 1.448558900847305061e-15
6.587941199030678035e+03 1.323669457583809144e-15
6.593327433051394109e+03 1.336141511892696199e-15
6.598713667072111093e+03 1.371705657459223929e-15
6.604099901092828077e+03 1.261712356740369266e-15
6.609486135113544151e+03 1.458286269427139819e-15
6.614872369134260225e+03 1.410111540381432657e-15
6.620258603154977209e+03 1.292576678491703272e-15
6.625644837175694192e+03 1.317124666580732834e-15
6.631031071196410267e+03 1.449741961133599440e-15
6.636417305217126341e+03 1.460910107732859402e-15
6.641803539237843324e+03 1.429827802268013565e-15
6.647189773258560308e+03 1.310503338697506519e-15
6.652576007279276382e+03 1.332592722523985442e-15
6.657962241299992456e+03 1.408947527211028220e-15
6.663348475320709440e+03 1.370395122961420948e-15
6.668734709341425514e+03 1.368466283986956665e-15
6.674120943362142498e+03 1.332853830585924716e-15
6.679507177382858572e+03 1.428756356010804982e-15
6.684893411403574646e+03 1.430539552609929395e-15
6.690279645424291630e+03 1.337500503743794868e-15
6.695665879445008613e+03 1.363607421101732366e-15
6.701052113465724688e+03 1.278463505767692643e-15
6.706438347486440762e+03 1.354661645168930527e-15
6.711824581507157745e+03 1.424157926720886685e-15
6.717210815527874729e+03 1.432121372158211850e-15
6.722597049548590803e+03 1.358040017936756855e-15
6.727983283569306877e+03 1.360191399206910667e-15
6.733369517590023861e+03 1.338227747356738388e-15
6.738755751610740845e+03 1.286918688858101608e-15
6.744141985631456919e+03 1.311376860089779072e-15
6.749528219652172993e+03 1.354102924286331068e-15
6.754914453672889067e+03 1.437188683917301650e-15
6.760300687693606051e+03 1.388971766267994750e-15
6.765686921714323034e+03 1.344869576817883391e-15
6.771073155735039109e+03 1.296195854066364972e-15
6.776459389755755183e+03 1.221757109256549168e-15
6.781845623776472166e+03 1.240086723820351404e-15
6.787231857797189150e+03 1.203182373673205304e-15
6.792618091817905224e+03 1.162509658107976769e-15
6.798004325838621298e+03 1.095030959374691251e-15
6.803390559859338282e+03 1.075475890735949662e-15
6.808776793880055266e+03 9.763722856107612678e-16
6.814163027900771340e+03 9.112210947314047380e-16
6.819549261921487414e+03 9.414361408848087502e-16
6.824935495942204398e+03 9.594062800516607486e-16
6.830321729962921381e+03 8.995818743255104894e-16
6.835707963983637455e+03 8.201314032845640989e-16
6.841094198004353530e+03 8.916296129897089995e-16
6.846480432025069604e+03 9.150135366494947489e-16
6.851866666045786587e+03 8.969601440686314298e-16
6.857252900066503571e+03 9.098981871903359895e-16
6.862639134087219645e+03 9.594808237104449490e-16
6.868025368107935719e+03 8.332839070498874947e-16
6.873411602128652703e+03 8.855887842755372433e-16
6.878797836149369687e+03 1.003185366488129579e-15
6.884184070170085761e+03 9.764598380892890798e-16
6.889570304190801835e+03 9.558995730647777570e-16
6.894956538211518819e+03 1.041319714847745487e-15
6.900342772232235802e+03 1.082837993360413574e-15
6.905729006252951876e+03 1.186148193281250258e-15
6.911115240273667951e+03 1.123271208366129819e-15
6.916501474294384934e+03 1.117393869000652164e-15
6.921887708315101008e+03 1.231781606019534461e-15
6.927273942335817992e+03 1.326025140989260034e-15
6.932660176356534066e+03 1.236048460966005656e-15
6.938046410377250140e+03 1.278692601691957747e-15
6.943432644397967124e+03 1.367744009665956734e-15
6.948818878418684108e+03 1.403443822905020403e-15
6.954205112439400182e+03 1.366723902054261775e-15
6.959591346460116256e+03 1.402249705563213861e-15
6.964977580480833240e+03 1.361674232284436188e-15
6.970363814501550223e+03 1.363962873700822072e-15
6.975750048522266297e+03 1.340028986703633467e-15
6.981136282542982372e+03 1.421520526687047457e-15
6.986522516563699355e+03 1.366612388341766156e-15
6.991908750584416339e+03 1.380023372164190860e-15
6.997294984605132413e+03 1.413823173673302788e-15
7.002681218625848487e+03 1.351680124503290460e-15
7.008067452646564561e+03 1.412840711909253394e-15
7.013453686667281545e+03 1.311690722713933249e-15
7.018839920687998529e+03 1.288172104555374921e-15
7.024226154708714603e+03 1.295550920077317392e-15
7.029612388729430677e+03 1.370197286750121598e-15
7.034998622750147661e+03 1.343614880195372116e-15
7.040384856770864644e+03 1.326852163200259066e-15
7.045771090791580718e+03 1.333718547170718189e-15
7.051157324812296793e+03 1.367004906311761923e-15
7.056543558833013776e+03 1.356047898422597086e-15
7.061929792853730760e+03 1.324228989395542834e-15
7.067316026874446834e+03 1.311866535908844468e-15
7.072702260895162908e+03 1.347946992185442791e-15
7.078088494915879892e+03 1.333276192131693404e-15
7.083474728936596875e+03 1.328187093307743399e-15
7.088860962957312950e+03 1.306789710679377990e-15
7.094247196978029024e+03 1.159599707245346038e-15
7.099633430998745098e+03 1.222107500873145673e-15
7.105019665019462082e+03 1.214651323868723452e-15
7.110405899040179065e+03 1.212640511555990493e-15
7.115792133060895139e+03 1.181097928321940783e-15
7.121178367081611214e+03 1.199678008370367754e-15
7.126564601102328197e+03 1.194078307492238573e-15
7.131950835123045181e+03 1.227306620683209983e-15
7.137337069143761255e+03 1.208033630231868866e-15
7.142723303164477329e+03 1.237949442719855763e-15
7.148109537185194313e+03 1.301941419709740751e-15
7.153495771205911296e+03 1.320609220124440361e-15
7.158882005226627371e+03 1.336845928902210675e-15
7.164268239247343445e+03 1.344104525970158164e-15
7.169654473268059519e+03 1.293259760861796696e-15
7.175040707288776503e+03 1.302484994730987489e-15
7.180426941309493486e+03 1.316696740800815572e-15
7.185813175330209560e+03 1.260074723543790103e-15
7.191199409350925634e+03 1.265265067502593231e-15
7.196585643371642618e+03 1.341110868736243898e-15
7.201971877392359602e+03 1.317966454176345047e-15
7.207358111413075676e+03 1.329344365200837306e-15
7.212744345433791750e+03 1.342265461569827725e-15
7.218130579454508734e+03 1.276987467716397495e-15
7.223516813475225717e+03 1.308717727973226129e-15
7.228903047495941792e+03 1.353639230041930701e-15
7.234289281516657866e+03 1.356058235559277644e-15
7.239675515537374849e+03 1.294407540270028580e-15
7.245061749558091833e+03 1.359272037122888718e-15
7.250447983578807907e+03 1.332010847776130080e-15
7.255834217599523981e+03 1.308712373360145026e-15
7.261220451620240055e+03 1.324591547879704994e-15
7.266606685640957039e+03 1.248197974516567715e-15
7.271992919661674023e+03 1.285742868159757448e-15
7.277379153682390097e+03 1.273852038779677745e-15
7.282765387703106171e+03 1.199619922792822575e-15
7.288151621723823155e+03 1.247846432425211849e-15
7.293537855744540138e+03 1.267746556919541916e-15
7.298924089765256213e+03 1.262312397320846294e-15
7.304310323785972287e+03 1.247404664112315988e-15
7.309696557806689270e+03 1.197303753282679455e-15
7.315082791827405345e+03 1.220958734812371066e-15
7.320469025848122328e+03 1.168549367636531255e-15
7.325855259868838402e+03 1.121387168207939339e-15
7.331241493889555386e+03 1.157578695342740742e-15
7.336627727910271460e+03 1.149017024080034974e-15
7.342013961930988444e+03 1.180832961101170898e-15
7.347400195951704518e+03 1.159710594645907906e-15
7.352786429972421502e+03 1.168217023090594938e-15
7.358172663993137576e+03 1.298052274780416075e-15
7.363558898013854559e+03 1.203603651732115110e-15
7.368945132034570634e+03 1.207193579909789560e-15
7.374331366055287617e+03 1.130435189305677726e-15
7.379717600076003691e+03 1.107090671874639872e-15
7.385103834096719766e+03 1.175944533768407780e-15
7.390490068117436749e+03 1.034801203847548126e-15
7.395876302138152823e+03 1.123177877902963589e-15
7.401262536158869807e+03 1.121937204549215646e-15
7.406648770179585881e+03 1.076262655416134358e-15
7.412035004200302865e+03 1.058233654765293146e-15
7.417421238221018939e+03 1.091390615013023362e-15
7.422807472241735923e+03 1.116252243248235688e-15
7.428193706262451997e+03 1.197792122621190035e-15
7.433579940283168980e+03 1.089322624025926623e-15
7.438966174303885055e+03 1.063226254211053115e-15
7.444352408324602038e+03 1.151301438195209241e-15
7.449738642345318112e+03 1.134128552997464577e-15
7.455124876366035096e+03 1.094174098378003805e-15
7.460511110386751170e+03 1.107631301595830287e-15
7.465897344407467244e+03 1.079452408686068521e-15
7.471283578428184228e+03 1.075597009926076348e-15
7.476669812448900302e+03 1.036665150906192750e-15
7.482056046469617286e+03 1.015897744266788314e-15
7.487442280490333360e+03 1.058803924388628905e-15
7.492828514511050344e+03 1.018394422259634635e-15
7.498214748531766418e+03 1.031433938839055848e-15
7.503600982552483401e+03 1.042955127122418019e-15
7.508987216573199476e+03 9.810358303046283255e-16
7.514373450593916459e+03 9.730375432877633820e-16
7.519759684614632533e+03 9.676909316216869837e-16
7.525145918635349517e+03 9.958590975057128709e-16
7.530532152656065591e+03 8.803962804717815649e-16
7.535918386676782575e+03 8.680727846396571286e-16
7.541304620697498649e+03 9.661443603883402105e-16
7.546690854718214723e+03 9.120396979276034150e-16
7.552077088738931707e+03 8.352752035957050312e-16
7.557463322759647781e+03 8.746580520288681607e-16
7.562849556780364765e+03 8.547060750434282278e-16
7.568235790801080839e+03 8.617503892803757198e-16
7.573622024821797822e+03 8.532355752194850106e-16
7.579008258842513897e+03 8.710858589775952228e-16
7.584394492863230880e+03 8.691379420990500400e-16
7.589780726883946954e+03 8.899853178358888353e-16
7.595166960904663938e+03 9.009767203396128021e-16
7.600553194925380012e+03 8.172884461573224492e-16
7.605939428946096996e+03 6.292864594842593677e-16
7.611325662966813070e+03 7.729444572090425383e-16
7.616711896987530054e+03 9.921211735325041682e-16
7.622098131008246128e+03 9.676226930363177771e-16
7.627484365028963111e+03 9.425977894861048231e-16
7.632870599049679186e+03 8.806934059166876275e-16
7.638256833070395260e+03 9.902053306709260265e-16
7.643643067091112243e+03 1.009695437568956355e-15
7.649029301111828318e+03 9.558198479117110883e-16
7.654415535132545301e+03 9.466602667435814284e-16
7.659801769153261375e+03 9.958767849916543544e-16
7.665188003173978359e+03 1.047867347056826118e-15
7.670574237194694433e+03 9.732957882874711571e-16
7.675960471215411417e+03 1.006765447400412049e-15
7.681346705236127491e+03 9.938298554740407624e-16
7.686732939256844475e+03 1.011864702421476371e-15
7.692119173277560549e+03 1.040322257935773370e-15
7.697505407298277532e+03 1.078636874941972458e-15
7.702891641318993607e+03 1.094360580340833460e-15
7.708277875339710590e+03 1.104858660426856004e-15
7.713664109360426664e+03 9.879711461856541437e-16
7.719050343381142739e+03 1.007358139465767621e-15
7.724436577401859722e+03 1.059330474575318814e-15
7.729822811422575796e+03 1.030948029985950267e-15
7.735209045443292780e+03 9.684657050353612042e-16
7.740595279464008854e+03 1.028163186215540332e-15
7.745981513484725838e+03 1.077843023189861845e-15
7.751367747505441912e+03 1.062606231244920340e-15
7.756753981526158896e+03 1.073315933905082754e-15
7.762140215546874970e+03 1.068789963861042788e-15
7.767526449567591953e+03 1.104177794602735101e-15
7.772912683588308028e+03 1.095252590773732452e-15
7.778298917609025011e+03 1.022994646216307786e-15
7.783685151629741085e+03 1.085505511986878109e-15
7.789071385650458069e+03 1.007848122744112357e-15
7.794457619671174143e+03 1.029070908273934484e-15
7.799843853691890217e+03 9.486325988294752905e-16
7.805230087712607201e+03 9.402479270702163738e-16
7.810616321733323275e+03 1.082426461601949667e-15
7.816002555754040259e+03 1.033538860816434390e-15
7.821388789774756333e+03 1.103502601750843459e-15
7.826775023795473317e+03 1.062549668356205507e-15
7.832161257816189391e+03 1.058808502174866063e-15
7.837547491836906374e+03 9.760199995183805298e-16
7.842933725857622449e+03 9.375191085974213438e-16
7.848319959878339432e+03 1.056916080245978210e-15
7.853706193899055506e+03 1.087905755986253563e-15
7.859092427919772490e+03 1.058419880939067290e-15
7.864478661940488564e+03 1.130438948220033458e-15
7.869864895961205548e+03 9.629323313681195199e-16
7.875251129981921622e+03 1.101770020504329772e-15
7.880637364002637696e+03 1.140583466524622059e-15
7.886023598023354680e+03 9.838959478580219713e-16
7.891409832044070754e+03 1.044382685511204874e-15
7.896796066064787738e+03 1.055926548428680202e-15
7.902182300085503812e+03 1.050683327070416464e-15
7.907568534106220795e+03 1.005354703357209785e-15
7.912954768126936870e+03 1.044193990983945995e-15
7.918341002147653853e+03 9.913683451489001354e-16
7.923727236168369927e+03 1.052569171581570283e-15
7.929113470189086911e+03 1.028322675563858078e-15
7.934499704209802985e+03 1.082909108879781268e-15
7.939885938230519969e+03 9.221614114497724396e-16
7.945272172251236043e+03 1.018500727538138221e-15
7.950658406271953027e+03 1.031185097221919425e-15
7.956044640292669101e+03 9.210184697356968915e-16
7.961430874313386084e+03 9.588120975400998815e-16
7.966817108334102159e+03 9.765758009131616704e-16
7.972203342354818233e+03 8.894109273263034991e-16
7.977589576375535216e+03 9.443672650851757766e-16
7.982975810396251291e+03 9.758285093770884054e-16
7.988362044416968274e+03 9.538571941877414750e-16
7.993748278437684348e+03 9.082719515289028665e-16
7.999134512458401332e+03 9.502287658159171443e-16
8.004520746479117406e+03 8.684765049312465336e-16
8.009906980499834390e+03 9.032993657594940012e-16
8.015293214520550464e+03 9.936766693963666080e-16
8.020679448541267448e+03 8.509393714370952189e-16
8.026065682561983522e+03 8.270024569903852838e-16
8.031451916582700505e+03 8.808373714503322240e-16
8.036838150603416580e+03 8.028845646752416528e-16
8.042224384624133563e+03 9.050078911722416576e-16
8.047610618644849637e+03 1.029284987307189500e-15
8.052996852665565712e+03 9.595464328948223524e-16
8.058383086686282695e+03 8.444501161066515729e-16
8.063769320706998769e+03 8.292516865086451140e-16
8.069155554727715753e+03 9.191788379863200190e-16
8.074541788748431827e+03 8.542169837642232166e-16
8.079928022769148811e+03 8.352619729068355151e-16
8.085314256789864885e+03 8.724218463137651528e-16
8.090700490810581869e+03 9.104326645033022095e-16
8.096086724831297943e+03 8.419884852637456622e-16
8.101472958852014926e+03 9.107068593424711577e-16
8.106859192872731001e+03 8.789260431857714659e-16
8.112245426893447984e+03 8.812167128089234029e-16
8.117631660914164058e+03 8.542248731847587919e-16
8.123017894934881042e+03 8.256227857951202056e-16
8.128404128955597116e+03 8.875373756559289689e-16
8.133790362976313190e+03 9.092320306656012057e-16
8.139176596997030174e+03 8.428478551527380364e-16
8.144562831017746248e+03 8.087548502075639885e-16
8.149949065038463232e+03 8.505598588711775015e-16
8.155335299059179306e+03 7.917375856928362829e-16
8.160721533079896290e+03 8.335367106152346241e-16
8.166107767100612364e+03 8.061559004884123995e-16
8.171494001121329347e+03 8.470468611002673977e-16
8.176880235142045422e+03 7.972322341377516915e-16
8.182266469162762405e+03 6.560303426695309122e-16
8.187652703183478479e+03 7.711726006923425815e-16
8.193038937204195463e+03 7.710233616857741002e-16
8.198425171224911537e+03 6.852424425005767776e-16
8.203811405245629430e+03 5.683143512989839872e-16
8.209197639266345504e+03 5.094897078385943602e-16
8.214583873287061579e+03 5.126822177675811018e-16
8.219970107307777653e+03 5.712874617440190377e-16
8.225356341328493727e+03 5.589838594131983792e-16
8.230742575349209801e+03 5.507055377932143169e-16
8.236128809369925875e+03 4.890863651324178852e-16
8.241515043390643768e+03 6.111956437402174811e-16
8.246901277411359843e+03 5.207779662787835871e-16
8.252287511432077736e+03 4.311242739195202546e-16
8.257673745452793810e+03 4.396194965791553922e-16
8.263059979473509884e+03 5.013458937884298534e-16
8.268446213494225958e+03 5.119058777871834541e-16
8.273832447514942032e+03 4.316834507994325443e-16
8.279218681535658106e+03 3.811726825818574825e-16
8.284604915556376000e+03 3.861529401659836181e-16
8.289991149577092074e+03 3.803254798861492124e-16
8.295377383597809967e+03 4.033680665505778348e-16
8.300763617618526041e+03 4.784947099401674158e-16
8.306149851639242115e+03 4.079775896144499667e-16
8.311536085659958189e+03 3.961767809355381999e-16
8.316922319680674264e+03 4.650325755078815832e-16
8.322308553701390338e+03 4.830167473580454676e-16
8.327694787722106412e+03 5.438113011810084121e-16
8.333081021742824305e+03 5.291075413839700604e-16
8.338467255763540379e+03 5.953728424631875396e-16
8.343853489784258272e+03 5.760813698490355258e-16
8.349239723804974346e+03 3.999302196912061989e-16
8.354625957825690421e+03 4.239592731608794875e-16
8.360012191846406495e+03 4.951782280678660740e-16
8.365398425867122569e+03 4.900997542953018374e-16
8.370784659887838643e+03 5.477844578985323172e-16
8.376170893908556536e+03 4.807502563373127278e-16
8.381557127929272610e+03 3.934759026775827308e-16
8.386943361949988685e+03 4.941812715419820171e-16
8.392329595970706578e+03 5.925960674287454715e-16
8.397715829991422652e+03 5.180075570444928360e-16
8.403102064012138726e+03 5.067116412753459079e-16
8.408488298032854800e+03 5.089636432455780065e-16
8.413874532053570874e+03 5.981640354137242196e-16
8.419260766074286948e+03 6.903007054748598179e-16
8.424647000095004842e+03 7.063470774666579689e-16
8.430033234115720916e+03 4.941917016712203061e-16
8.435419468136438809e+03 5.249362762991404002e-16
8.440805702157154883e+03 7.506176439042366914e-16
8.446191936177870957e+03 6.556402827852143254e-16
8.451578170198587031e+03 5.516410274542898875e-16
8.456964404219303105e+03 6.343272525881553015e-16
8.462350638240019180e+03 6.563749351199501001e-16
8.467736872260735254e+03 6.941675111271602083e-16
8.473123106281453147e+03 8.101989177947858116e-16
8.478509340302169221e+03 7.674188606210539819e-16
8.483895574322887114e+03 8.467662513863660817e-16
8.489281808343603188e+03 8.188108486811765522e-16
8.494668042364319263e+03 8.438804905372149950e-16
8.500054276385035337e+03 8.698876961160966214e-16
8.505440510405751411e+03 9.125395882636432988e-16
8.510826744426467485e+03 8.279907813178092288e-16
8.516212978447185378e+03 9.006793543676719673e-16
8.521599212467901452e+03 9.714503876181052645e-16
8.526985446488619345e+03 1.036298078987362574e-15
8.532371680509335420e+03 1.145860155002100557e-15
8.537757914530051494e+03 1.035232114858771884e-15
8.543144148550767568e+03 1.020079887734675492e-15
8.548530382571483642e+03 1.128662818201719749e-15
8.553916616592199716e+03 1.142328770063434071e-15
8.559302850612915790e+03 1.193274925020799760e-15
8.564689084633633684e+03 1.219290869414082812e-15
8.570075318654349758e+03 1.181976256506507208e-15
8.575461552675067651e+03 1.133247147196527720e-15
8.580847786695783725e+03 1.155744288720919765e-15
8.586234020716499799e+03 1.135532452357658418e-15
8.591620254737215873e+03 1.158171302226695003e-15
8.597006488757931947e+03 1.254880179688527697e-15
8.602392722778648022e+03 1.262360483258671571e-15
8.607778956799365915e+03 1.302233384145635086e-15
8.613165190820081989e+03 1.337899210736280813e-15
8.618551424840799882e+03 1.253390376236922433e-15
8.623937658861515956e+03 1.052634735994955593e-15
8.629323892882232030e+03 1.203798718800871856e-15
8.634710126902948105e+03 1.350975543297909464e-15
8.640096360923664179e+03 1.275194988173174265e-15
8.645482594944380253e+03 1.150613846915528688e-15
8.650868828965096327e+03 1.210550526010736143e-15
8.656255062985814220e+03 1.182645616895695075e-15
8.661641297006530294e+03 1.258670360010743826e-15
8.667027531027248187e+03 1.208773698607769012e-15
8.672413765047964262e+03 1.157335135612578769e-15
8.677799999068680336e+03 1.104969131328378109e-15
8.683186233089396410e+03 1.190474550662441374e-15
8.688572467110112484e+03 1.218394587681302547e-15
8.693958701130828558e+03 1.225153834989379466e-15
8.699344935151546451e+03 1.162982232324196242e-15
8.704731169172262526e+03 1.188052048386739486e-15
8.710117403192980419e+03 1.212734180903186102e-15
8.715503637213696493e+03 1.070162895647980495e-15
8.720889871234412567e+03 1.044180271960885643e-15
8.726276105255128641e+03 1.024321642786463939e-15
8.731662339275844715e+03 1.096571357359437944e-15
8.737048573296560789e+03 1.158456326050030826e-15
8.742434807317276864e+03 1.233943240974561029e-15
8.747821041337994757e+03 1.184717025493382398e-15
8.753207275358710831e+03 1.144287832410901610e-15
8.758593509379428724e+03 1.128848208634447575e-15
8.763979743400144798e+03 9.215716709148279890e-16
8.769365977420860872e+03 1.048708882738980520e-15
8.774752211441576947e+03 1.064987963243955144e-15
8.780138445462293021e+03 1.123738680147988171e-15
8.785524679483009095e+03 9.904422032049310108e-16
8.790910913503726988e+03 8.822905741227207839e-16
8.796297147524443062e+03 9.318060648689538028e-16
8.801683381545159136e+03 9.073105803173759388e-16
8.807069615565877029e+03 9.537543734525025746e-16
8.812455849586593104e+03 9.152251348101602013e-16
8.817842083607309178e+03 6.839617087863007784e-16
8.823228317628025252e+03 7.029826177065885291e-16
8.828614551648741326e+03 8.442157259301036107e-16
8.834000785669457400e+03 8.305483237536989318e-16
8.839387019690175293e+03 9.141438085655473643e-16
8.844773253710891368e+03 9.652998879892773169e-16
8.850159487731609261e+03 9.462026542370709125e-16
8.855545721752325335e+03 8.621660198059493801e-16
8.860931955773041409e+03 9.208735052249571696e-16
8.866318189793757483e+03 8.758864831749753853e-16
8.871704423814473557e+03 7.810772156168308243e-16
8.877090657835189631e+03 8.007941565676295021e-16
8.882476891855907525e+03 7.315405927288623958e-16
8.887863125876623599e+03 8.334255741643873754e-16
8.893249359897339673e+03 7.100114670204997795e-16
8.898635593918057566e+03 6.789297257505079870e-16
8.904021827938773640e+03 6.607786286914312304e-16
8.909408061959489714e+03 7.631499092874112969e-16
8.914794295980205789e+03 8.260777477485011604e-16
8.920180530000921863e+03 8.411539551177359607e-16
8.925566764021637937e+03 7.613606579397998058e-16
8.930952998042355830e+03 6.938116329444016642e-16
8.936339232063071904e+03 7.940665419816540286e-16
8.941725466083789797e+03 7.531407397249882103e-16
8.947111700104505871e+03 7.286936140260333309e-16
8.952497934125221946e+03 7.459756154335481376e-16
8.957884168145938020e+03 7.635376524013520631e-16
8.963270402166654094e+03 6.450581810814387714e-16
8.968656636187370168e+03 5.606924225034483114e-16
8.974042870208086242e+03 5.258836902091513861e-16
8.979429104228804135e+03 6.237938433138662416e-16
8.984815338249520210e+03 6.683511876466472571e-16
8.990201572270238103e+03 6.076097472216509944e-16
8.995587806290954177e+03 7.616565219845683131e-16
9.000974040311670251e+03 6.694162859673192059e-16
9.006360274332386325e+03 5.408712631764404563e-16
9.011746508353102399e+03 6.306487590162003522e-16
9.017132742373818473e+03 5.953279721520427460e-16
9.022518976394536367e+03 5.867532610047867523e-16
9.027905210415252441e+03 6.026243492740402248e-16
9.033291444435970334e+03 5.305582347996128717e-16
9.038677678456686408e+03 6.393341432904931778e-16
9.044063912477402482e+03 6.031767983179300908e-16
9.049450146498118556e+03 6.072549958277181668e-16
9.054836380518834630e+03 6.455122427843413652e-16
9.060222614539550705e+03 6.800677257519142499e-16
9.065608848560266779e+03 6.110436092513679501e-16
9.070995082580984672e+03 6.986370749993644570e-16
9.076381316601700746e+03 5.626946737382660146e-16
9.081767550622418639e+03 5.636189884306507255e-16
9.087153784643134713e+03 6.458382155414595162e-16
9.092540018663850788e+03 7.773422871511711390e-16
9.097926252684566862e+03 6.581023495406701142e-16
9.103312486705282936e+03 5.805373495532547045e-16
9.108698720725999010e+03 5.862714435926361486e-16
9.114084954746716903e+03 5.624079177021634373e-16
9.119471188767432977e+03 6.624016808406354920e-16
9.124857422788150870e+03 7.220680085262667020e-16
9.130243656808866945e+03 6.907800657509261062e-16
9.135629890829583019e+03 5.706506613637982076e-16
9.141016124850299093e+03 6.053401392930902705e-16
9.146402358871015167e+03 6.709587205594914070e-16
9.151788592891731241e+03 4.976829137222142493e-16
9.157174826912447315e+03 6.215358425250514587e-16
9.162561060933165209e+03 6.360006748334804927e-16
9.167947294953881283e+03 5.406556576090369325e-16
9.173333528974599176e+03 5.444080548731657213e-16
9.178719762995315250e+03 5.852775978171917555e-16
9.184105997016031324e+03 5.702647824976122640e-16
9.189492231036747398e+03 6.653738183912165992e-16
9.194878465057463472e+03 6.654226134053877860e-16
9.200264699078179547e+03 6.287471516983759475e-16
9.205650933098897440e+03 5.933652087548045483e-16
9.211037167119613514e+03 6.671954509211216257e-16
9.216423401140331407e+03 6.205170984854444545e-16
9.221809635161047481e+03 5.695121740185481334e-16
9.227195869181763555e+03 5.417733131503100310e-16
9.232582103202479630e+03 5.445488406927093664e-16
9.237968337223195704e+03 5.328153853238845850e-16
9.243354571243911778e+03 6.224647614087187077e-16
9.248740805264627852e+03 5.371424540028419891e-16
9.254127039285345745e+03 4.534749452915908450e-16
9.259513273306061819e+03 6.030749138627923762e-16
9.264899507326779712e+03 6.195945829838977705e-16
9.270285741347495787e+03 5.851476233812572117e-16
9.275671975368211861e+03 5.347866878788849264e-16
9.281058209388927935e+03 4.468872782719826811e-16
9.286444443409644009e+03 5.125920688818154379e-16
9.291830677430360083e+03 4.922907322577911302e-16
9.297216911451077976e+03 4.204215746332876036e-16
9.302603145471794051e+03 4.550715169158812768e-16
9.307989379492510125e+03 6.990177278639191685e-16
9.313375613513228018e+03 5.778016667194193111e-16
9.318761847533944092e+03 4.577153100362337885e-16
9.324148081554660166e+03 4.407080480479291502e-16
9.329534315575376240e+03 4.282240093269757283e-16
9.334920549596092314e+03 5.586412941250914343e-16
9.340306783616808389e+03 4.234046240213469438e-16
9.345693017637526282e+03 3.918264758243727041e-16
9.351079251658242356e+03 3.585993523074349781e-16
9.356465485678960249e+03 3.659118277015214997e-16
9.361851719699676323e+03 3.629416796677449312e-16
9.367237953720392397e+03 2.184535505021118216e-16
9.372624187741108472e+03 3.794105444253603249e-16
9.378010421761824546e+03 3.306847281027961470e-16
9.383396655782540620e+03 3.991570238890886565e-16
9.388782889803256694e+03 3.324803286339589758e-16
9.394169123823974587e+03 3.492312689919063908e-16
9.399555357844690661e+03 4.788140732300421943e-16
9.404941591865408554e+03 5.260425068410724797e-16
9.410327825886124629e+03 4.885110649995502799e-16
9.415714059906840703e+03 4.206484888508224562e-16
9.421100293927556777e+03 2.220111085185094872e-16
9.426486527948272851e+03 4.475343346715425817e-16
9.431872761968988925e+03 4.287262929199139079e-16
9.437258995989706818e+03 3.066884978336699049e-16
9.442645230010422893e+03 2.918874639494398230e-16
9.448031464031140786e+03 2.882006817012808525e-16
9.453417698051856860e+03 2.151717825516540483e-16
9.458803932072572934e+03 2.040525021763336006e-16
9.464190166093289008e+03 3.088619552181614029e-16
9.469576400114005082e+03 2.424256144080611879e-16
9.474962634134721156e+03 2.210066152472679420e-16
9.480348868155437231e+03 3.142638480292561492e-16
9.485735102176155124e+03 2.320378381408290014e-16
9.491121336196871198e+03 3.434646524053386284e-16
9.496507570217589091e+03 2.193626950153879022e-16
9.501893804238305165e+03 1.773891637262148447e-16
9.507280038259021239e+03 3.000594487063128232e-16
9.512666272279737314e+03 1.804110322305342295e-16
9.518052506300453388e+03 2.774567849505646639e-16
9.523438740321169462e+03 1.973954947499913033e-16
9.528824974341887355e+03 2.347854720952934426e-16
9.534211208362603429e+03 3.273739170266883551e-16
9.539597442383321322e+03 3.642653714167248115e-16
9.544983676404037396e+03 3.373532445036998530e-16
9.550369910424753471e+03 2.954632536903285680e-16
9.555756144445469545e+03 2.321119410195629660e-16
9.561142378466185619e+03 3.511797657940820915e-16
9.566528612486901693e+03 3.829230279398529307e-16
9.571914846507617767e+03 4.612806872639422959e-16
9.577301080528335660e+03 4.503394293347638944e-16
9.582687314549051735e+03 5.569559652315739829e-16
9.588073548569769628e+03 4.663870051136373051e-16
9.593459782590485702e+03 2.946589946221108001e-16
9.598846016611201776e+03 3.780598690218310135e-16
9.604232250631917850e+03 2.411067667690379624e-16
9.609618484652633924e+03 2.330061083058713342e-16
9.615004718673349998e+03 2.621245120038758448e-16
