#4020.  6.588004E-16
#4029.19999977395  6.425572E-16
#4038.39999954789  5.328408E-16
#4047.59999932183  5.665233E-16
#4056.79999909578  4.640705E-16
#4065.99999886972  4.653511E-16
#4075.19999864366  5.628566E-16
4084.39999841761  4.475771E-16
4093.59999819155  4.118884E-16
4102.7999979655  4.105428E-16
4111.99999773944  3.379206E-16
4121.19999751338  3.208801E-16
4130.39999728733  3.025242E-16
4139.59999706127  3.218299E-16
4148.79999683522  3.392219E-16
4157.99999660916  2.915855E-16
4167.1999963831  3.467941E-16
4176.39999615705  2.966629E-16
4185.59999593099  2.317407E-16
4194.79999570494  2.895403E-16
4203.99999547888  2.856757E-16
4213.19999525282  2.494882E-16
4222.39999502677  2.922263E-16
4231.59999480071  3.280942E-16
4240.79999457465  2.816163E-16
4249.9999943486  3.076408E-16
4259.19999412254  3.452074E-16
4268.39999389649  3.857309E-16
4277.59999367043  3.712136E-16
4286.79999344437  3.269117E-16
4295.99999321832  3.144225E-16
4305.19999299226  3.186510E-16
4314.39999276621  3.295864E-16
4323.59999254015  3.439611E-16
4332.79999231409  3.119772E-16
4341.99999208804  3.261550E-16
4351.19999186198  2.889231E-16
4360.39999163592  3.124949E-16
4369.59999140987  3.300054E-16
4378.79999118381  3.358459E-16
4387.99999095776  3.348500E-16
4397.1999907317  3.607000E-16
4406.39999050565  3.059346E-16
4415.59999027959  2.968971E-16
4424.79999005353  2.678941E-16
4433.99998982748  2.374136E-16
4443.19998960142  2.013394E-16
4452.39998937536  1.938322E-16
4461.59998914931  1.738725E-16
4470.79998892325  2.019779E-16
4479.9999886972  1.852240E-16
4489.19998847114  2.078314E-16
4498.39998824509  1.725180E-16
4507.59998801903  1.854844E-16
4516.79998779297  2.065477E-16
4525.99998756692  1.944793E-16
4535.19998734086  2.092106E-16
4544.3999871148  2.102634E-16
4553.59998688875  2.435212E-16
4562.79998666269  2.518541E-16
4571.99998643664  2.644639E-16
4581.19998621058  2.887703E-16
4590.39998598452  3.086873E-16
4599.59998575847  3.271060E-16
4608.79998553241  3.544162E-16
4617.99998530636  3.797394E-16
4627.1999850803  3.823064E-16
4636.39998485424  4.239186E-16
4645.59998462819  4.172172E-16
4654.79998440213  4.211765E-16
4663.99998417607  4.133169E-16
4673.19998395002  4.517513E-16
4682.39998372396  4.111602E-16
4691.59998349791  4.344045E-16
4700.79998327185  4.345126E-16
4709.9999830458  4.230995E-16
4719.19998281974  4.240924E-16
4728.39998259368  4.204254E-16
4737.59998236763  4.284392E-16
4746.79998214157  4.146087E-16
4755.99998191551  4.275066E-16
4765.19998168946  4.145053E-16
4774.3999814634  3.756119E-16
4783.59998123735  3.679560E-16
4792.79998101129  3.706697E-16
4801.99998078523  3.539308E-16
4811.19998055918  3.271720E-16
4820.39998033312  2.925972E-16
4829.59998010707  2.658858E-16
4838.79997988101  2.250718E-16
4847.99997965495  2.274072E-16
4857.1999794289  1.844084E-16
4866.39997920284  1.755578E-16
4875.59997897679  1.891268E-16
4884.79997875073  1.720850E-16
4893.99997852467  1.801564E-16
4903.19997829862  1.871918E-16
4912.39997807256  1.925332E-16
4921.59997784651  1.564951E-16
4930.79997762045  1.786819E-16
4939.99997739439  1.774296E-16
4949.19997716834  1.609390E-16
4958.39997694228  1.494275E-16
4967.59997671622  1.676398E-16
4976.79997649017  1.704839E-16
4985.99997626411  1.810891E-16
4995.19997603806  1.986906E-16
5004.399975812  2.099998E-16
5013.59997558594  2.434220E-16
5022.79997535989  2.546104E-16
5031.99997513383  2.887847E-16
5041.19997490778  2.966186E-16
5050.39997468172  2.863187E-16
5059.59997445566  2.763885E-16
5068.79997422961  2.557058E-16
5077.99997400355  2.342864E-16
5087.1999737775  2.145633E-16
5096.39997355144  1.977258E-16
5105.59997332538  1.869554E-16
5114.79997309933  1.766270E-16
5123.99997287327  1.815409E-16
5133.19997264721  2.745978E-16
5142.39997242116  1.941441E-16
5151.5999721951  1.962428E-16
5160.79997196905  2.161446E-16
5169.99997174299  2.128642E-16
5179.19997151694  2.290422E-16
5188.39997129088  2.310780E-16
5197.59997106482  2.337868E-16
5206.79997083877  2.392492E-16
5215.99997061271  2.252098E-16
5225.19997038665  2.338879E-16
5234.3999701606  2.354007E-16
5243.59996993454  2.196147E-16
5252.79996970849  2.213514E-16
5261.99996948243  2.398946E-16
5271.19996925637  2.669759E-16
5280.39996903032  2.591296E-16
5289.59996880426  2.613065E-16
5298.79996857821  2.722465E-16
5307.99996835215  2.781182E-16
5317.19996812609  2.992041E-16
5326.39996790004  3.067804E-16
5335.59996767398  3.095016E-16
5344.79996744792  3.400333E-16
5353.99996722187  3.380372E-16
5363.19996699581  3.388534E-16
5372.39996676976  3.474758E-16
5381.5999665437  3.545529E-16
5390.79996631765  3.531091E-16
5399.99996609159  3.559066E-16
5409.19996586553  3.511339E-16
5418.39996563948  3.474912E-16
5427.59996541342  3.558534E-16
5436.79996518736  3.577878E-16
5445.99996496131  3.482759E-16
5455.19996473525  3.417768E-16
5464.3999645092  3.410271E-16
5473.59996428314  3.437230E-16
5482.79996405708  3.192248E-16
5491.99996383103  3.303078E-16
5501.19996360497  3.253192E-16
5510.39996337892  3.056048E-16
5519.59996315286  3.225383E-16
5528.7999629268  3.235190E-16
5537.99996270075  3.120112E-16
5547.19996247469  3.287969E-16
5556.39996224864  3.257694E-16
5565.59996202258  3.318270E-16
5574.79996179652  3.576512E-16
5583.99996157047  2.945780E-16
5593.19996134441  3.187975E-16
5602.39996111836  3.143945E-16
5611.5999608923  3.173657E-16
5620.79996066624  3.367358E-16
5629.99996044019  3.043550E-16
5639.19996021413  2.966688E-16
5648.39995998807  2.820295E-16
5657.59995976202  2.802946E-16
5666.79995953596  2.828143E-16
5675.99995930991  2.715298E-16
5685.19995908385  2.716429E-16
5694.3999588578  2.697935E-16
5703.59995863174  2.613402E-16
5712.79995840568  2.580702E-16
5721.99995817963  2.535064E-16
5731.19995795357  2.293261E-16
5740.39995772751  2.385186E-16
5749.59995750146  2.188686E-16
5758.7999572754  2.168950E-16
5767.99995704935  1.935430E-16
5777.19995682329  1.890584E-16
5786.39995659723  1.760845E-16
5795.59995637118  1.782683E-16
5804.79995614512  1.678914E-16
5813.99995591907  1.796309E-16
5823.19995569301  1.850914E-16
5832.39995546695  1.845455E-16
5841.5999552409  1.903256E-16
5850.79995501484  2.029670E-16
5859.99995478878  2.301540E-16
5869.19995456273  2.266870E-16
5878.39995433667  2.490677E-16
5887.59995411062  2.528168E-16
5896.79995388456  2.760183E-16
5905.9999536585  2.866856E-16
5915.19995343245  2.930524E-16
5924.39995320639  3.100143E-16
5933.59995298034  3.275738E-16
5942.79995275428  3.230026E-16
5951.99995252822  3.157836E-16
5961.19995230217  3.218197E-16
5970.39995207611  3.280000E-16
5979.59995185006  3.130966E-16
5988.799951624  3.279075E-16
5997.99995139794  3.244100E-16
6007.19995117189  3.136219E-16
6016.39995094583  3.146106E-16
6025.59995071978  3.192371E-16
6034.79995049372  3.034140E-16
6043.99995026767  2.887456E-16
6053.19995004161  2.887853E-16
6062.39994981555  2.769655E-16
6071.5999495895  2.756950E-16
6080.79994936344  2.700783E-16
6089.99994913738  2.712739E-16
6099.19994891133  2.603449E-16
6108.39994868527  2.547035E-16
6117.59994845922  2.558724E-16
6126.79994823316  2.486244E-16
6135.9999480071  2.466795E-16
6145.19994778105  2.481944E-16
6154.39994755499  2.362383E-16
6163.59994732893  2.371952E-16
6172.79994710288  2.375135E-16
6181.99994687682  2.383996E-16
6191.19994665077  2.379133E-16
6200.39994642471  2.399033E-16
6209.59994619865  2.367948E-16
6218.7999459726  2.372979E-16
6227.99994574654  2.296849E-16
6237.19994552049  2.213216E-16
6246.39994529443  2.364023E-16
6255.59994506837  2.225379E-16
6264.79994484232  2.147250E-16
6273.99994461626  2.049874E-16
6283.19994439021  2.035514E-16
6292.39994416415  1.802730E-16
6301.59994393809  1.901162E-16
6310.79994371204  1.718733E-16
6319.99994348598  1.653901E-16
6329.19994325993  1.540242E-16
6338.39994303387  1.665183E-16
6347.59994280781  1.623565E-16
6356.79994258176  1.622840E-16
6365.9999423557  1.598125E-16
6375.19994212965  1.673211E-16
6384.39994190359  1.745409E-16
6393.59994167753  1.827150E-16
6402.79994145148  1.860091E-16
6411.99994122542  1.916771E-16
6421.19994099936  1.983707E-16
6430.39994077331  2.016305E-16
6439.59994054725  1.963450E-16
6448.7999403212  2.125841E-16
6457.99994009514  2.097598E-16
6467.19993986909  2.289034E-16
6476.39993964303  2.070508E-16
6485.59993941697  2.078865E-16
6494.79993919092  2.095733E-16
6503.99993896486  2.093099E-16
6513.1999387388  2.106994E-16
6522.39993851275  2.160080E-16
6531.59993828669  2.138091E-16
6540.79993806064  2.084506E-16
6549.99993783458  2.013336E-16
6559.19993760852  2.058562E-16
6568.39993738247  1.950211E-16
6577.59993715641  1.879033E-16
6586.79993693035  1.847344E-16
6595.9999367043  1.820913E-16
6605.19993647824  1.695419E-16
6614.39993625219  1.709768E-16
6623.59993602613  1.621211E-16
6632.79993580007  1.763545E-16
6641.99993557402  1.833869E-16
6651.19993534796  1.891609E-16
6660.39993512191  2.348761E-16
6669.59993489585  2.571106E-16
6678.79993466979  2.412613E-16
6687.99993444374  2.172262E-16
6697.19993421768  2.193453E-16
6706.39993399163  2.126744E-16
6715.59993376557  2.203239E-16
6724.79993353951  2.251415E-16
6733.99993331346  2.435055E-16
6743.1999330874  2.470113E-16
6752.39993286135  2.404296E-16
6761.59993263529  2.426039E-16
6770.79993240923  2.419054E-16
6779.99993218318  2.353684E-16
6789.19993195712  2.354114E-16
6798.39993173107  2.416816E-16
6807.59993150501  2.375520E-16
6816.79993127895  2.412902E-16
6825.9999310529  2.489605E-16
6835.19993082684  2.509086E-16
6844.39993060078  2.301835E-16
6853.59993037473  2.247093E-16
6862.79993014867  2.028668E-16
6871.99992992262  1.786662E-16
6881.19992969656  1.907670E-16
6890.3999294705  1.897510E-16
6899.59992924445  1.842903E-16
6908.79992901839  1.815314E-16
6917.99992879234  1.945574E-16
6927.19992856628  1.881858E-16
6936.39992834023  1.897671E-16
6945.59992811417  1.801003E-16
6954.79992788811  1.766522E-16
6963.99992766206  1.801365E-16
6973.199927436  1.896027E-16
6982.39992720994  1.725525E-16
6991.59992698389  1.691408E-16
7000.79992675783  1.711180E-16
7009.99992653177  1.666264E-16
7019.19992630572  1.674624E-16
7028.39992607966  1.694325E-16
7037.59992585361  1.798503E-16
7046.79992562755  1.679279E-16
7055.9999254015  1.732312E-16
7065.19992517544  1.881339E-16
7074.39992494938  1.937832E-16
7083.59992472333  2.007792E-16
7092.79992449727  1.966244E-16
7101.99992427121  2.028417E-16
7111.19992404516  2.045833E-16
7120.3999238191  2.099747E-16
7129.59992359305  2.108181E-16
7138.79992336699  2.055668E-16
7147.99992314094  2.077182E-16
7157.19992291488  2.083029E-16
7166.39992268882  1.883028E-16
7175.59992246277  1.684460E-16
7184.79992223671  1.699940E-16
7193.99992201065  1.490928E-16
7203.1999217846  1.607700E-16
7212.39992155854  1.790002E-16
7221.59992133249  1.758274E-16
7230.79992110643  1.645557E-16
7239.99992088037  1.677811E-16
7249.19992065432  1.545640E-16
7258.39992042826  1.655511E-16
7267.5999202022  1.514616E-16
7276.79991997615  1.586158E-16
7285.99991975009  1.572835E-16
7295.19991952404  1.599105E-16
7304.39991929798  1.509742E-16
7313.59991907193  1.647816E-16
7322.79991884587  1.741576E-16
7331.99991861981  1.723171E-16
7341.19991839376  1.886083E-16
7350.3999181677  1.798144E-16
7359.59991794164  1.776338E-16
7368.79991771559  1.710554E-16
7377.99991748953  1.802247E-16
7387.19991726348  1.822219E-16
7396.39991703742  1.883520E-16
7405.59991681136  1.842100E-16
7414.79991658531  1.757736E-16
7423.99991635925  1.803753E-16
7433.1999161332  1.872402E-16
7442.39991590714  1.799823E-16
7451.59991568108  1.715065E-16
7460.79991545503  1.751300E-16
7469.99991522897  1.532818E-16
7479.19991500292  1.609424E-16
7488.39991477686  1.637945E-16
7497.5999145508  1.851682E-16
7506.79991432475  1.635957E-16
7515.99991409869  1.760113E-16
7525.19991387264  1.838878E-16
7534.39991364658  1.742740E-16
7543.59991342052  1.610309E-16
7552.79991319447  1.653659E-16
7561.99991296841  1.669653E-16
7571.19991274235  1.410230E-16
7580.3999125163  1.672701E-16
7589.59991229024  1.441900E-16
7598.79991206419  8.968101E-17
7607.99991183813  6.173461E-17
7617.19991161207  9.053946E-17
7626.39991138602  9.493039E-17
7635.59991115996  9.693726E-17
7644.79991093391  9.706382E-17
7653.99991070785  1.039245E-16
7663.19991048179  1.215016E-16
7672.39991025574  1.263155E-16
7681.59991002968  1.388461E-16
7690.79990980363  1.284373E-16
7699.99990957757  1.201664E-16
7709.19990935151  1.397932E-16
7718.39990912546  1.265035E-16
7727.5999088994  1.178042E-16
7736.79990867335  1.254898E-16
7745.99990844729  1.383005E-16
7755.19990822123  1.384773E-16
7764.39990799518  1.172736E-16
7773.59990776912  1.020218E-16
7782.79990754307  1.053708E-16
7791.99990731701  1.021177E-16
7801.19990709095  1.102588E-16
7810.3999068649  1.103017E-16
7819.59990663884  1.046551E-16
7828.79990641279  1.228090E-16
7837.99990618673  1.317322E-16
7847.19990596067  1.088877E-16
7856.39990573462  9.952163E-17
7865.59990550856  1.212944E-16
7874.7999052825  1.147785E-16
7883.99990505645  1.252693E-16
7893.19990483039  1.175976E-16
7902.39990460434  1.102128E-16
7911.59990437828  8.373476E-17
7920.79990415222  1.053636E-16
7929.99990392617  1.254134E-16
7939.19990370011  1.063652E-16
7948.39990347406  9.976500E-17
7957.599903248  1.375144E-16
7966.79990302194  1.411537E-16
7975.99990279589  8.817090E-17
7985.19990256983  1.371840E-16
7994.39990234378  1.112160E-16
