4020.  6.496265E-16
4029.19999977395  7.473631E-16
4038.39999954789  5.980400E-16
4047.59999932183  5.488925E-16
4056.79999909578  5.834709E-16
4065.99999886972  5.235216E-16
4075.19999864366  5.498442E-16
4084.39999841761  5.738214E-16
4093.59999819155  4.974530E-16
4102.7999979655  6.024771E-16
4111.99999773944  4.878312E-16
4121.19999751338  4.672366E-16
4130.39999728733  4.748810E-16
4139.59999706127  3.422756E-16
4148.79999683522  4.478132E-16
4157.99999660916  4.493007E-16
4167.1999963831  2.889814E-16
4176.39999615705  2.756095E-16
4185.59999593099  3.863488E-16
4194.79999570494  3.545595E-16
4203.99999547888  3.247210E-16
4213.19999525282  3.570323E-16
4222.39999502677  3.762516E-16
4231.59999480071  3.372699E-16
4240.79999457465  3.596785E-16
4249.9999943486  4.023414E-16
4259.19999412254  3.815160E-16
4268.39999389649  3.847533E-16
4277.59999367043  3.917439E-16
4286.79999344437  3.736228E-16
4295.99999321832  3.746159E-16
4305.19999299226  3.527605E-16
4314.39999276621  3.682694E-16
4323.59999254015  4.180279E-16
4332.79999231409  3.897315E-16
4341.99999208804  3.625524E-16
4351.19999186198  3.538191E-16
4360.39999163592  3.902219E-16
4369.59999140987  3.490446E-16
4378.79999118381  3.921862E-16
4387.99999095776  3.881373E-16
4397.1999907317  3.672483E-16
4406.39999050565  3.967378E-16
4415.59999027959  3.836020E-16
4424.79999005353  3.455556E-16
4433.99998982748  3.278219E-16
4443.19998960142  2.921745E-16
4452.39998937536  2.598662E-16
4461.59998914931  2.385559E-16
4470.79998892325  2.549460E-16
4479.9999886972  2.458712E-16
4489.19998847114  2.329445E-16
4498.39998824509  2.325498E-16
4507.59998801903  2.368320E-16
4516.79998779297  2.602718E-16
4525.99998756692  2.568779E-16
4535.19998734086  2.475394E-16
4544.3999871148  2.642199E-16
4553.59998688875  2.759844E-16
4562.79998666269  3.094114E-16
4571.99998643664  3.323291E-16
4581.19998621058  3.394482E-16
4590.39998598452  3.925992E-16
4599.59998575847  3.976868E-16
4608.79998553241  4.593958E-16
4617.99998530636  4.387577E-16
4627.1999850803  4.780389E-16
4636.39998485424  5.085268E-16
4645.59998462819  5.230675E-16
4654.79998440213  5.704089E-16
4663.99998417607  5.921100E-16
4673.19998395002  6.081176E-16
4682.39998372396  5.758117E-16
4691.59998349791  5.975388E-16
4700.79998327185  6.226294E-16
4709.9999830458  5.757319E-16
4719.19998281974  6.205847E-16
4728.39998259368  5.835555E-16
4737.59998236763  5.798103E-16
4746.79998214157  5.818139E-16
4755.99998191551  5.611260E-16
4765.19998168946  5.616150E-16
4774.3999814634  5.578618E-16
4783.59998123735  5.339645E-16
4792.79998101129  5.104985E-16
4801.99998078523  5.009088E-16
4811.19998055918  4.695321E-16
4820.39998033312  4.393058E-16
4829.59998010707  4.042074E-16
4838.79997988101  3.485840E-16
4847.99997965495  3.201326E-16
4857.1999794289  2.850698E-16
4866.39997920284  2.670120E-16
4875.59997897679  2.478454E-16
4884.79997875073  2.247608E-16
4893.99997852467  2.413663E-16
4903.19997829862  2.600440E-16
4912.39997807256  2.489557E-16
4921.59997784651  2.711938E-16
4930.79997762045  2.727212E-16
4939.99997739439  2.544916E-16
4949.19997716834  2.255493E-16
4958.39997694228  2.198931E-16
4967.59997671622  2.159432E-16
4976.79997649017  2.262924E-16
4985.99997626411  2.401505E-16
4995.19997603806  2.779721E-16
5004.399975812  3.064721E-16
5013.59997558594  3.270329E-16
5022.79997535989  3.699716E-16
5031.99997513383  4.198437E-16
5041.19997490778  4.457005E-16
5050.39997468172  4.300403E-16
5059.59997445566  4.170880E-16
5068.79997422961  3.967743E-16
5077.99997400355  3.760563E-16
5087.1999737775  3.594920E-16
5096.39997355144  3.207809E-16
5105.59997332538  2.693421E-16
5114.79997309933  2.753933E-16
5123.99997287327  2.583683E-16
5133.19997264721  2.724463E-16
5142.39997242116  2.724832E-16
5151.5999721951  2.727157E-16
5160.79997196905  2.807590E-16
5169.99997174299  2.971780E-16
5179.19997151694  3.056883E-16
5188.39997129088  3.295290E-16
5197.59997106482  3.232583E-16
5206.79997083877  3.356827E-16
5215.99997061271  3.265442E-16
5225.19997038665  3.156462E-16
5234.3999701606  3.150875E-16
5243.59996993454  3.138111E-16
5252.79996970849  2.979290E-16
5261.99996948243  2.966751E-16
5271.19996925637  3.015243E-16
5280.39996903032  3.236869E-16
5289.59996880426  3.124205E-16
5298.79996857821  3.422824E-16
5307.99996835215  3.748365E-16
5317.19996812609  3.802840E-16
5326.39996790004  4.018667E-16
5335.59996767398  4.092723E-16
5344.79996744792  4.513449E-16
5353.99996722187  4.605891E-16
5363.19996699581  4.771463E-16
5372.39996676976  4.968596E-16
5381.5999665437  4.778293E-16
5390.79996631765  5.072459E-16
5399.99996609159  5.007897E-16
5409.19996586553  4.826788E-16
5418.39996563948  4.976504E-16
5427.59996541342  4.945764E-16
5436.79996518736  4.939964E-16
5445.99996496131  4.935220E-16
5455.19996473525  4.827036E-16
5464.3999645092  4.897010E-16
5473.59996428314  4.952704E-16
5482.79996405708  4.816375E-16
5491.99996383103  4.688743E-16
5501.19996360497  4.606669E-16
5510.39996337892  4.633994E-16
5519.59996315286  4.549681E-16
5528.7999629268  4.508724E-16
5537.99996270075  4.490357E-16
5547.19996247469  4.526989E-16
5556.39996224864  4.739538E-16
5565.59996202258  4.651432E-16
5574.79996179652  4.990906E-16
5583.99996157047  4.702598E-16
5593.19996134441  4.628713E-16
5602.39996111836  4.703142E-16
5611.5999608923  4.592435E-16
5620.79996066624  4.562272E-16
5629.99996044019  4.479683E-16
5639.19996021413  4.416312E-16
5648.39995998807  4.322256E-16
5657.59995976202  4.221000E-16
5666.79995953596  4.043984E-16
5675.99995930991  4.061803E-16
5685.19995908385  4.018989E-16
5694.3999588578  3.997286E-16
5703.59995863174  3.851491E-16
5712.79995840568  3.800381E-16
5721.99995817963  3.620280E-16
5731.19995795357  3.445676E-16
5740.39995772751  3.252156E-16
5749.59995750146  3.088796E-16
5758.7999572754  2.908726E-16
5767.99995704935  2.722189E-16
5777.19995682329  2.618455E-16
5786.39995659723  2.391313E-16
5795.59995637118  2.519472E-16
5804.79995614512  2.451110E-16
5813.99995591907  2.408914E-16
5823.19995569301  2.539839E-16
5832.39995546695  2.642651E-16
5841.5999552409  2.739314E-16
5850.79995501484  2.783056E-16
5859.99995478878  3.068845E-16
5869.19995456273  3.200457E-16
5878.39995433667  3.429236E-16
5887.59995411062  3.671605E-16
5896.79995388456  3.930183E-16
5905.9999536585  3.960767E-16
5915.19995343245  4.360716E-16
5924.39995320639  4.661774E-16
5933.59995298034  4.914465E-16
5942.79995275428  4.842587E-16
5951.99995252822  4.897575E-16
5961.19995230217  4.956480E-16
5970.39995207611  4.869277E-16
5979.59995185006  4.783379E-16
5988.799951624  4.851774E-16
5997.99995139794  4.911952E-16
6007.19995117189  4.688572E-16
6016.39995094583  4.765116E-16
6025.59995071978  4.696216E-16
6034.79995049372  4.551243E-16
6043.99995026767  4.533442E-16
6053.19995004161  4.399251E-16
6062.39994981555  4.258606E-16
6071.5999495895  4.264463E-16
6080.79994936344  3.971991E-16
6089.99994913738  3.903636E-16
6099.19994891133  3.843826E-16
6108.39994868527  3.839779E-16
6117.59994845922  3.718567E-16
6126.79994823316  3.657007E-16
6135.9999480071  3.561727E-16
6145.19994778105  3.553309E-16
6154.39994755499  3.538159E-16
6163.59994732893  3.478390E-16
6172.79994710288  3.428770E-16
6181.99994687682  3.464823E-16
6191.19994665077  3.455242E-16
6200.39994642471  3.464472E-16
6209.59994619865  3.343339E-16
6218.7999459726  3.329417E-16
6227.99994574654  3.254841E-16
6237.19994552049  3.386813E-16
6246.39994529443  3.300871E-16
6255.59994506837  3.321450E-16
6264.79994484232  3.404482E-16
6273.99994461626  3.277427E-16
6283.19994439021  3.135557E-16
6292.39994416415  3.079818E-16
6301.59994393809  2.989300E-16
6310.79994371204  2.810478E-16
6319.99994348598  2.625520E-16
6329.19994325993  2.609644E-16
6338.39994303387  2.503602E-16
6347.59994280781  2.536408E-16
6356.79994258176  2.336352E-16
6365.9999423557  2.477237E-16
6375.19994212965  2.422507E-16
6384.39994190359  2.462635E-16
6393.59994167753  2.607201E-16
6402.79994145148  2.636610E-16
6411.99994122542  2.663564E-16
6421.19994099936  2.715533E-16
6430.39994077331  2.782373E-16
6439.59994054725  2.884204E-16
6448.7999403212  2.864560E-16
6457.99994009514  2.988201E-16
6467.19993986909  2.929410E-16
6476.39993964303  3.095716E-16
6485.59993941697  3.038092E-16
6494.79993919092  3.110758E-16
6503.99993896486  3.134819E-16
6513.1999387388  3.076270E-16
6522.39993851275  3.150747E-16
6531.59993828669  3.217976E-16
6540.79993806064  3.160978E-16
6549.99993783458  3.031891E-16
6559.19993760852  3.011869E-16
6568.39993738247  2.933174E-16
6577.59993715641  2.808781E-16
6586.79993693035  2.671154E-16
6595.9999367043  2.588859E-16
6605.19993647824  2.474024E-16
6614.39993625219  2.456215E-16
6623.59993602613  2.447452E-16
6632.79993580007  2.487320E-16
6641.99993557402  2.480515E-16
6651.19993534796  2.696045E-16
6660.39993512191  3.071602E-16
6669.59993489585  4.260514E-16
6678.79993466979  3.532604E-16
6687.99993444374  3.251388E-16
6697.19993421768  3.185873E-16
6706.39993399163  3.070695E-16
6715.59993376557  3.298194E-16
6724.79993353951  3.358894E-16
6733.99993331346  3.479311E-16
6743.1999330874  3.594271E-16
6752.39993286135  3.507938E-16
6761.59993263529  3.612350E-16
6770.79993240923  4.030116E-16
6779.99993218318  3.615482E-16
6789.19993195712  3.613375E-16
6798.39993173107  3.598147E-16
6807.59993150501  3.698070E-16
6816.79993127895  3.671118E-16
6825.9999310529  3.961679E-16
6835.19993082684  3.727075E-16
6844.39993060078  3.595784E-16
6853.59993037473  3.406723E-16
6862.79993014867  3.274006E-16
6871.99992992262  2.844144E-16
6881.19992969656  2.566290E-16
6890.3999294705  2.953086E-16
6899.59992924445  2.678338E-16
6908.79992901839  2.795252E-16
6917.99992879234  2.873111E-16
6927.19992856628  2.837724E-16
6936.39992834023  2.846160E-16
6945.59992811417  2.901960E-16
6954.79992788811  2.762152E-16
6963.99992766206  2.690959E-16
6973.199927436  2.584496E-16
6982.39992720994  2.671892E-16
6991.59992698389  2.577627E-16
7000.79992675783  2.638700E-16
7009.99992653177  2.564431E-16
7019.19992630572  2.449372E-16
7028.39992607966  2.661964E-16
7037.59992585361  2.609471E-16
7046.79992562755  2.587875E-16
7055.9999254015  2.680884E-16
7065.19992517544  2.730968E-16
7074.39992494938  2.712990E-16
7083.59992472333  2.843204E-16
7092.79992449727  3.057249E-16
7101.99992427121  2.922495E-16
7111.19992404516  3.138116E-16
7120.3999238191  3.204679E-16
7129.59992359305  3.368047E-16
7138.79992336699  3.258548E-16
7147.99992314094  3.192469E-16
7157.19992291488  3.362884E-16
7166.39992268882  3.115568E-16
7175.59992246277  3.037097E-16
7184.79992223671  2.985431E-16
7193.99992201065  2.722086E-16
7203.1999217846  2.698687E-16
7212.39992155854  2.915556E-16
7221.59992133249  2.939201E-16
7230.79992110643  2.786981E-16
7239.99992088037  2.557721E-16
7249.19992065432  2.539428E-16
7258.39992042826  2.606497E-16
7267.5999202022  2.641665E-16
7276.79991997615  2.471470E-16
7285.99991975009  2.380487E-16
7295.19991952404  2.491192E-16
7304.39991929798  2.654954E-16
7313.59991907193  2.640898E-16
7322.79991884587  2.788993E-16
7331.99991861981  2.773889E-16
7341.19991839376  2.683789E-16
7350.3999181677  2.820067E-16
7359.59991794164  2.767429E-16
7368.79991771559  2.648760E-16
7377.99991748953  2.818048E-16
7387.19991726348  2.714362E-16
7396.39991703742  2.850934E-16
7405.59991681136  2.831568E-16
7414.79991658531  2.545369E-16
7423.99991635925  2.715348E-16
7433.1999161332  2.703624E-16
7442.39991590714  2.664649E-16
7451.59991568108  2.563359E-16
7460.79991545503  2.633985E-16
7469.99991522897  2.573973E-16
7479.19991500292  2.486136E-16
7488.39991477686  2.422435E-16
7497.5999145508  2.614547E-16
7506.79991432475  2.568796E-16
7515.99991409869  2.428807E-16
7525.19991387264  2.472597E-16
7534.39991364658  2.707748E-16
7543.59991342052  2.569910E-16
7552.79991319447  2.712708E-16
7561.99991296841  3.207878E-16
7571.19991274235  2.403307E-16
7580.3999125163  2.535650E-16
7589.59991229024  2.509726E-16
7598.79991206419  1.936163E-16
7607.99991183813  8.641825E-17
7617.19991161207  9.454825E-17
7626.39991138602  1.397166E-16
7635.59991115996  1.197961E-16
7644.79991093391  1.275859E-16
7653.99991070785  1.451067E-16
7663.19991048179  1.553601E-16
7672.39991025574  1.725444E-16
7681.59991002968  1.918391E-16
7690.79990980363  1.869222E-16
7699.99990957757  1.631649E-16
7709.19990935151  1.909494E-16
7718.39990912546  1.635561E-16
7727.5999088994  1.413346E-16
7736.79990867335  1.548249E-16
7745.99990844729  1.799223E-16
7755.19990822123  1.710810E-16
7764.39990799518  1.598969E-16
7773.59990776912  1.399244E-16
7782.79990754307  1.516481E-16
7791.99990731701  1.249315E-16
7801.19990709095  1.326925E-16
7810.3999068649  1.425238E-16
7819.59990663884  2.200645E-16
7828.79990641279  1.712683E-16
7837.99990618673  1.692711E-16
7847.19990596067  1.589431E-16
7856.39990573462  1.092962E-16
7865.59990550856  1.520319E-16
7874.7999052825  1.420079E-16
7883.99990505645  1.452491E-16
7893.19990483039  1.540828E-16
7902.39990460434  1.435750E-16
7911.59990437828  1.314331E-16
7920.79990415222  1.110107E-16
7929.99990392617  1.502511E-16
7939.19990370011  1.476309E-16
7948.39990347406  1.294505E-16
7957.599903248  1.523930E-16
7966.79990302194  1.427763E-16
7975.99990279589  1.272305E-16
7985.19990256983  1.754269E-16
7994.39990234378  1.613793E-16
