#4020.  1.330742E-16
#4029.19999977395  1.591746E-16
#4038.39999954789  -9.639876E-17
#4047.59999932183  1.159139E-17
#4056.79999909578  1.160559E-16
#4065.99999886972  1.687662E-16
#4075.19999864366  -6.417199E-18
#4084.39999841761  2.053105E-18
4093.59999819155  1.515506E-16
4102.7999979655  1.534026E-16
4111.99999773944  1.552347E-16
4121.19999751338  5.753757E-17
4130.39999728733  1.224667E-16
4139.59999706127  1.307308E-16
4148.79999683522  1.383817E-16
4157.99999660916  9.418104E-17
4167.1999963831  1.054007E-16
4176.39999615705  1.218340E-16
4185.59999593099  5.510782E-17
4194.79999570494  1.028794E-16
4203.99999547888  1.021332E-16
4213.19999525282  9.869416E-17
4222.39999502677  9.342948E-17
4231.59999480071  3.057322E-17
4240.79999457465  8.796335E-17
4249.9999943486  9.408773E-17
4259.19999412254  5.701914E-17
4268.39999389649  7.065638E-17
4277.59999367043  4.048019E-17
4286.79999344437  8.574591E-17
4295.99999321832  6.901663E-17
4305.19999299226  6.155909E-17
4314.39999276621  3.098271E-17
4323.59999254015  8.908990E-17
4332.79999231409  6.636540E-17
4341.99999208804  7.332341E-17
4351.19999186198  5.430629E-17
4360.39999163592  9.638447E-17
4369.59999140987  8.639776E-17
4378.79999118381  6.485216E-17
4387.99999095776  4.961889E-17
4397.1999907317  8.124318E-17
4406.39999050565  7.464777E-17
4415.59999027959  6.535097E-17
4424.79999005353  6.101495E-17
4433.99998982748  7.940978E-17
4443.19998960142  4.569558E-17
4452.39998937536  4.078270E-17
4461.59998914931  7.433356E-17
4470.79998892325  6.156830E-17
4479.9999886972  6.494498E-17
4489.19998847114  6.392254E-17
4498.39998824509  6.009425E-17
4507.59998801903  6.667442E-17
4516.79998779297  6.849840E-17
4525.99998756692  4.450035E-17
4535.19998734086  5.927598E-17
4544.3999871148  6.531341E-17
4553.59998688875  7.891622E-17
4562.79998666269  4.577513E-17
4571.99998643664  6.883026E-17
4581.19998621058  8.165572E-17
4590.39998598452  7.022976E-17
4599.59998575847  9.368049E-17
4608.79998553241  1.018265E-16
4617.99998530636  8.774021E-17
4627.1999850803  1.129741E-16
4636.39998485424  1.081826E-16
4645.59998462819  1.064214E-16
4654.79998440213  1.303949E-16
4663.99998417607  1.148128E-16
4673.19998395002  1.324596E-16
4682.39998372396  1.480074E-16
4691.59998349791  1.468640E-16
4700.79998327185  1.582796E-16
4709.9999830458  1.426701E-16
4719.19998281974  1.495092E-16
4728.39998259368  1.682618E-16
4737.59998236763  1.604599E-16
4746.79998214157  1.567783E-16
4755.99998191551  1.525255E-16
4765.19998168946  1.492873E-16
4774.3999814634  1.587739E-16
4783.59998123735  1.382648E-16
4792.79998101129  1.474243E-16
4801.99998078523  1.413803E-16
4811.19998055918  1.225644E-16
4820.39998033312  1.237624E-16
4829.59998010707  1.025420E-16
4838.79997988101  1.002373E-16
4847.99997965495  1.218318E-16
4857.1999794289  9.909225E-17
4866.39997920284  8.844901E-17
4875.59997897679  8.292331E-17
4884.79997875073  8.592744E-17
4893.99997852467  6.386217E-17
4903.19997829862  6.785748E-17
4912.39997807256  5.041098E-17
4921.59997784651  7.163840E-17
4930.79997762045  6.821480E-17
4939.99997739439  7.781590E-17
4949.19997716834  7.062000E-17
4958.39997694228  6.844017E-17
4967.59997671622  5.219001E-17
4976.79997649017  6.560225E-17
4985.99997626411  6.169638E-17
4995.19997603806  7.280623E-17
5004.399975812  7.790353E-17
5013.59997558594  9.725382E-17
5022.79997535989  1.015790E-16
5031.99997513383  1.192484E-16
5041.19997490778  1.350816E-16
5050.39997468172  1.356687E-16
5059.59997445566  1.425122E-16
5068.79997422961  1.450639E-16
5077.99997400355  1.649080E-16
5087.1999737775  1.788398E-16
5096.39997355144  1.596743E-16
5105.59997332538  1.293322E-16
5114.79997309933  1.215531E-16
5123.99997287327  9.291005E-17
5133.19997264721  7.636719E-17
5142.39997242116  9.324337E-17
5151.5999721951  7.639360E-17
5160.79997196905  9.356029E-17
5169.99997174299  8.021705E-17
5179.19997151694  8.521355E-17
5188.39997129088  8.184961E-17
5197.59997106482  9.080071E-17
5206.79997083877  9.769039E-17
5215.99997061271  9.551573E-17
5225.19997038665  9.166027E-17
5234.3999701606  1.016099E-16
5243.59996993454  9.575533E-17
5252.79996970849  8.793049E-17
5261.99996948243  9.186851E-17
5271.19996925637  8.883833E-17
5280.39996903032  8.907237E-17
5289.59996880426  8.039627E-17
5298.79996857821  8.189815E-17
5307.99996835215  9.313211E-17
5317.19996812609  9.471775E-17
5326.39996790004  9.633838E-17
5335.59996767398  1.158076E-16
5344.79996744792  1.197013E-16
5353.99996722187  1.094879E-16
5363.19996699581  1.367524E-16
5372.39996676976  1.125412E-16
5381.5999665437  1.143055E-16
5390.79996631765  1.411096E-16
5399.99996609159  1.329309E-16
5409.19996586553  1.267071E-16
5418.39996563948  1.359042E-16
5427.59996541342  1.349981E-16
5436.79996518736  1.467110E-16
5445.99996496131  1.455982E-16
5455.19996473525  1.461050E-16
5464.3999645092  1.388910E-16
5473.59996428314  1.421337E-16
5482.79996405708  1.394487E-16
5491.99996383103  1.501716E-16
5501.19996360497  1.347567E-16
5510.39996337892  1.323784E-16
5519.59996315286  1.293853E-16
5528.7999629268  1.173142E-16
5537.99996270075  1.349734E-16
5547.19996247469  1.282075E-16
5556.39996224864  1.325251E-16
5565.59996202258  1.206010E-16
5574.79996179652  1.489535E-16
5583.99996157047  1.268777E-16
5593.19996134441  1.516394E-16
5602.39996111836  1.457467E-16
5611.5999608923  1.461316E-16
5620.79996066624  1.324144E-16
5629.99996044019  1.389775E-16
5639.19996021413  1.475412E-16
5648.39995998807  1.320218E-16
5657.59995976202  1.316444E-16
5666.79995953596  1.209217E-16
5675.99995930991  1.234667E-16
5685.19995908385  1.305119E-16
5694.3999588578  1.146623E-16
5703.59995863174  1.024905E-16
5712.79995840568  1.014435E-16
5721.99995817963  9.513789E-17
5731.19995795357  8.937883E-17
5740.39995772751  8.928588E-17
5749.59995750146  7.606838E-17
5758.7999572754  6.546052E-17
5767.99995704935  5.202645E-17
5777.19995682329  5.662393E-17
5786.39995659723  2.883295E-17
5795.59995637118  5.170374E-17
5804.79995614512  6.380256E-17
5813.99995591907  7.695043E-17
5823.19995569301  7.350695E-17
5832.39995546695  5.412942E-17
5841.5999552409  7.615282E-17
5850.79995501484  6.484354E-17
5859.99995478878  7.621687E-17
5869.19995456273  9.099861E-17
5878.39995433667  9.373508E-17
5887.59995411062  1.002681E-16
5896.79995388456  1.266883E-16
5905.9999536585  1.048655E-16
5915.19995343245  1.438332E-16
5924.39995320639  1.407745E-16
5933.59995298034  1.610881E-16
5942.79995275428  1.661525E-16
5951.99995252822  1.565840E-16
5961.19995230217  1.755517E-16
5970.39995207611  1.533286E-16
5979.59995185006  1.723840E-16
5988.799951624  1.694301E-16
5997.99995139794  1.612328E-16
6007.19995117189  1.592407E-16
6016.39995094583  1.614916E-16
6025.59995071978  1.546526E-16
6034.79995049372  1.554362E-16
6043.99995026767  1.535823E-16
6053.19995004161  1.622617E-16
6062.39994981555  1.520794E-16
6071.5999495895  1.395362E-16
6080.79994936344  1.438218E-16
6089.99994913738  1.442037E-16
6099.19994891133  1.310651E-16
6108.39994868527  1.326244E-16
6117.59994845922  1.299725E-16
6126.79994823316  1.283285E-16
6135.9999480071  1.262093E-16
6145.19994778105  1.217781E-16
6154.39994755499  1.086257E-16
6163.59994732893  1.126020E-16
6172.79994710288  1.108939E-16
6181.99994687682  1.175326E-16
6191.19994665077  1.139789E-16
6200.39994642471  1.142526E-16
6209.59994619865  1.121869E-16
6218.7999459726  1.134000E-16
6227.99994574654  1.103830E-16
6237.19994552049  1.104621E-16
6246.39994529443  1.075174E-16
6255.59994506837  9.609142E-17
6264.79994484232  9.312217E-17
6273.99994461626  9.706653E-17
6283.19994439021  9.895164E-17
6292.39994416415  1.064133E-16
6301.59994393809  1.022657E-16
6310.79994371204  1.114944E-16
6319.99994348598  1.141665E-16
6329.19994325993  1.114485E-16
6338.39994303387  1.095458E-16
6347.59994280781  1.075719E-16
6356.79994258176  1.044660E-16
6365.9999423557  9.696115E-17
6375.19994212965  9.144607E-17
6384.39994190359  8.640418E-17
6393.59994167753  8.418345E-17
6402.79994145148  9.164820E-17
6411.99994122542  9.752340E-17
6421.19994099936  6.818000E-17
6430.39994077331  9.279716E-17
6439.59994054725  9.240601E-17
6448.7999403212  9.102959E-17
6457.99994009514  8.414978E-17
6467.19993986909  8.921974E-17
6476.39993964303  8.594297E-17
6485.59993941697  9.651255E-17
6494.79993919092  8.373700E-17
6503.99993896486  9.616562E-17
6513.1999387388  8.450410E-17
6522.39993851275  9.692793E-17
6531.59993828669  9.811481E-17
6540.79993806064  8.756791E-17
6549.99993783458  8.171187E-17
6559.19993760852  8.466443E-17
6568.39993738247  8.262049E-17
6577.59993715641  7.583724E-17
6586.79993693035  7.336036E-17
6595.9999367043  6.437634E-17
6605.19993647824  7.499913E-17
6614.39993625219  5.515377E-17
6623.59993602613  6.459057E-17
6632.79993580007  7.378884E-17
6641.99993557402  7.111229E-17
6651.19993534796  8.674168E-17
6660.39993512191  1.070047E-16
6669.59993489585  1.679695E-16
6678.79993466979  2.031627E-16
6687.99993444374  1.108421E-16
6697.19993421768  1.264440E-16
6706.39993399163  1.018969E-16
6715.59993376557  1.054895E-16
6724.79993353951  1.100731E-16
6733.99993331346  1.100286E-16
6743.1999330874  1.153347E-16
6752.39993286135  1.224238E-16
6761.59993263529  1.295818E-16
6770.79993240923  1.297290E-16
6779.99993218318  1.252562E-16
6789.19993195712  1.290172E-16
6798.39993173107  1.225236E-16
6807.59993150501  1.284348E-16
6816.79993127895  1.213105E-16
6825.9999310529  1.466786E-16
6835.19993082684  1.414785E-16
6844.39993060078  1.315941E-16
6853.59993037473  1.147593E-16
6862.79993014867  1.192032E-16
6871.99992992262  9.994857E-17
6881.19992969656  9.534094E-17
6890.3999294705  1.016063E-16
6899.59992924445  8.745581E-17
6908.79992901839  8.564155E-17
6917.99992879234  1.036994E-16
6927.19992856628  8.980489E-17
6936.39992834023  9.207553E-17
6945.59992811417  8.841303E-17
6954.79992788811  8.969375E-17
6963.99992766206  8.616643E-17
6973.199927436  7.744754E-17
6982.39992720994  8.020028E-17
6991.59992698389  7.164291E-17
7000.79992675783  7.461697E-17
7009.99992653177  7.154262E-17
7019.19992630572  7.384699E-17
7028.39992607966  8.345696E-17
7037.59992585361  8.666310E-17
7046.79992562755  7.863021E-17
7055.9999254015  8.893393E-17
7065.19992517544  9.095952E-17
7074.39992494938  9.207357E-17
7083.59992472333  9.740318E-17
7092.79992449727  9.647616E-17
7101.99992427121  1.043123E-16
7111.19992404516  1.003198E-16
7120.3999238191  1.074690E-16
7129.59992359305  1.041464E-16
7138.79992336699  1.064630E-16
7147.99992314094  1.187237E-16
7157.19992291488  1.097125E-16
7166.39992268882  1.088170E-16
7175.59992246277  1.132164E-16
7184.79992223671  1.013554E-16
7193.99992201065  1.000355E-16
7203.1999217846  9.235100E-17
7212.39992155854  9.806691E-17
7221.59992133249  9.627117E-17
7230.79992110643  9.744538E-17
7239.99992088037  8.096163E-17
7249.19992065432  8.909937E-17
7258.39992042826  9.483647E-17
7267.5999202022  9.532502E-17
7276.79991997615  7.794127E-17
7285.99991975009  7.322328E-17
7295.19991952404  9.746373E-17
7304.39991929798  9.200180E-17
7313.59991907193  9.534546E-17
7322.79991884587  9.878017E-17
7331.99991861981  8.354486E-17
7341.19991839376  8.964811E-17
7350.3999181677  8.828333E-17
7359.59991794164  8.767636E-17
7368.79991771559  8.221903E-17
7377.99991748953  9.838529E-17
7387.19991726348  1.066047E-16
7396.39991703742  9.957370E-17
7405.59991681136  1.105767E-16
7414.79991658531  9.333534E-17
7423.99991635925  1.041118E-16
7433.1999161332  9.930003E-17
7442.39991590714  9.576269E-17
7451.59991568108  8.774272E-17
7460.79991545503  9.344352E-17
7469.99991522897  7.958861E-17
7479.19991500292  7.712236E-17
7488.39991477686  8.273498E-17
7497.5999145508  9.998980E-17
7506.79991432475  8.463667E-17
7515.99991409869  8.207262E-17
7525.19991387264  9.540082E-17
7534.39991364658  9.938687E-17
7543.59991342052  9.063583E-17
7552.79991319447  8.106143E-17
7561.99991296841  8.022621E-17
7571.19991274235  8.134808E-17
7580.3999125163  8.530553E-17
7589.59991229024  9.546875E-17
7598.79991206419  7.714494E-17
7607.99991183813  2.351003E-17
7617.19991161207  2.991877E-17
7626.39991138602  4.097249E-17
7635.59991115996  4.361671E-17
7644.79991093391  3.155270E-17
7653.99991070785  4.616743E-17
7663.19991048179  4.607501E-17
7672.39991025574  7.111960E-17
7681.59991002968  6.279465E-17
7690.79990980363  5.607195E-17
7699.99990957757  6.035275E-17
7709.19990935151  5.764416E-17
7718.39990912546  3.485260E-17
7727.5999088994  3.662824E-17
7736.79990867335  3.040485E-17
7745.99990844729  5.408181E-17
7755.19990822123  7.558494E-17
7764.39990799518  4.120471E-17
7773.59990776912  3.369384E-17
7782.79990754307  3.172841E-17
7791.99990731701  1.769639E-17
7801.19990709095  3.023986E-17
7810.3999068649  2.625065E-17
7819.59990663884  4.291991E-17
7828.79990641279  2.845956E-17
7837.99990618673  3.523620E-17
7847.19990596067  3.498558E-17
7856.39990573462  2.616231E-17
7865.59990550856  2.090671E-17
7874.7999052825  3.211526E-17
7883.99990505645  2.830246E-17
7893.19990483039  3.481098E-17
7902.39990460434  2.442975E-17
7911.59990437828  1.425771E-17
7920.79990415222  6.657646E-18
7929.99990392617  3.140837E-17
7939.19990370011  3.725780E-17
7948.39990347406  1.972447E-17
7957.599903248  3.851131E-17
7966.79990302194  1.834326E-17
7975.99990279589  2.717539E-17
7985.19990256983  3.801118E-17
7994.39990234378  2.239639E-17
