5.000000000000001819e+03 2.909376061734861990e-16
5.003510082244874866e+03 1.462358972996002753e-16
5.007020164489747913e+03 8.782186357293947452e-16
5.010530246734620960e+03 9.590360079906180661e-16
5.014040328979494006e+03 4.909582956787216304e-16
5.017550411224367053e+03 1.823788328636106733e-16
5.021060493469240100e+03 2.334664736418411244e-16
5.024570575714113147e+03 8.497106830983671994e-16
5.028080657958986194e+03 6.544426954601756472e-16
5.031590740203859241e+03 2.587904294241397552e-16
5.035100822448732288e+03 4.408713052136639275e-16
5.038610904693605335e+03 -1.939439163229554706e-16
5.042120986938478381e+03 8.441287889155205636e-16
5.045631069183351428e+03 1.283570964258709275e-15
5.049141151428224475e+03 9.221972745651076629e-16
5.052651233673097522e+03 5.457531217343983363e-16
5.056161315917970569e+03 1.128589451778708348e-15
5.059671398162843616e+03 1.339396894108990481e-15
5.063181480407716663e+03 7.848360061516867093e-16
5.066691562652589710e+03 5.181855344935006741e-16
5.070201644897462756e+03 3.682086897125721797e-16
5.073711727142335803e+03 7.585943431105972475e-16
5.077221809387208850e+03 1.381881843281779643e-15
5.080731891632081897e+03 1.315485154008001582e-15
5.084241973876954944e+03 1.037918809939871768e-15
5.087752056121827991e+03 9.126014500639005080e-16
5.091262138366701038e+03 6.583668932256864139e-16
5.094772220611574085e+03 1.232296036554907017e-15
5.098282302856447131e+03 1.213333827602080216e-15
5.101792385101320178e+03 1.511458614212137560e-15
5.105302467346193225e+03 1.627669628751296244e-15
5.108812549591066272e+03 8.762177321497432742e-16
5.112322631835939319e+03 2.571296889821496909e-16
5.115832714080812366e+03 6.909086285097757515e-16
5.119342796325685413e+03 6.183974201480057099e-16
5.122852878570558460e+03 -1.001583902299300064e-16
5.126362960815431506e+03 -1.680374401009622964e-18
5.129873043060304553e+03 8.755458232643338005e-16
5.133383125305177600e+03 7.059631568395632450e-16
5.136893207550050647e+03 7.893914552211387433e-16
5.140403289794923694e+03 1.063389620059400614e-15
5.143913372039796741e+03 1.145687447093746841e-15
5.147423454284669788e+03 9.768772747168722077e-16
5.150933536529542835e+03 8.498323911449758017e-16
5.154443618774415881e+03 6.806073314426241711e-16
5.157953701019288928e+03 -1.272949700495732382e-16
5.161463783264161975e+03 -7.588263110241367181e-17
5.164973865509035022e+03 3.942914546667126551e-16
5.168483947753908069e+03 1.867316425353219168e-16
5.171994029998781116e+03 -1.977919042842705017e-17
5.175504112243654163e+03 4.170333363884249581e-16
5.179014194488527210e+03 4.287695866775641284e-16
5.182524276733400256e+03 3.992601234655267792e-16
5.186034358978273303e+03 1.017912738758672449e-15
5.189544441223146350e+03 8.738246523155130622e-16
5.193054523468019397e+03 7.496336874407124110e-17
5.196564605712892444e+03 -1.141048340285863644e-17
5.200074687957765491e+03 3.413149436509949151e-16
5.203584770202638538e+03 1.006874628906528034e-15
5.207094852447511585e+03 1.643302362946703205e-15
5.210604934692384631e+03 1.874600591062250930e-15
5.214115016937257678e+03 1.716227982177917413e-15
5.217625099182130725e+03 1.013267292438574645e-15
5.221135181427003772e+03 7.714260452285526433e-16
5.224645263671876819e+03 1.213044142334119245e-15
5.228155345916749866e+03 1.063886299003846854e-15
5.231665428161622913e+03 1.093817902260972065e-15
5.235175510406495960e+03 1.373187791232043098e-15
5.238685592651369006e+03 1.343016689409081733e-15
5.242195674896242053e+03 1.495601416285708210e-15
5.245705757141115100e+03 1.445579250310895063e-15
5.249215839385988147e+03 7.557815584510025296e-16
5.252725921630861194e+03 8.036721660140502300e-16
5.256236003875734241e+03 8.458775413746862700e-16
5.259746086120607288e+03 2.799161193429316498e-16
5.263256168365480335e+03 1.729160190049020451e-16
5.266766250610353381e+03 1.799085671520619131e-16
5.270276332855226428e+03 1.020708900396677301e-15
5.273786415100099475e+03 1.138426257153409352e-15
5.277296497344972522e+03 3.923115416222853298e-16
5.280806579589845569e+03 6.448797993647930032e-16
5.284316661834718616e+03 1.289823337958866892e-15
5.287826744079591663e+03 1.274368374803264928e-15
5.291336826324464710e+03 5.003452736188713969e-16
5.294846908569337756e+03 8.026670026034553925e-16
5.298356990814210803e+03 9.399324504147182034e-16
5.301867073059083850e+03 6.937052136642542308e-16
5.305377155303956897e+03 1.141276734779156886e-15
5.308887237548829944e+03 8.939577254992413236e-16
5.312397319793702991e+03 3.089105335834791809e-16
5.315907402038576038e+03 5.309153808995487403e-16
5.319417484283449085e+03 9.785472001723840609e-16
5.322927566528322131e+03 1.014547900375704741e-15
5.326437648773195178e+03 8.824939815911016228e-16
5.329947731018068225e+03 1.010006109712527182e-15
5.333457813262941272e+03 1.154499977876980582e-15
5.336967895507814319e+03 1.037948456093025669e-15
5.340477977752687366e+03 8.292947538498152051e-16
5.343988059997560413e+03 9.233608860763982580e-16
5.347498142242433460e+03 7.901341442972031545e-16
5.351008224487306506e+03 1.035977410424764912e-15
5.354518306732179553e+03 5.811246882161458845e-16
5.358028388977052600e+03 3.335734330900050337e-16
5.361538471221925647e+03 6.841052598774292112e-16
5.365048553466798694e+03 5.219160264118862230e-16
5.368558635711671741e+03 8.411028166510137790e-16
5.372068717956544788e+03 8.704798250859242369e-16
5.375578800201417835e+03 8.057688372563006404e-16
5.379088882446290881e+03 1.139011345161725260e-15
5.382598964691163928e+03 8.762583897312114806e-16
5.386109046936036975e+03 1.009276708465822823e-15
5.389619129180910022e+03 7.717195950843354618e-16
5.393129211425783069e+03 4.669157419269411458e-16
5.396639293670656116e+03 4.978598671933904662e-16
5.400149375915529163e+03 5.521966072432802058e-16
5.403659458160402210e+03 5.066604336362442399e-16
5.407169540405275256e+03 6.246771636002714824e-16
5.410679622650148303e+03 6.516397575585927606e-16
5.414189704895021350e+03 6.914930283038220153e-16
5.417699787139894397e+03 6.673232078517165721e-16
5.421209869384767444e+03 8.675726491922698680e-16
5.424719951629640491e+03 7.792773524353303633e-16
5.428230033874513538e+03 5.739100321483481780e-16
5.431740116119386585e+03 5.135759282549835682e-16
5.435250198364259631e+03 8.894025940671445099e-16
5.438760280609132678e+03 4.624749070031644593e-16
5.442270362854005725e+03 1.018038311393102899e-15
5.445780445098878772e+03 1.201457472769509264e-15
5.449290527343751819e+03 6.322796548787932517e-16
5.452800609588624866e+03 6.196343000092338019e-16
5.456310691833497913e+03 6.796543134978446764e-16
5.459820774078370960e+03 9.353153796983534191e-16
5.463330856323244006e+03 9.375322766795547366e-16
5.466840938568117053e+03 1.217670001017311793e-15
5.470351020812990100e+03 1.201153599699681784e-15
5.473861103057863147e+03 7.771597171276354091e-16
5.477371185302736194e+03 1.094937150421650216e-15
5.480881267547609241e+03 1.101316155547422352e-15
5.484391349792482288e+03 8.474379348822063014e-16
5.487901432037355335e+03 1.037217466659545208e-15
5.491411514282228381e+03 9.319402710409002526e-16
5.494921596527101428e+03 5.864168971310315497e-16
5.498431678771974475e+03 9.523704939704371632e-16
5.501941761016847522e+03 9.901371519896646524e-16
5.505451843261720569e+03 1.312491845451523292e-15
5.508961925506593616e+03 1.408166757942738278e-15
5.512472007751466663e+03 7.036844264532123635e-16
5.515982089996339710e+03 5.864981064148495557e-16
5.519492172241212756e+03 5.280744323944578170e-16
5.523002254486085803e+03 6.849630395552018004e-16
5.526512336730958850e+03 1.001945214790863226e-15
5.530022418975831897e+03 6.826084467805124557e-16
5.533532501220704944e+03 6.081449333544396586e-16
5.537042583465577991e+03 7.710787087806191768e-16
5.540552665710451038e+03 7.892491007464408174e-16
5.544062747955324085e+03 1.012412000920084616e-15
5.547572830200197131e+03 9.740438436291881663e-16
5.551082912445070178e+03 1.288686090348059587e-15
5.554592994689943225e+03 1.541394982029591076e-15
5.558103076934816272e+03 1.128872149024854471e-15
5.561613159179689319e+03 9.500733406174835007e-16
5.565123241424562366e+03 1.187952591216723513e-15
5.568633323669435413e+03 1.075466298183997207e-15
5.572143405914308460e+03 7.266525718509599715e-16
5.575653488159181506e+03 5.789684070302324528e-16
5.579163570404054553e+03 6.694095029403631172e-16
5.582673652648927600e+03 7.285856598552718950e-16
5.586183734893800647e+03 7.895483151350583990e-16
5.589693817138673694e+03 1.146926868053816696e-15
5.593203899383546741e+03 1.037006131939205260e-15
5.596713981628419788e+03 8.959603231447873031e-16
5.600224063873292835e+03 1.155301271045083150e-15
5.603734146118165881e+03 1.144540987999638146e-15
5.607244228363038928e+03 6.235651681592041962e-16
5.610754310607911975e+03 8.134926130649573848e-16
5.614264392852785022e+03 1.072911223298604610e-15
5.617774475097658069e+03 9.272161565358262060e-16
5.621284557342531116e+03 1.023284409951922408e-15
5.624794639587404163e+03 1.001038360141709091e-15
5.628304721832277210e+03 9.477457999575470901e-16
5.631814804077150256e+03 8.524013361948796878e-16
5.635324886322023303e+03 9.463951000440317014e-16
5.638834968566896350e+03 1.066408551362533347e-15
5.642345050811769397e+03 1.252567970202425780e-15
5.645855133056642444e+03 1.138709695553384322e-15
5.649365215301515491e+03 9.748031027872832398e-16
5.652875297546388538e+03 1.091970946919484063e-15
5.656385379791261585e+03 6.913007518247952891e-16
5.659895462036134631e+03 9.078665358887489691e-16
5.663405544281007678e+03 1.253242631944913830e-15
5.666915626525880725e+03 1.028343949504109157e-15
5.670425708770753772e+03 1.037011108257770379e-15
5.673935791015626819e+03 1.220996828796771464e-15
5.677445873260499866e+03 1.104654630029906770e-15
5.680955955505372913e+03 8.042516953686497817e-16
5.684466037750245960e+03 9.519091786515387899e-16
5.687976119995119006e+03 7.859164496154687728e-16
5.691486202239992053e+03 1.247988168935740185e-15
5.694996284484865100e+03 1.099337063066162679e-15
5.698506366729738147e+03 6.076017734770128385e-16
5.702016448974611194e+03 6.645545747844974847e-16
5.705526531219484241e+03 9.360915795153935785e-16
5.709036613464357288e+03 1.071583922670257122e-15
5.712546695709230335e+03 7.679335166287863494e-16
5.716056777954103381e+03 8.889049622106326085e-16
5.719566860198976428e+03 9.474816315571221552e-16
5.723076942443849475e+03 9.499860962239163077e-16
5.726587024688722522e+03 9.592386606232486575e-16
5.730097106933595569e+03 7.046000690691942622e-16
5.733607189178468616e+03 1.090300597947498583e-15
5.737117271423341663e+03 9.428980186421739157e-16
5.740627353668214710e+03 4.091731618054806697e-16
5.744137435913087756e+03 3.115687082604203873e-16
5.747647518157960803e+03 3.826930325199595206e-16
5.751157600402833850e+03 6.498715233416402053e-16
5.754667682647706897e+03 4.525035822085276323e-16
5.758177764892579944e+03 4.892808528058028954e-16
5.761687847137452991e+03 1.233364250980513097e-15
5.765197929382326038e+03 1.120638882898424265e-15
5.768708011627199085e+03 8.428070469408894313e-16
5.772218093872072131e+03 1.077422203138325794e-15
5.775728176116945178e+03 8.265380321834168813e-16
5.779238258361818225e+03 4.582857467438407068e-16
5.782748340606691272e+03 5.523008981749108915e-16
5.786258422851564319e+03 5.530912328542583571e-16
5.789768505096437366e+03 5.957242010345802086e-16
5.793278587341310413e+03 5.716293429983067709e-16
5.796788669586183460e+03 5.432755503636795078e-16
5.800298751831056506e+03 6.684617789515039619e-16
5.803808834075929553e+03 4.492410230539408810e-16
5.807318916320802600e+03 4.072014014531706669e-16
5.810828998565675647e+03 1.868544590039513401e-17
5.814339080810548694e+03 -1.708440705367996197e-16
5.817849163055421741e+03 -2.368322384670948919e-16
5.821359245300294788e+03 -3.110825113486964189e-16
5.824869327545167835e+03 -2.059127698003445522e-16
5.828379409790040881e+03 8.976986862154593435e-17
5.831889492034913928e+03 6.868782339885029769e-16
5.835399574279786975e+03 2.684324966303110746e-16
5.838909656524660022e+03 3.279120501590145021e-16
5.842419738769533069e+03 8.293378995905659710e-16
5.845929821014406116e+03 6.405500845757842402e-16
5.849439903259279163e+03 5.033296883294035174e-16
5.852949985504152210e+03 8.724381123204169759e-16
5.856460067749025256e+03 4.115758766394858994e-16
5.859970149993898303e+03 3.932086818623256423e-16
5.863480232238771350e+03 5.423219500837487758e-16
5.866990314483644397e+03 3.858909789425385298e-16
5.870500396728517444e+03 2.987931750147797922e-16
5.874010478973390491e+03 4.671878512612465898e-16
5.877520561218263538e+03 4.064125226117012947e-16
5.881030643463136585e+03 2.746667914710007336e-16
5.884540725708009631e+03 3.030853291865337473e-16
5.888050807952882678e+03 2.321182618876082952e-16
5.891560890197755725e+03 3.388874531032824971e-16
5.895070972442628772e+03 3.309471544974838721e-16
5.898581054687501819e+03 1.973218043072668152e-16
5.902091136932374866e+03 1.087104319121034481e-16
5.905601219177247913e+03 3.062077043883499120e-16
5.909111301422120960e+03 6.008709320407749476e-16
5.912621383666994006e+03 4.486391532053574972e-16
5.916131465911867053e+03 7.425988670555286331e-16
5.919641548156740100e+03 5.830526940227742823e-16
5.923151630401613147e+03 6.264802320471798708e-16
5.926661712646486194e+03 8.019902762181584099e-16
5.930171794891359241e+03 9.526958605013012213e-16
5.933681877136232288e+03 8.440145453467596398e-16
5.937191959381105335e+03 4.423642272529792335e-16
5.940702041625978381e+03 4.507514416175729087e-16
5.944212123870851428e+03 7.007116584457049897e-16
5.947722206115724475e+03 9.783852051212216759e-16
5.951232288360597522e+03 8.308113134023148265e-16
5.954742370605470569e+03 7.244035405573221939e-16
5.958252452850343616e+03 1.082896259439075116e-15
5.961762535095216663e+03 1.101951006741389450e-15
5.965272617340089710e+03 1.016351021762172332e-15
5.968782699584962756e+03 9.207262959730821636e-16
5.972292781829835803e+03 1.208195831623154037e-15
5.975802864074708850e+03 1.400336573620082712e-15
5.979312946319581897e+03 1.218607454731685490e-15
5.982823028564454944e+03 1.136540232417229245e-15
5.986333110809327991e+03 8.635656539561649934e-16
5.989843193054201038e+03 9.306449459063116138e-16
5.993353275299074085e+03 1.313221776093819685e-15
5.996863357543947131e+03 1.003335407615544347e-15
6.000373439788820178e+03 7.606488215241625529e-16
6.003883522033693225e+03 1.352951327089190608e-15
6.007393604278566272e+03 1.409650124391617371e-15
6.010903686523439319e+03 1.109157245419273817e-15
6.014413768768312366e+03 1.043414994976368110e-15
6.017923851013185413e+03 9.550569648417725835e-16
6.021433933258058460e+03 8.987169918716264236e-16
6.024944015502931506e+03 8.753227889014099025e-16
6.028454097747804553e+03 1.244209237320683531e-15
6.031964179992677600e+03 1.570557055854135756e-15
6.035474262237550647e+03 1.137449945802580364e-15
6.038984344482423694e+03 9.138175776179208697e-16
6.042494426727296741e+03 1.110636270824298232e-15
6.046004508972169788e+03 9.968333709541835237e-16
6.049514591217042835e+03 1.071800127830043782e-15
6.053024673461915881e+03 1.179230692958845982e-15
6.056534755706788928e+03 1.180827667701775559e-15
6.060044837951661975e+03 1.255581289912282954e-15
6.063554920196535022e+03 1.330912588592817782e-15
6.067065002441408069e+03 1.147296492056174792e-15
6.070575084686281116e+03 1.140656283145293111e-15
6.074085166931154163e+03 1.169485049505093223e-15
6.077595249176027210e+03 9.014622256536776110e-16
6.081105331420900256e+03 1.035109413412066068e-15
6.084615413665773303e+03 1.058155062324487444e-15
6.088125495910646350e+03 7.134396519671809371e-16
6.091635578155519397e+03 9.816012833428278475e-16
6.095145660400392444e+03 1.119375533257594476e-15
6.098655742645265491e+03 1.005725416955340762e-15
6.102165824890138538e+03 9.217729110585332584e-16
6.105675907135011585e+03 9.849352050232207736e-16
6.109185989379884631e+03 1.143579711483622922e-15
6.112696071624757678e+03 1.048572684471317951e-15
6.116206153869631635e+03 9.292923401686649029e-16
6.119716236114504682e+03 9.445343804171508172e-16
6.123226318359377728e+03 1.138540183084815055e-15
6.126736400604250775e+03 1.082910658999178440e-15
6.130246482849123822e+03 8.809444406932182871e-16
6.133756565093996869e+03 7.161325814647391715e-16
6.137266647338869916e+03 6.179218640876816236e-16
6.140776729583742963e+03 7.214860943891823666e-16
6.144286811828616010e+03 7.272476654359653209e-16
6.147796894073489057e+03 7.869632235195974778e-16
6.151306976318362103e+03 9.375519701955783991e-16
6.154817058563235150e+03 1.049486209504931714e-15
6.158327140808108197e+03 1.106069175051821452e-15
6.161837223052981244e+03 7.527368985220969470e-16
6.165347305297854291e+03 6.940645144525676644e-16
6.168857387542727338e+03 7.521777508977907020e-16
6.172367469787600385e+03 8.287488411153098086e-16
6.175877552032473432e+03 8.718182430217044383e-16
6.179387634277346478e+03 7.198548677514481943e-16
6.182897716522219525e+03 9.079869204463774865e-16
6.186407798767092572e+03 1.031367327730214976e-15
6.189917881011965619e+03 9.313035140228018323e-16
6.193427963256838666e+03 7.793653909222856072e-16
6.196938045501711713e+03 6.580428501838024406e-16
6.200448127746584760e+03 8.397867392092174098e-16
6.203958209991457807e+03 1.239077911726216980e-15
6.207468292236330853e+03 1.165449678665255329e-15
6.210978374481203900e+03 8.329468952205797312e-16
6.214488456726076947e+03 6.577534825531966903e-16
6.217998538970949994e+03 8.787045150037634932e-16
6.221508621215823041e+03 1.069036153444034593e-15
6.225018703460696088e+03 9.635035773917924665e-16
6.228528785705569135e+03 8.527328437146113396e-16
6.232038867950442182e+03 7.917526654407285123e-16
6.235548950195315228e+03 8.432994377810401967e-16
6.239059032440188275e+03 7.870573500558611119e-16
6.242569114685061322e+03 8.339456529445109581e-16
6.246079196929934369e+03 1.056593662965342548e-15
6.249589279174807416e+03 1.185492701658778618e-15
6.253099361419680463e+03 8.740544629420149945e-16
6.256609443664553510e+03 6.681944871170860268e-16
6.260119525909426557e+03 6.366640032928999170e-16
6.263629608154299603e+03 7.302023281142251340e-16
6.267139690399172650e+03 1.051523747259551934e-15
6.270649772644045697e+03 1.062748839634802735e-15
6.274159854888918744e+03 9.334885413893627068e-16
6.277669937133791791e+03 1.010600197445907667e-15
6.281180019378664838e+03 9.132324896096049617e-16
6.284690101623537885e+03 9.592615305128245236e-16
6.288200183868410932e+03 9.228142321880640139e-16
6.291710266113283978e+03 9.490355134988601692e-16
6.295220348358157025e+03 9.199894831880893291e-16
6.298730430603030072e+03 6.838305035651635975e-16
6.302240512847903119e+03 6.870632577479188381e-16
6.305750595092776166e+03 7.008260608331435236e-16
6.309260677337649213e+03 7.290762507504097451e-16
6.312770759582522260e+03 5.701877458616391552e-16
6.316280841827395307e+03 7.786108433849596357e-16
6.319790924072268353e+03 8.182918488045410471e-16
6.323301006317141400e+03 8.618722233363668335e-16
6.326811088562014447e+03 6.574841790155290262e-16
6.330321170806887494e+03 6.985051905576667407e-16
6.333831253051760541e+03 1.021740798284669852e-15
6.337341335296633588e+03 1.048506721780550523e-15
6.340851417541506635e+03 1.145041055075873403e-15
6.344361499786379682e+03 1.213896469237293885e-15
6.347871582031252728e+03 9.701403981708851300e-16
6.351381664276125775e+03 7.213448516452277120e-16
6.354891746520998822e+03 9.103267430840490844e-16
6.358401828765871869e+03 1.013113450079529583e-15
6.361911911010744916e+03 9.085731731249958691e-16
6.365421993255617963e+03 9.890211860816571117e-16
6.368932075500491010e+03 1.241450239253239461e-15
6.372442157745364057e+03 1.657400167562566966e-15
6.375952239990237103e+03 1.245980171455155459e-15
6.379462322235110150e+03 6.617199260869517652e-16
6.382972404479983197e+03 7.880940654437411722e-16
6.386482486724856244e+03 9.205916177344687298e-16
6.389992568969729291e+03 8.681024683007774329e-16
6.393502651214602338e+03 8.809361291824233543e-16
6.397012733459475385e+03 9.144126182633670157e-16
6.400522815704348432e+03 1.119337734412323253e-15
6.404032897949221478e+03 1.303990175759931879e-15
6.407542980194094525e+03 1.194442240021230742e-15
6.411053062438967572e+03 1.110959837410149375e-15
6.414563144683840619e+03 9.712038480361629041e-16
6.418073226928713666e+03 8.477633543526295629e-16
6.421583309173586713e+03 9.409501605008442453e-16
6.425093391418459760e+03 9.263760057312683469e-16
6.428603473663332807e+03 9.411186141782294443e-16
6.432113555908205853e+03 8.545255360079158629e-16
6.435623638153078900e+03 9.542136376636625207e-16
6.439133720397951947e+03 9.852417250710084236e-16
6.442643802642824994e+03 7.461019835671356057e-16
6.446153884887698041e+03 8.959674170457205579e-16
6.449663967132571088e+03 1.166641348142923723e-15
6.453174049377444135e+03 8.912961362207314983e-16
6.456684131622317182e+03 6.060898196661639124e-16
6.460194213867190228e+03 8.262397707068649608e-16
6.463704296112063275e+03 9.033494150601601921e-16
6.467214378356936322e+03 9.911644970755657119e-16
6.470724460601809369e+03 1.084689639946649284e-15
6.474234542846682416e+03 8.994517929533695291e-16
6.477744625091555463e+03 9.253933416333349517e-16
6.481254707336428510e+03 7.106348082414667283e-16
6.484764789581301557e+03 4.849431970829136233e-16
6.488274871826174603e+03 5.661540161481365668e-16
6.491784954071047650e+03 7.601186318387405643e-16
6.495295036315920697e+03 6.123045004001687139e-16
6.498805118560793744e+03 7.610367096744458191e-16
6.502315200805666791e+03 9.859335392306783734e-16
6.505825283050539838e+03 5.846192285191619074e-16
6.509335365295412885e+03 6.522470272422148906e-16
6.512845447540285932e+03 8.952802615672605067e-16
6.516355529785158978e+03 5.765925854923025472e-16
6.519865612030032025e+03 4.941318634342874768e-16
6.523375694274905072e+03 8.213484201342673933e-16
6.526885776519778119e+03 7.990090378811784931e-16
6.530395858764651166e+03 8.441798226505926352e-16
6.533905941009524213e+03 8.457146463510174274e-16
6.537416023254397260e+03 9.378277852990280807e-16
6.540926105499270307e+03 8.992602576281716505e-16
6.544436187744143353e+03 7.203945865575267938e-16
6.547946269989016400e+03 4.793418740818393420e-16
6.551456352233889447e+03 3.939145779447436949e-16
6.554966434478762494e+03 6.894125565666878435e-16
6.558476516723635541e+03 7.871665114269385099e-16
6.561986598968508588e+03 8.141633043405051805e-16
6.565496681213381635e+03 8.913488640216980785e-16
6.569006763458254682e+03 8.133992806220818016e-16
6.572516845703127728e+03 9.395573206982029552e-16
6.576026927948000775e+03 1.091515454952098063e-15
6.579537010192873822e+03 7.101257414401668938e-16
6.583047092437746869e+03 9.076736241350118022e-16
6.586557174682619916e+03 1.156073341576505445e-15
6.590067256927492963e+03 1.074431435680689266e-15
6.593577339172366010e+03 8.950254105292553691e-16
6.597087421417239057e+03 7.841637796289220152e-16
6.600597503662112103e+03 9.656273007487958110e-16
6.604107585906985150e+03 9.585306469584624692e-16
6.607617668151858197e+03 8.902108752570619260e-16
6.611127750396731244e+03 9.833436301153299433e-16
6.614637832641604291e+03 8.530065941752520888e-16
6.618147914886477338e+03 5.879833257483007680e-16
6.621657997131350385e+03 5.647668408783300398e-16
6.625168079376223432e+03 4.800684695319059215e-16
6.628678161621096478e+03 3.475591381892556087e-16
6.632188243865969525e+03 3.651281102927470944e-16
6.635698326110842572e+03 4.124333122101236666e-16
6.639208408355715619e+03 3.661962717787939706e-16
6.642718490600588666e+03 3.130442131847577768e-16
6.646228572845461713e+03 6.724877794893628549e-16
6.649738655090334760e+03 5.876496477066417770e-16
6.653248737335207807e+03 6.118817780199296147e-16
6.656758819580080853e+03 8.658969533248048450e-16
6.660268901824953900e+03 9.289585033083283018e-16
6.663778984069826947e+03 9.334666244118525018e-16
6.667289066314699994e+03 9.623434598914092954e-16
6.670799148559573041e+03 1.072801638411053585e-15
6.674309230804446088e+03 8.070474864297402101e-16
6.677819313049319135e+03 8.205289157577988577e-16
6.681329395294192182e+03 8.681262911024189600e-16
6.684839477539065228e+03 6.515716772854571962e-16
6.688349559783938275e+03 8.418453469084005800e-16
6.691859642028811322e+03 8.330020582412696675e-16
6.695369724273684369e+03 8.811549283806109807e-16
6.698879806518557416e+03 1.090126109160364197e-15
6.702389888763430463e+03 7.961587720136677725e-16
6.705899971008303510e+03 4.519862568359920684e-16
6.709410053253176557e+03 4.032166408319312178e-16
6.712920135498049603e+03 5.706387909060520701e-16
6.716430217742922650e+03 6.381759041641896398e-16
6.719940299987795697e+03 9.410663098937364912e-16
6.723450382232668744e+03 1.236322513548798741e-15
6.726960464477541791e+03 1.286433088587481555e-15
6.730470546722414838e+03 1.063549603407313270e-15
6.733980628967287885e+03 7.866096402036780108e-16
6.737490711212160932e+03 6.333029765581948533e-16
6.741000793457033978e+03 6.358630277621525693e-16
6.744510875701907025e+03 4.338812452257866190e-16
6.748020957946780072e+03 8.529990238182860035e-16
6.751531040191653119e+03 1.102464943982135997e-15
6.755041122436526166e+03 7.126850514902957623e-16
6.758551204681399213e+03 6.902737243762494500e-16
6.762061286926272260e+03 6.889413415502184355e-16
6.765571369171145307e+03 7.423162227489417137e-16
6.769081451416018353e+03 6.041061214432535444e-16
6.772591533660891400e+03 5.172130347909343305e-16
6.776101615905764447e+03 6.541647098347986265e-16
6.779611698150637494e+03 6.564972797528593595e-16
6.783121780395510541e+03 9.715917891260053736e-16
6.786631862640383588e+03 1.248001297946422627e-15
6.790141944885256635e+03 1.044779459175276381e-15
6.793652027130129682e+03 9.222688488491506513e-16
6.797162109375002728e+03 8.568422240582155777e-16
6.800672191619875775e+03 6.793635164991404345e-16
6.804182273864748822e+03 8.041652980080298430e-16
6.807692356109621869e+03 9.689022477602361565e-16
6.811202438354494916e+03 1.075099532917836095e-15
6.814712520599367963e+03 1.003749394968514886e-15
6.818222602844241010e+03 8.966641016448372199e-16
6.821732685089114057e+03 8.387219129154003475e-16
6.825242767333987103e+03 6.148391406157088009e-16
6.828752849578860150e+03 7.112342958098859594e-16
6.832262931823733197e+03 9.757464857322877168e-16
6.835773014068606244e+03 1.134665430867600258e-15
6.839283096313479291e+03 1.172193543233057255e-15
6.842793178558352338e+03 1.416258251929621795e-15
6.846303260803225385e+03 1.491392403691683185e-15
6.849813343048098432e+03 1.106864221351938019e-15
6.853323425292971478e+03 8.979033108466702613e-16
6.856833507537844525e+03 1.012690145364139246e-15
6.860343589782717572e+03 1.055355618433811982e-15
6.863853672027590619e+03 7.392355109802186200e-16
6.867363754272463666e+03 7.333190917227657389e-16
6.870873836517336713e+03 8.552559431062450868e-16
6.874383918762209760e+03 9.428887012797541184e-16
6.877894001007082807e+03 8.862993829857599738e-16
6.881404083251955853e+03 1.219722573606745776e-15
6.884914165496828900e+03 9.974745748952550291e-16
6.888424247741701947e+03 7.332097185934515274e-16
6.891934329986574994e+03 7.424371896417214685e-16
6.895444412231448041e+03 2.715387782061294076e-16
6.898954494476321088e+03 7.942735810755451194e-17
6.902464576721194135e+03 4.828139680117531259e-16
6.905974658966067182e+03 5.630049064689226883e-16
6.909484741210940228e+03 4.624378493117220837e-16
6.912994823455813275e+03 5.269756189036321758e-16
6.916504905700686322e+03 9.429015126530813397e-16
6.920014987945559369e+03 1.010558692831492206e-15
6.923525070190432416e+03 9.684420971116402578e-16
6.927035152435305463e+03 8.633827477791172680e-16
6.930545234680178510e+03 8.499149768573330960e-16
6.934055316925051557e+03 8.409135047873024429e-16
6.937565399169924603e+03 5.675868782575356226e-16
6.941075481414797650e+03 3.807857525507592515e-16
6.944585563659670697e+03 3.091194595538753745e-16
6.948095645904543744e+03 3.063214979708576069e-16
6.951605728149416791e+03 1.784609216707553096e-16
6.955115810394289838e+03 2.127522829167372096e-16
6.958625892639162885e+03 5.505083647002839784e-16
6.962135974884035932e+03 8.958351740268304803e-16
6.965646057128908978e+03 1.197749797801140378e-15
6.969156139373782025e+03 8.566391479091113592e-16
6.972666221618655072e+03 5.641269074866794159e-16
6.976176303863528119e+03 5.513512683619204140e-16
6.979686386108401166e+03 2.117125102693131534e-16
6.983196468353275122e+03 7.044827285362199399e-17
6.986706550598148169e+03 1.818184146898835468e-16
6.990216632843021216e+03 4.881773806337673556e-16
6.993726715087894263e+03 5.121479895245904281e-16
6.997236797332767310e+03 5.431568069323862956e-16
7.000746879577640357e+03 1.030742535052496522e-15
7.004256961822513404e+03 1.066628038774990617e-15
7.007767044067386450e+03 9.018836245449366254e-16
7.011277126312259497e+03 9.627358479042248500e-16
7.014787208557132544e+03 8.830164421008799159e-16
7.018297290802005591e+03 4.174961075452014248e-16
7.021807373046878638e+03 3.015862396885712459e-16
7.025317455291751685e+03 2.376052089710236443e-16
7.028827537536624732e+03 -4.558897089117400052e-17
7.032337619781497779e+03 -3.407664368780885522e-16
7.035847702026370825e+03 -1.027536660930926805e-16
7.039357784271243872e+03 4.646505111281871298e-16
7.042867866516116919e+03 6.315643355548369951e-16
7.046377948760989966e+03 1.048890321826538314e-15
7.049888031005863013e+03 1.543868635872928854e-15
7.053398113250736060e+03 1.073293023399579486e-15
7.056908195495609107e+03 6.694559309337844936e-16
7.060418277740482154e+03 3.626591680701784191e-16
7.063928359985355200e+03 -1.549967061334923003e-16
7.067438442230228247e+03 -3.933992642754578599e-16
7.070948524475101294e+03 -3.681259981210964786e-16
7.074458606719974341e+03 -1.784731639438210944e-16
7.077968688964847388e+03 1.006485708434840302e-16
7.081478771209720435e+03 4.985789981656093672e-16
7.084988853454593482e+03 9.515877296480557829e-16
7.088498935699466529e+03 1.293832133139984682e-15
7.092009017944339575e+03 1.553804332344221797e-15
7.095519100189212622e+03 1.507322022935102777e-15
7.099029182434085669e+03 1.190901324664352546e-15
7.102539264678958716e+03 1.167035853738107413e-15
7.106049346923831763e+03 9.536687837203411920e-16
7.109559429168704810e+03 3.974568961999407806e-16
7.113069511413577857e+03 2.142644451771004991e-17
7.116579593658450904e+03 2.960698780625735111e-17
7.120089675903323950e+03 1.305140790609438041e-16
7.123599758148196997e+03 5.236086629382963320e-16
7.127109840393070044e+03 1.277271050834387009e-15
7.130619922637943091e+03 1.784469932727288967e-15
7.134130004882816138e+03 1.906396090319809229e-15
7.137640087127689185e+03 1.896602060108944568e-15
7.141150169372562232e+03 1.716120091356260896e-15
7.144660251617435279e+03 1.309278731845232510e-15
7.148170333862308325e+03 6.460761804632304990e-16
7.151680416107181372e+03 2.713374225926992993e-16
7.155190498352054419e+03 4.905857600006073484e-16
7.158700580596927466e+03 8.112305586397555723e-16
7.162210662841800513e+03 8.855922692934802432e-16
7.165720745086673560e+03 8.493419590685155618e-16
7.169230827331546607e+03 9.948499374290691727e-16
7.172740909576419654e+03 1.663402878301521379e-15
7.176250991821292700e+03 1.814945966411261880e-15
7.179761074066165747e+03 1.862191981901449057e-15
7.183271156311038794e+03 1.524600859784380064e-15
7.186781238555911841e+03 1.434321335408938157e-15
7.190291320800784888e+03 1.219240188343284452e-15
7.193801403045657935e+03 9.197752897315523979e-16
7.197311485290530982e+03 7.785260342111157989e-16
7.200821567535404029e+03 5.623819137362171504e-16
7.204331649780277075e+03 6.272273151066581637e-16
7.207841732025150122e+03 9.547396451239074412e-16
7.211351814270023169e+03 1.112242562929647606e-15
7.214861896514896216e+03 1.381533712740458126e-15
7.218371978759769263e+03 1.854403302193208952e-15
7.221882061004642310e+03 1.985858792200576907e-15
7.225392143249515357e+03 1.890141739820236019e-15
7.228902225494388404e+03 1.396065939379144936e-15
7.232412307739261450e+03 1.084655970386995925e-15
7.235922389984134497e+03 9.178245728540257442e-16
7.239432472229007544e+03 7.357349885070126137e-16
7.242942554473880591e+03 7.338898860500967306e-16
7.246452636718753638e+03 7.512980542425079077e-16
7.249962718963626685e+03 5.583253670726978993e-16
7.253472801208499732e+03 4.812046583515291586e-16
7.256982883453372779e+03 6.801003292841332690e-16
7.260492965698245825e+03 1.232378410509027498e-15
7.264003047943118872e+03 1.243996632050922702e-15
7.267513130187991919e+03 1.131124939027195690e-15
7.271023212432864966e+03 1.453920619017218599e-15
7.274533294677738013e+03 1.323913449470537091e-15
7.278043376922611060e+03 1.253740899076136173e-15
7.281553459167484107e+03 1.400781054159154406e-15
7.285063541412357154e+03 1.170692389092285821e-15
7.288573623657230200e+03 6.646173611017127097e-16
7.292083705902103247e+03 6.159307013869235771e-16
7.295593788146976294e+03 4.609387068742003789e-16
7.299103870391849341e+03 6.019570929769509776e-16
7.302613952636722388e+03 8.132172744175405338e-16
7.306124034881595435e+03 5.441940517158583897e-16
7.309634117126468482e+03 6.217152482024008043e-16
7.313144199371341529e+03 1.082760522409277615e-15
7.316654281616214575e+03 1.339533372292616830e-15
7.320164363861087622e+03 1.665507437538093095e-15
7.323674446105960669e+03 1.714686170455677772e-15
7.327184528350833716e+03 1.524093169411619517e-15
7.330694610595706763e+03 1.188015695171293958e-15
7.334204692840579810e+03 1.013382594798519637e-15
7.337714775085452857e+03 5.462589592225867638e-16
7.341224857330325904e+03 2.451799599205228353e-16
7.344734939575198950e+03 6.689758220713689155e-16
7.348245021820071997e+03 8.638521628505737605e-16
7.351755104064945044e+03 9.625516182381970397e-16
7.355265186309818091e+03 8.663634037809459475e-16
7.358775268554691138e+03 8.129104367323976635e-16
7.362285350799564185e+03 1.122488379338754030e-15
7.365795433044437232e+03 1.041371845628472331e-15
7.369305515289310279e+03 1.057608302557034793e-15
7.372815597534183325e+03 1.070473674234643548e-15
7.376325679779056372e+03 1.314197452169938232e-15
7.379835762023929419e+03 1.640902400969776551e-15
7.383345844268802466e+03 1.539774502122375193e-15
7.386855926513675513e+03 1.260505621830264236e-15
7.390366008758548560e+03 9.404524227652139370e-16
7.393876091003421607e+03 7.650630807892191357e-16
7.397386173248294654e+03 6.276813247663864687e-16
7.400896255493167700e+03 1.108065843466736651e-15
7.404406337738040747e+03 1.169514166262655089e-15
7.407916419982913794e+03 1.017577207832441339e-15
7.411426502227786841e+03 1.194897731988616742e-15
7.414936584472659888e+03 1.374730238228993179e-15
7.418446666717532935e+03 1.341038232202532501e-15
7.421956748962405982e+03 1.526367029358523687e-15
7.425466831207279029e+03 1.698501594295134635e-15
7.428976913452152075e+03 1.560311239445029332e-15
7.432486995697025122e+03 1.249618283842731086e-15
7.435997077941898169e+03 1.354545972491515236e-15
7.439507160186771216e+03 1.352415896387407484e-15
7.443017242431644263e+03 1.080815734762381741e-15
7.446527324676517310e+03 9.226203675222611859e-16
7.450037406921390357e+03 8.785350025351942264e-16
7.453547489166263404e+03 8.216895626537740627e-16
7.457057571411136450e+03 8.237258827985326042e-16
7.460567653656009497e+03 8.957735523799177299e-16
7.464077735900882544e+03 1.099002485051997231e-15
7.467587818145755591e+03 1.244865264338331987e-15
7.471097900390628638e+03 1.480039621099633797e-15
7.474607982635501685e+03 2.060828196054397335e-15
7.478118064880374732e+03 2.499707729762372377e-15
7.481628147125247779e+03 2.291609310555646310e-15
7.485138229370120825e+03 1.861074321927547008e-15
7.488648311614993872e+03 1.473001094945305782e-15
7.492158393859866919e+03 1.075772500594429637e-15
7.495668476104739966e+03 8.233034251160895219e-16
7.499178558349613013e+03 6.681259303879176319e-16
7.502688640594486060e+03 7.649064855730954970e-16
7.506198722839359107e+03 1.090767736617909330e-15
7.509708805084232154e+03 1.160325446971722033e-15
7.513218887329105200e+03 9.745739803750509515e-16
7.516728969573978247e+03 9.947740221011715060e-16
7.520239051818851294e+03 1.294479795707279002e-15
7.523749134063724341e+03 1.654822328666716909e-15
7.527259216308597388e+03 1.904235309271363509e-15
7.530769298553470435e+03 1.670007300070381565e-15
7.534279380798343482e+03 1.255905703531081351e-15
7.537789463043216529e+03 8.866441783348516775e-16
7.541299545288089575e+03 7.761789588538333361e-16
7.544809627532962622e+03 8.314184242672593463e-16
7.548319709777835669e+03 8.072494508481011573e-16
7.551829792022708716e+03 9.001666887608521586e-16
7.555339874267581763e+03 9.029682502338957570e-16
7.558849956512454810e+03 5.666388366313212469e-16
7.562360038757327857e+03 6.099951180090390675e-16
7.565870121002200904e+03 1.024604722558455049e-15
7.569380203247073950e+03 1.421513456092624288e-15
7.572890285491946997e+03 1.421990547400165273e-15
7.576400367736820044e+03 1.554247118817398982e-15
7.579910449981693091e+03 1.193057341152469961e-15
7.583420532226566138e+03 9.727854703069234964e-16
7.586930614471439185e+03 1.037822671700358405e-15
7.590440696716312232e+03 8.414314654345484475e-16
7.593950778961185279e+03 4.392337522986049497e-16
7.597460861206058325e+03 -1.135901093118966672e-16
7.600970943450931372e+03 -3.857320212985854396e-17
7.604481025695804419e+03 4.708180227149417075e-16
7.607991107940677466e+03 1.255347297060603953e-15
7.611501190185550513e+03 1.724847601207413986e-15
7.615011272430423560e+03 1.688561027384394980e-15
7.618521354675296607e+03 1.484318513911807302e-15
7.622031436920169654e+03 1.553289124554054369e-15
7.625541519165042700e+03 1.685361254547023454e-15
7.629051601409915747e+03 1.332980831291775969e-15
7.632561683654788794e+03 1.083959709304352891e-15
7.636071765899661841e+03 1.475663107740289234e-15
7.639581848144534888e+03 1.560829835366985777e-15
7.643091930389407935e+03 1.570449165032479239e-15
7.646602012634280982e+03 7.206870776221255444e-16
7.650112094879154029e+03 1.837063055455255729e-16
7.653622177124027075e+03 5.268595224502991333e-16
7.657132259368900122e+03 8.402350313965517483e-16
7.660642341613773169e+03 1.017628453325750224e-15
7.664152423858646216e+03 1.071410175036951583e-15
7.667662506103519263e+03 1.150499970662690555e-15
7.671172588348392310e+03 1.311312775588945306e-15
7.674682670593265357e+03 1.586870592780898360e-15
7.678192752838138404e+03 1.678852335742966190e-15
7.681702835083011450e+03 1.990883815160163044e-15
7.685212917327884497e+03 1.754333982771638656e-15
7.688722999572757544e+03 9.698225490574279538e-16
7.692233081817630591e+03 8.911713047401298958e-16
7.695743164062503638e+03 4.794844932543332848e-16
7.699253246307376685e+03 1.869738674884570450e-16
7.702763328552249732e+03 2.489382186377105642e-16
7.706273410797122779e+03 2.738339727953925445e-16
7.709783493041995825e+03 3.035445004532843832e-16
7.713293575286868872e+03 3.585347264219808155e-16
7.716803657531741919e+03 8.643312658613644742e-16
7.720313739776614966e+03 8.115073266552709150e-16
7.723823822021488013e+03 1.051232685563051675e-15
7.727333904266361060e+03 1.274335869913914045e-15
7.730843986511234107e+03 1.193225583071618346e-15
7.734354068756107154e+03 1.346856501517222290e-15
7.737864151000980200e+03 1.368375691179573011e-15
7.741374233245853247e+03 1.244298387538382046e-15
7.744884315490726294e+03 1.440214567139459952e-15
7.748394397735599341e+03 1.546634410203950958e-15
7.751904479980472388e+03 1.203407872009680697e-15
7.755414562225345435e+03 1.184628622173460825e-15
7.758924644470218482e+03 9.685865162291471160e-16
7.762434726715091529e+03 6.731160661779887321e-16
7.765944808959964575e+03 2.537249871111018273e-16
7.769454891204837622e+03 -3.101933120425366154e-16
7.772964973449710669e+03 1.001107313917571511e-16
7.776475055694583716e+03 6.425384414799045069e-16
7.779985137939456763e+03 6.342808760957999430e-16
7.783495220184329810e+03 1.028226423682677623e-15
7.787005302429202857e+03 1.021920369269487764e-15
7.790515384674075904e+03 9.633786400320724572e-16
7.794025466918948950e+03 9.762673051157307047e-16
7.797535549163821997e+03 1.056828926366442430e-15
7.801045631408695044e+03 1.220507455511495292e-15
7.804555713653568091e+03 1.606813242370172014e-15
7.808065795898441138e+03 1.681458338484312452e-15
7.811575878143314185e+03 1.509499532884256770e-15
7.815085960388187232e+03 1.300431790348516563e-15
7.818596042633060279e+03 1.176765297686743934e-15
7.822106124877933325e+03 1.109045013553762622e-15
7.825616207122806372e+03 1.355970999546152189e-15
7.829126289367679419e+03 1.477465487972927979e-15
7.832636371612552466e+03 1.295659394965449022e-15
7.836146453857425513e+03 1.145434078363399399e-15
7.839656536102298560e+03 1.036513688159495291e-15
7.843166618347171607e+03 6.771399491334794893e-16
7.846676700592044654e+03 6.135261866079054320e-16
7.850186782836917700e+03 9.819928243226961478e-16
7.853696865081790747e+03 1.005159810704811703e-15
7.857206947326663794e+03 9.999641106063538246e-16
7.860717029571536841e+03 1.342874281994824604e-15
7.864227111816409888e+03 1.459379005208443717e-15
7.867737194061282935e+03 1.550929608400359108e-15
7.871247276306155982e+03 1.793688192292257517e-15
7.874757358551029029e+03 2.051879292966655652e-15
7.878267440795902075e+03 2.010499192394441317e-15
7.881777523040775122e+03 1.778212053312974196e-15
7.885287605285648169e+03 1.569759574334295832e-15
7.888797687530521216e+03 1.170249602619108636e-15
7.892307769775394263e+03 1.282586923732236591e-15
7.895817852020267310e+03 1.173675850890752281e-15
7.899327934265140357e+03 1.016674058952431441e-15
7.902838016510013404e+03 1.002790871309578238e-15
7.906348098754886450e+03 1.076751776560574015e-15
7.909858180999759497e+03 1.010266042948215846e-15
7.913368263244632544e+03 8.064789685034549644e-16
7.916878345489505591e+03 9.743701630721178855e-16
7.920388427734378638e+03 1.231403157949382578e-15
7.923898509979251685e+03 1.114555386392125473e-15
7.927408592224124732e+03 9.546099432038591265e-16
7.930918674468997779e+03 1.627218795465120143e-15
7.934428756713870825e+03 1.723210180641253017e-15
7.937938838958743872e+03 1.445039690323494073e-15
7.941448921203616919e+03 1.478583783221540469e-15
7.944959003448489966e+03 1.862218663439287568e-15
7.948469085693363013e+03 1.765917793600051654e-15
7.951979167938236060e+03 1.412668632178276477e-15
7.955489250183109107e+03 1.371674037476181256e-15
7.958999332427982154e+03 1.299573745972947957e-15
7.962509414672855200e+03 1.353635200314980049e-15
7.966019496917728247e+03 1.617193842897010278e-15
7.969529579162601294e+03 1.313241363730724941e-15
7.973039661407474341e+03 1.658489875449209623e-15
7.976549743652347388e+03 2.079160530131822157e-15
7.980059825897220435e+03 1.870825576974575327e-15
7.983569908142093482e+03 1.537012433560497326e-15
7.987079990386966529e+03 1.438802139699913406e-15
7.990590072631839575e+03 1.127243304667284451e-15
7.994100154876712622e+03 9.408563516019358315e-16
7.997610237121585669e+03 1.027878187262237699e-15
8.001120319366458716e+03 8.630067710296547654e-16
8.004630401611331763e+03 7.082333639568823801e-16
8.008140483856204810e+03 8.060133121407019128e-16
8.011650566101077857e+03 6.778048699970741151e-16
8.015160648345950904e+03 9.174843832465847358e-16
8.018670730590823950e+03 1.246536142705909501e-15
8.022180812835696997e+03 1.079596430834809176e-15
8.025690895080570044e+03 8.178225925517621647e-16
8.029200977325443091e+03 5.763847447828700232e-16
8.032711059570316138e+03 6.848283083770291633e-16
8.036221141815189185e+03 1.153041387141808677e-15
8.039731224060062232e+03 1.677181563254507082e-15
8.043241306304935279e+03 1.472129286284344293e-15
8.046751388549808325e+03 1.350678631812588914e-15
8.050261470794681372e+03 1.685856451183811999e-15
8.053771553039554419e+03 1.380518543753173847e-15
8.057281635284427466e+03 5.912579021828266897e-16
8.060791717529300513e+03 7.411206357438922688e-16
8.064301799774173560e+03 1.048398936838012413e-15
8.067811882019046607e+03 9.055157018227630653e-16
8.071321964263919654e+03 9.322785548242099388e-16
8.074832046508792700e+03 9.964510414576166139e-16
8.078342128753665747e+03 8.171018733927671619e-16
8.081852210998538794e+03 7.326613176996635713e-16
8.085362293243411841e+03 4.980907366110764664e-16
8.088872375488284888e+03 6.597860439892517907e-16
8.092382457733157935e+03 1.087206492470297031e-15
8.095892539978030982e+03 1.224879627826985177e-15
8.099402622222904029e+03 1.009399422364056290e-15
8.102912704467777075e+03 7.693162449756197913e-16
8.106422786712650122e+03 6.021715511312839258e-16
8.109932868957523169e+03 7.445931531902796798e-16
8.113442951202396216e+03 9.121813217220623750e-16
8.116953033447269263e+03 1.142640881340709937e-15
8.120463115692142310e+03 1.049245652147911493e-15
8.123973197937015357e+03 9.177690921959805875e-16
8.127483280181888404e+03 1.088569686119784420e-15
8.130993362426761450e+03 1.333426052984676511e-15
8.134503444671634497e+03 9.050378693613932331e-16
8.138013526916507544e+03 5.156995986724277094e-16
8.141523609161380591e+03 5.391965573270580177e-16
8.145033691406253638e+03 7.517582048911038064e-16
8.148543773651126685e+03 7.567208121103891419e-16
8.152053855895999732e+03 3.891074012712795235e-16
8.155563938140872779e+03 4.307411882111965209e-16
8.159074020385745825e+03 6.927045501161916818e-16
8.162584102630618872e+03 4.915784296752301850e-16
8.166094184875491919e+03 5.683656721129767483e-16
8.169604267120364966e+03 8.759675927325072387e-16
8.173114349365238013e+03 5.878401242406555878e-16
8.176624431610111060e+03 5.888255941352267629e-16
8.180134513854984107e+03 9.645846031907257673e-16
8.183644596099857154e+03 1.029044022235014837e-15
8.187154678344730200e+03 1.294419868126260760e-15
8.190664760589603247e+03 9.814346296104555639e-16
8.194174842834476294e+03 8.437323245566463476e-16
8.197684925079349341e+03 1.311406055092261685e-15
8.201195007324222388e+03 1.309019539763372694e-15
8.204705089569095435e+03 1.206756616766650574e-15
8.208215171813968482e+03 1.344579041680292290e-15
8.211725254058841529e+03 8.798373686311569165e-16
8.215235336303714575e+03 3.760237597910751767e-16
8.218745418548587622e+03 7.955030096938153338e-16
8.222255500793460669e+03 6.375628111290551365e-16
8.225765583038333716e+03 3.106840882261316774e-16
8.229275665283206763e+03 6.574004815724284606e-16
8.232785747528079810e+03 9.554741285682953264e-16
8.236295829772952857e+03 8.274752211999945612e-16
8.239805912017825904e+03 7.785623507487293270e-16
8.243315994262698950e+03 8.115907064610162602e-16
8.246826076507571997e+03 6.476697141348118549e-16
8.250336158752445044e+03 6.063257183419742350e-16
8.253846240997318091e+03 1.018337208144365260e-15
8.257356323242191138e+03 1.553188857028923141e-15
8.260866405487064185e+03 1.322895527626174236e-15
8.264376487731937232e+03 1.068842924052942206e-15
8.267886569976810279e+03 7.929388292042397531e-16
8.271396652221683325e+03 3.361484926589969119e-16
8.274906734466556372e+03 9.378794807785901947e-17
8.278416816711429419e+03 -2.208985428776166380e-16
8.281926898956302466e+03 1.845606706217295433e-16
8.285436981201175513e+03 5.340418853869827696e-16
8.288947063446048560e+03 7.543125915622267592e-16
8.292457145690921607e+03 6.956987586451764301e-16
8.295967227935794654e+03 4.033110585357704706e-16
8.299477310180667700e+03 5.071482187347443101e-16
8.302987392425540747e+03 6.782787849310628961e-16
8.306497474670413794e+03 3.226766189213744768e-16
8.310007556915286841e+03 5.150188488806312689e-16
8.313517639160159888e+03 4.043161954765857064e-16
8.317027721405032935e+03 8.636504631300088303e-16
8.320537803649905982e+03 1.275816483505714562e-15
8.324047885894779029e+03 1.048772478367751559e-15
8.327557968139652075e+03 6.860217777997104725e-16
8.331068050384525122e+03 9.235860909612494951e-16
8.334578132629398169e+03 1.042417084285384137e-15
8.338088214874271216e+03 7.811058318706563808e-16
8.341598297119144263e+03 7.802398465612072655e-16
8.345108379364017310e+03 1.068463876809045907e-15
8.348618461608890357e+03 1.040591834163169527e-15
8.352128543853763404e+03 6.736267211660646684e-16
8.355638626098636450e+03 8.411170044528802885e-16
8.359148708343509497e+03 1.319412501677284951e-16
8.362658790588382544e+03 -4.123490059620922620e-16
8.366168872833255591e+03 2.921316314615391438e-16
8.369678955078128638e+03 7.086904970506036853e-16
8.373189037323001685e+03 3.160066844480000905e-16
8.376699119567874732e+03 -6.682039103586242309e-17
8.380209201812747779e+03 3.854595744745900740e-16
8.383719284057620825e+03 8.044041083595963523e-16
8.387229366302493872e+03 9.138108013543428353e-16
8.390739448547366919e+03 1.100223377166345898e-15
8.394249530792239966e+03 1.038776536678085154e-15
8.397759613037113013e+03 1.106691638388934956e-15
8.401269695281986060e+03 1.392129036119425355e-15
8.404779777526859107e+03 1.714388967770309920e-15
8.408289859771732154e+03 1.490699424861710760e-15
8.411799942016605200e+03 1.281149508820746043e-15
8.415310024261478247e+03 1.044750236538596107e-15
8.418820106506351294e+03 7.103947802800385410e-16
8.422330188751224341e+03 5.542318685968546793e-16
8.425840270996097388e+03 2.990317736081094880e-16
8.429350353240970435e+03 -1.451087017943918678e-19
8.432860435485843482e+03 -3.385648129597174137e-16
8.436370517730716529e+03 -9.800136259623180683e-16
8.439880599975589575e+03 -6.081453039313540823e-16
8.443390682220462622e+03 -2.141303525823607529e-16
8.446900764465335669e+03 2.828804964303052857e-16
8.450410846710208716e+03 8.679907658308582720e-16
8.453920928955081763e+03 1.190506607310932042e-15
8.457431011199954810e+03 1.480309612851571106e-15
8.460941093444827857e+03 1.642998913393349351e-15
8.464451175689700904e+03 1.614369093897035593e-15
8.467961257934573950e+03 2.084329760450678339e-15
8.471471340179446997e+03 2.035577508622036201e-15
8.474981422424320044e+03 1.657088988833569417e-15
8.478491504669193091e+03 1.353184472907922355e-15
8.482001586914066138e+03 9.957566861991049012e-16
8.485511669158939185e+03 5.631763777011824807e-16
8.489021751403812232e+03 3.853631980070602956e-16
8.492531833648685279e+03 -3.621252990853917946e-16
8.496041915893558325e+03 -1.180121453982002286e-15
8.499551998138431372e+03 -1.404734580440463853e-15
8.503062080383304419e+03 -1.340178811398424607e-15
8.506572162628177466e+03 -1.393415679166304637e-15
8.510082244873050513e+03 -1.195411457471126475e-15
8.513592327117923560e+03 -8.283292951086229129e-16
8.517102409362796607e+03 -7.005033412802396352e-16
8.520612491607669654e+03 -3.463101351689699394e-16
8.524122573852542700e+03 2.154139118999164374e-16
8.527632656097415747e+03 5.165643663720151466e-16
8.531142738342288794e+03 2.607163705879592206e-16
8.534652820587161841e+03 4.394755007957072473e-16
8.538162902832034888e+03 8.216168766389878031e-16
8.541672985076907935e+03 6.381124825722639740e-16
8.545183067321780982e+03 6.735215302619275250e-16
8.548693149566654029e+03 5.241854923753765105e-16
8.552203231811527075e+03 6.452091363625973158e-16
8.555713314056400122e+03 6.971485084739613685e-16
8.559223396301273169e+03 6.833390656370784931e-16
8.562733478546146216e+03 8.105119041235695019e-16
8.566243560791019263e+03 1.094755991250056203e-15
8.569753643035892310e+03 1.004187416881363766e-15
8.573263725280765357e+03 1.041714999851228729e-15
8.576773807525638404e+03 7.157126119415786487e-16
8.580283889770511450e+03 8.634267405528152882e-16
8.583793972015384497e+03 1.088191274150598561e-15
8.587304054260257544e+03 1.375862086004761738e-15
8.590814136505130591e+03 8.976091786557362055e-16
8.594324218750003638e+03 6.065318649855122504e-16
8.597834300994876685e+03 6.846599076392031677e-16
8.601344383239749732e+03 7.749637842118786354e-16
8.604854465484622779e+03 8.477778597918512928e-16
8.608364547729495825e+03 8.728248358003977674e-16
8.611874629974368872e+03 5.743788119450942298e-16
8.615384712219241919e+03 6.046580163479489244e-16
8.618894794464114966e+03 3.377339530477997502e-16
8.622404876708988013e+03 1.771508661038183265e-16
8.625914958953861060e+03 6.652108135603827539e-16
8.629425041198734107e+03 5.120943617511173902e-16
8.632935123443607154e+03 8.770195017738786729e-17
8.636445205688480200e+03 6.045673176481437100e-17
8.639955287933353247e+03 4.844296833586407038e-16
8.643465370178226294e+03 7.597917300606596078e-16
8.646975452423099341e+03 1.312748814071896565e-15
8.650485534667972388e+03 1.509937131280632023e-15
8.653995616912845435e+03 1.237951569664605574e-15
8.657505699157718482e+03 1.072763733686663955e-15
8.661015781402591529e+03 1.019197052464946782e-15
8.664525863647464575e+03 1.027150585960546255e-15
8.668035945892337622e+03 1.192457747704932323e-15
8.671546028137210669e+03 1.369377413518819628e-15
8.675056110382083716e+03 1.153939559703253456e-15
8.678566192626956763e+03 1.561817475783484292e-15
8.682076274871829810e+03 1.590170103747809080e-15
8.685586357116702857e+03 1.144055532241743025e-15
8.689096439361575904e+03 6.682293213470418599e-16
8.692606521606448950e+03 5.137547051464134290e-16
8.696116603851321997e+03 7.734282193576249957e-16
8.699626686096195044e+03 9.463454427374989181e-16
8.703136768341068091e+03 9.537961562997845574e-16
8.706646850585941138e+03 1.176006991440714522e-15
8.710156932830814185e+03 1.248530587659338158e-15
8.713667015075687232e+03 1.334977923223164796e-15
8.717177097320560279e+03 1.590906387137209881e-15
8.720687179565433325e+03 1.631856936126047878e-15
8.724197261810306372e+03 1.749758946065281366e-15
8.727707344055179419e+03 1.774577223178069180e-15
8.731217426300052466e+03 2.299642994543879722e-15
8.734727508544925513e+03 2.232859952367035293e-15
8.738237590789798560e+03 2.137220191743131360e-15
8.741747673034671607e+03 1.720507510264801358e-15
8.745257755279544654e+03 2.117728481319152214e-15
8.748767837524417700e+03 2.398369554985815139e-15
8.752277919769290747e+03 2.270180012264822952e-15
8.755788002014163794e+03 1.791228196855194216e-15
8.759298084259036841e+03 1.473170395655638235e-15
8.762808166503909888e+03 9.348654993242429788e-16
8.766318248748782935e+03 8.750570852537680692e-16
8.769828330993655982e+03 1.032874516980735596e-15
8.773338413238529029e+03 1.217848301452708823e-15
8.776848495483402075e+03 1.227852925230084585e-15
8.780358577728275122e+03 1.269415667281550628e-15
8.783868659973148169e+03 9.518655564547551934e-16
8.787378742218021216e+03 9.569442601273735714e-16
8.790888824462894263e+03 1.263989891858794800e-15
8.794398906707767310e+03 1.482741867959611829e-15
8.797908988952640357e+03 1.352865565003281111e-15
8.801419071197513404e+03 1.482515498404458117e-15
8.804929153442386450e+03 2.037779370768423755e-15
8.808439235687259497e+03 2.365672177397667823e-15
8.811949317932132544e+03 2.582160669705184548e-15
8.815459400177005591e+03 2.748318887803324374e-15
8.818969482421878638e+03 2.725095573730216408e-15
8.822479564666751685e+03 2.554617487601079651e-15
8.825989646911624732e+03 3.101566566917441856e-15
8.829499729156497779e+03 3.534135069893661919e-15
8.833009811401370825e+03 2.876741999859521934e-15
8.836519893646243872e+03 2.247320710600797522e-15
8.840029975891116919e+03 2.075185616268594539e-15
8.843540058135989966e+03 1.926728269185701455e-15
8.847050140380863013e+03 1.707235245135155319e-15
8.850560222625736060e+03 1.506068625931403226e-15
8.854070304870609107e+03 1.484444827700066600e-15
8.857580387115482154e+03 1.612018259831049689e-15
8.861090469360355200e+03 1.427394829361884523e-15
8.864600551605228247e+03 1.245694509593693947e-15
8.868110633850101294e+03 1.129335264288765760e-15
8.871620716094974341e+03 1.390692574120000469e-15
8.875130798339847388e+03 1.608290361951065107e-15
8.878640880584720435e+03 1.627864340450046327e-15
8.882150962829593482e+03 1.791324335094707579e-15
8.885661045074466529e+03 1.883330112616653750e-15
8.889171127319339575e+03 2.115569606094837816e-15
8.892681209564212622e+03 2.446493520125831399e-15
8.896191291809085669e+03 2.378339978640329512e-15
8.899701374053958716e+03 2.364304219187852128e-15
8.903211456298831763e+03 2.237341815449194610e-15
8.906721538543704810e+03 2.757768810879366976e-15
8.910231620788577857e+03 2.964543105831297758e-15
8.913741703033450904e+03 2.549815234306621395e-15
8.917251785278323950e+03 2.353800163608951550e-15
8.920761867523196997e+03 1.954850186551017853e-15
8.924271949768070044e+03 2.042637316479163981e-15
8.927782032012943091e+03 1.858644396160111234e-15
8.931292114257816138e+03 1.253067190245713784e-15
8.934802196502689185e+03 1.276115486136095330e-15
8.938312278747562232e+03 1.226261773838667381e-15
8.941822360992435279e+03 9.765377203841416401e-16
8.945332443237308325e+03 7.504441920921163696e-16
8.948842525482181372e+03 8.803601997178496334e-16
8.952352607727054419e+03 7.985208822057639991e-16
8.955862689971927466e+03 7.465294705077030104e-16
8.959372772216800513e+03 7.196406742949112631e-16
8.962882854461673560e+03 8.297625807344955959e-16
8.966392936706546607e+03 9.298466173535244357e-16
8.969903018951419654e+03 1.288653903096063924e-15
8.973413101196292700e+03 1.709016131906757486e-15
8.976923183441165747e+03 1.974353967194495373e-15
8.980433265686038794e+03 2.234847938694241136e-15
8.983943347930911841e+03 2.188872896141409036e-15
8.987453430175784888e+03 2.203327936902777298e-15
8.990963512420657935e+03 2.279490386662805408e-15
8.994473594665530982e+03 2.590234799516649353e-15
8.997983676910404029e+03 2.604344886110248301e-15
9.001493759155277075e+03 1.908229916650614789e-15
9.005003841400150122e+03 1.442459627966157475e-15
9.008513923645023169e+03 1.120690022512614743e-15
9.012024005889896216e+03 1.512079912878948589e-15
9.015534088134769263e+03 1.433824550585373510e-15
9.019044170379642310e+03 1.578188716829778595e-15
9.022554252624515357e+03 1.567007670167785017e-15
9.026064334869388404e+03 1.134458225432878175e-15
9.029574417114261450e+03 7.866367452579901484e-16
9.033084499359134497e+03 5.611436045068905667e-16
9.036594581604007544e+03 1.638043135377201254e-16
9.040104663848880591e+03 -5.098734016587472121e-17
9.043614746093753638e+03 2.045659477095408121e-16
9.047124828338626685e+03 -2.636437958630088877e-16
9.050634910583499732e+03 -6.730422684324592012e-16
9.054144992828372779e+03 -2.429011765946127504e-16
9.057655075073245825e+03 1.134938069597497736e-15
9.061165157318118872e+03 1.832278378094453000e-15
9.064675239562991919e+03 2.061038048467079588e-15
9.068185321807864966e+03 2.255705913262141468e-15
9.071695404052738013e+03 2.208796381610251061e-15
9.075205486297611060e+03 1.800324271917521333e-15
9.078715568542484107e+03 2.050812666727825674e-15
9.082225650787357154e+03 2.061915998116908670e-15
9.085735733032230200e+03 2.059646585092977586e-15
9.089245815277103247e+03 2.488146577065298432e-15
9.092755897521976294e+03 2.158649913550428345e-15
9.096265979766849341e+03 1.767883439433273664e-15
9.099776062011722388e+03 1.389970902048939805e-15
9.103286144256595435e+03 9.640858066639113912e-16
9.106796226501468482e+03 9.489934794888526745e-16
9.110306308746341529e+03 7.532989048826001753e-16
9.113816390991214575e+03 2.397129181113679623e-16
9.117326473236087622e+03 -1.875892766293066967e-16
9.120836555480960669e+03 4.374098653700398266e-17
9.124346637725833716e+03 -5.258811332217714122e-17
9.127856719970706763e+03 -9.133183046350736630e-17
9.131366802215579810e+03 -2.742939910950904347e-16
9.134876884460452857e+03 -1.166041331178912458e-15
9.138386966705325904e+03 -1.252327201087168745e-15
9.141897048950198950e+03 -1.176772603345914003e-15
9.145407131195071997e+03 -4.065475184876699488e-16
9.148917213439945044e+03 4.349202634844920269e-16
9.152427295684818091e+03 9.671659360974832476e-16
9.155937377929691138e+03 1.618284397816600190e-15
9.159447460174564185e+03 1.852295037187492999e-15
9.162957542419437232e+03 1.238030449607818630e-15
9.166467624664310279e+03 1.690173248720375134e-15
9.169977706909183325e+03 1.787939379679242581e-15
9.173487789154056372e+03 1.763692108652022573e-15
9.176997871398929419e+03 1.808236194919586939e-15
9.180507953643802466e+03 1.417324137014622926e-15
9.184018035888675513e+03 9.308349989238517974e-16
9.187528118133548560e+03 1.280594490482057663e-15
9.191038200378421607e+03 1.120201072743812198e-15
9.194548282623294654e+03 5.933442502110324382e-16
9.198058364868167700e+03 4.048297356706382277e-16
9.201568447113040747e+03 3.228002327921144013e-16
9.205078529357913794e+03 2.598781256075326836e-16
9.208588611602786841e+03 3.258907913188493263e-16
9.212098693847659888e+03 3.436009267569566615e-16
9.215608776092532935e+03 2.667115639095067516e-16
9.219118858337405982e+03 6.588981946418516738e-16
9.222628940582279029e+03 4.262850537548100536e-16
9.226139022827152075e+03 6.324630375118738077e-16
9.229649105072025122e+03 1.233611690480229759e-15
9.233159187316898169e+03 9.605687141086747226e-16
9.236669269561771216e+03 1.673847535694995749e-15
9.240179351806644263e+03 2.138363050947214225e-15
9.243689434051517310e+03 2.196397301570105799e-15
9.247199516296390357e+03 2.029398403271816080e-15
9.250709598541263404e+03 1.392464567045656465e-15
9.254219680786136450e+03 1.770846995957479648e-15
9.257729763031009497e+03 1.342125398990333396e-15
9.261239845275882544e+03 1.043247600090166979e-15
9.264749927520755591e+03 8.557814741104571767e-16
9.268260009765628638e+03 1.367865989103562736e-15
9.271770092010501685e+03 1.325497083444547412e-15
9.275280174255374732e+03 1.187416631119348354e-15
9.278790256500247779e+03 1.255137021131448073e-15
9.282300338745120825e+03 5.671373684603396061e-16
9.285810420989993872e+03 -1.403711933740442095e-17
9.289320503234866919e+03 5.804115394141169670e-16
9.292830585479741785e+03 9.059126426376701118e-16
9.296340667724614832e+03 -2.795750942830719629e-18
9.299850749969487879e+03 -4.747111449592000820e-16
9.303360832214360926e+03 -1.455329327452731106e-17
9.306870914459233973e+03 2.409485538929547746e-16
9.310380996704107019e+03 4.945152517220384545e-16
9.313891078948980066e+03 4.147857609326652739e-16
9.317401161193853113e+03 1.456396496322042919e-15
9.320911243438726160e+03 2.935489452224001629e-15
9.324421325683599207e+03 3.465464414793861282e-15
9.327931407928472254e+03 3.460974081382229423e-15
9.331441490173345301e+03 3.130396392068426036e-15
9.334951572418218348e+03 2.281434327276754027e-15
9.338461654663091394e+03 1.794666091829862607e-15
9.341971736907964441e+03 1.854121240221773270e-15
9.345481819152837488e+03 2.251010174360800441e-15
9.348991901397710535e+03 2.835749628618913255e-15
9.352501983642583582e+03 1.598346512787654841e-15
9.356012065887456629e+03 2.245199263644839923e-16
9.359522148132329676e+03 1.582773388535910902e-15
9.363032230377202723e+03 1.966161676286888593e-15
9.366542312622075769e+03 8.555852801040493994e-16
9.370052394866948816e+03 4.989410518110013772e-16
9.373562477111821863e+03 2.904275599903411017e-16
9.377072559356694910e+03 -1.153562206525251665e-15
9.380582641601567957e+03 -9.599730381885181359e-16
9.384092723846441004e+03 -4.529220694240304601e-16
9.387602806091314051e+03 7.384215520225766399e-17
9.391112888336187098e+03 7.930561432674344737e-16
9.394622970581060144e+03 8.734172294678837437e-16
9.398133052825933191e+03 7.141278132972658527e-16
9.401643135070806238e+03 2.731135183341935587e-16
9.405153217315679285e+03 1.516171505530660487e-15
9.408663299560552332e+03 2.082796630816148055e-15
9.412173381805425379e+03 2.136285067369362613e-15
9.415683464050298426e+03 3.151936228158866080e-15
9.419193546295171473e+03 4.369302991381060833e-15
9.422703628540044519e+03 3.880470960158184310e-15
9.426213710784917566e+03 3.678025003566723003e-15
9.429723793029790613e+03 4.391496101632070756e-15
9.433233875274663660e+03 3.542554577389369665e-15
9.436743957519536707e+03 3.266987866351470440e-15
9.440254039764409754e+03 3.439469397159100432e-15
9.443764122009282801e+03 2.476463875140293494e-15
9.447274204254155848e+03 2.288969108859054656e-15
9.450784286499028894e+03 1.823725039393079075e-15
9.454294368743901941e+03 2.850309542647063441e-16
9.457804450988774988e+03 1.214331103018353748e-15
9.461314533233648035e+03 1.497951720956102080e-15
9.464824615478521082e+03 2.096636302141336068e-16
9.468334697723394129e+03 -4.487971976419143289e-17
9.471844779968267176e+03 -2.204536388220713168e-16
9.475354862213140223e+03 -1.211026933370233129e-15
9.478864944458013269e+03 -1.724549551489098879e-15
9.482375026702886316e+03 -1.305397415122676492e-15
9.485885108947759363e+03 -8.585005557502618876e-16
9.489395191192632410e+03 -6.929070968697038663e-16
9.492905273437505457e+03 -7.113703504770386814e-16
9.496415355682378504e+03 -1.126650169845969628e-16
9.499925437927251551e+03 9.720018589515948618e-16
9.503435520172124598e+03 1.593969152395363024e-15
9.506945602416997644e+03 2.094859438776233360e-15
9.510455684661870691e+03 2.279812894457472483e-15
9.513965766906743738e+03 1.722938494823421200e-15
9.517475849151616785e+03 1.713783762729496722e-15
9.520985931396489832e+03 3.336831026808507843e-15
9.524496013641362879e+03 3.182366098547213633e-15
9.528006095886235926e+03 3.104627320472345270e-15
9.531516178131108973e+03 3.034206695303517248e-15
9.535026260375982019e+03 3.699643825479494511e-15
9.538536342620855066e+03 3.603734708378363710e-15
9.542046424865728113e+03 2.930493016626385325e-15
9.545556507110601160e+03 2.195427660603736439e-15
9.549066589355474207e+03 1.626210190983177085e-15
9.552576671600347254e+03 1.497649436073050701e-15
9.556086753845220301e+03 1.275312393022979846e-15
9.559596836090093348e+03 9.554708463156247160e-16
9.563106918334966394e+03 7.895997723866040978e-16
9.566617000579839441e+03 4.960594986640014508e-16
9.570127082824712488e+03 -2.897231726853603459e-16
9.573637165069585535e+03 -6.305717717593325652e-16
9.577147247314458582e+03 4.019440002984612332e-16
9.580657329559331629e+03 1.038758325469719187e-15
9.584167411804204676e+03 6.018720720448703272e-16
9.587677494049077723e+03 3.300779134051437481e-16
9.591187576293950769e+03 4.568168327946241399e-16
9.594697658538823816e+03 7.778323142273145269e-16
9.598207740783696863e+03 1.457950484142899340e-15
9.601717823028569910e+03 1.513416319111479062e-15
9.605227905273442957e+03 2.391741098657076611e-15
9.608737987518316004e+03 2.766457039577591148e-15
9.612248069763189051e+03 2.636040858996504220e-15
9.615758152008062098e+03 2.894031424620639899e-15
9.619268234252935144e+03 2.409623022964798959e-15
9.622778316497808191e+03 2.543091910287790386e-15
9.626288398742681238e+03 1.406785141326648107e-15
9.629798480987554285e+03 6.996853192114287946e-16
9.633308563232427332e+03 1.320723946907651023e-15
9.636818645477300379e+03 2.098782048354968024e-15
9.640328727722173426e+03 8.033679753068675294e-16
9.643838809967046473e+03 1.664578162985616322e-16
9.647348892211919519e+03 7.825732635122152527e-16
9.650858974456792566e+03 8.343224767269207150e-16
9.654369056701665613e+03 5.139914508551710060e-16
9.657879138946538660e+03 6.230086145732989175e-16
9.661389221191411707e+03 9.949152648451261606e-16
9.664899303436284754e+03 3.815775430679848104e-16
9.668409385681157801e+03 1.657581670841295801e-16
9.671919467926030848e+03 1.239123836793825924e-17
9.675429550170903894e+03 -2.461460804062051699e-16
9.678939632415776941e+03 -3.142611679193906915e-17
9.682449714660649988e+03 8.765585967365641259e-17
9.685959796905523035e+03 4.708495746922269302e-16
9.689469879150396082e+03 5.037680808191668212e-16
9.692979961395269129e+03 9.822018297024311465e-16
9.696490043640142176e+03 1.123015869106656645e-15
9.700000125885015223e+03 1.079508233529176322e-15
