4020.  4.623286E-16
4029.19999977395  4.572514E-16
4038.39999954789  5.709342E-16
4047.59999932183  4.624321E-16
4056.79999909578  4.919146E-16
4065.99999886972  4.465460E-16
4075.19999864366  6.288708E-16
4084.39999841761  7.055256E-16
4093.59999819155  6.122612E-16
4102.7999979655  6.173704E-16
4111.99999773944  5.571284E-16
4121.19999751338  5.228595E-16
4130.39999728733  5.135261E-16
4139.59999706127  4.196830E-16
4148.79999683522  4.315595E-16
4157.99999660916  3.820838E-16
4167.1999963831  4.181543E-16
4176.39999615705  3.730044E-16
4185.59999593099  3.773845E-16
4194.79999570494  4.103706E-16
4203.99999547888  3.791983E-16
4213.19999525282  3.260434E-16
4222.39999502677  3.850778E-16
4231.59999480071  4.090843E-16
4240.79999457465  4.115871E-16
4249.9999943486  3.419660E-16
4259.19999412254  3.577127E-16
4268.39999389649  3.353075E-16
4277.59999367043  3.472037E-16
4286.79999344437  3.494310E-16
4295.99999321832  3.377441E-16
4305.19999299226  3.945590E-16
4314.39999276621  3.845706E-16
4323.59999254015  4.488783E-16
4332.79999231409  3.633612E-16
4341.99999208804  3.582556E-16
4351.19999186198  3.344983E-16
4360.39999163592  3.499402E-16
4369.59999140987  3.324823E-16
4378.79999118381  3.626574E-16
4387.99999095776  3.759240E-16
4397.1999907317  3.497125E-16
4406.39999050565  3.243749E-16
4415.59999027959  3.205712E-16
4424.79999005353  3.490512E-16
4433.99998982748  3.362785E-16
4443.19998960142  3.008502E-16
4452.39998937536  2.813776E-16
4461.59998914931  2.726778E-16
4470.79998892325  2.699063E-16
4479.9999886972  2.663591E-16
4489.19998847114  2.710390E-16
4498.39998824509  2.699361E-16
4507.59998801903  2.879122E-16
4516.79998779297  2.719075E-16
4525.99998756692  2.947694E-16
4535.19998734086  2.940904E-16
4544.3999871148  3.042752E-16
4553.59998688875  2.911781E-16
4562.79998666269  3.328887E-16
4571.99998643664  3.586543E-16
4581.19998621058  3.885746E-16
4590.39998598452  3.974137E-16
4599.59998575847  4.279165E-16
4608.79998553241  4.321554E-16
4617.99998530636  5.070738E-16
4627.1999850803  5.130192E-16
4636.39998485424  5.761485E-16
4645.59998462819  6.264491E-16
4654.79998440213  6.384198E-16
4663.99998417607  6.685913E-16
4673.19998395002  6.956146E-16
4682.39998372396  6.936011E-16
4691.59998349791  7.017978E-16
4700.79998327185  6.951420E-16
4709.9999830458  7.047057E-16
4719.19998281974  6.755918E-16
4728.39998259368  7.021877E-16
4737.59998236763  7.045069E-16
4746.79998214157  7.122363E-16
4755.99998191551  7.017952E-16
4765.19998168946  7.034575E-16
4774.3999814634  6.796315E-16
4783.59998123735  6.386520E-16
4792.79998101129  6.020610E-16
4801.99998078523  5.759779E-16
4811.19998055918  5.544971E-16
4820.39998033312  5.163215E-16
4829.59998010707  4.922720E-16
4838.79997988101  4.619444E-16
4847.99997965495  4.096503E-16
4857.1999794289  3.618614E-16
4866.39997920284  3.217995E-16
4875.59997897679  2.870787E-16
4884.79997875073  2.895189E-16
4893.99997852467  2.854538E-16
4903.19997829862  2.921930E-16
4912.39997807256  3.043539E-16
4921.59997784651  3.003427E-16
4930.79997762045  3.338761E-16
4939.99997739439  3.061383E-16
4949.19997716834  2.683440E-16
4958.39997694228  2.763643E-16
4967.59997671622  2.703773E-16
4976.79997649017  2.872582E-16
4985.99997626411  2.968383E-16
4995.19997603806  3.479188E-16
5004.399975812  3.898689E-16
5013.59997558594  4.279231E-16
5022.79997535989  4.957212E-16
5031.99997513383  5.644798E-16
5041.19997490778  5.803494E-16
5050.39997468172  6.158647E-16
5059.59997445566  6.054622E-16
5068.79997422961  6.008241E-16
5077.99997400355  5.816320E-16
5087.1999737775  5.194244E-16
5096.39997355144  4.742228E-16
5105.59997332538  4.068182E-16
5114.79997309933  3.833683E-16
5123.99997287327  3.547045E-16
5133.19997264721  3.537715E-16
5142.39997242116  3.530812E-16
5151.5999721951  3.632228E-16
5160.79997196905  3.706438E-16
5169.99997174299  3.798161E-16
5179.19997151694  3.988476E-16
5188.39997129088  3.928247E-16
5197.59997106482  3.926102E-16
5206.79997083877  4.067367E-16
5215.99997061271  4.060599E-16
5225.19997038665  4.066951E-16
5234.3999701606  3.905428E-16
5243.59996993454  3.826000E-16
5252.79996970849  3.823381E-16
5261.99996948243  3.675066E-16
5271.19996925637  3.769155E-16
5280.39996903032  3.758859E-16
5289.59996880426  3.887671E-16
5298.79996857821  4.185565E-16
5307.99996835215  4.162480E-16
5317.19996812609  4.522543E-16
5326.39996790004  4.761251E-16
5335.59996767398  5.025486E-16
5344.79996744792  5.370580E-16
5353.99996722187  5.415316E-16
5363.19996699581  5.637469E-16
5372.39996676976  5.963621E-16
5381.5999665437  5.927487E-16
5390.79996631765  6.110387E-16
5399.99996609159  6.266281E-16
5409.19996586553  6.226362E-16
5418.39996563948  6.178536E-16
5427.59996541342  6.192677E-16
5436.79996518736  6.408092E-16
5445.99996496131  6.283888E-16
5455.19996473525  6.454033E-16
5464.3999645092  6.418226E-16
5473.59996428314  6.347851E-16
5482.79996405708  6.280433E-16
5491.99996383103  6.009734E-16
5501.19996360497  6.016963E-16
5510.39996337892  5.821817E-16
5519.59996315286  5.619801E-16
5528.7999629268  5.727367E-16
5537.99996270075  5.907433E-16
5547.19996247469  5.968352E-16
5556.39996224864  6.283064E-16
5565.59996202258  6.471764E-16
5574.79996179652  6.418921E-16
5583.99996157047  6.246815E-16
5593.19996134441  6.378518E-16
5602.39996111836  6.206629E-16
5611.5999608923  6.340320E-16
5620.79996066624  6.205596E-16
5629.99996044019  6.149795E-16
5639.19996021413  5.920425E-16
5648.39995998807  5.682476E-16
5657.59995976202  5.747479E-16
5666.79995953596  5.605560E-16
5675.99995930991  5.403988E-16
5685.19995908385  5.169095E-16
5694.3999588578  5.220070E-16
5703.59995863174  4.975292E-16
5712.79995840568  4.742820E-16
5721.99995817963  4.303644E-16
5731.19995795357  3.941193E-16
5740.39995772751  3.616366E-16
5749.59995750146  3.312133E-16
5758.7999572754  3.137451E-16
5767.99995704935  2.895620E-16
5777.19995682329  2.622824E-16
5786.39995659723  2.663768E-16
5795.59995637118  2.901826E-16
5804.79995614512  2.860736E-16
5813.99995591907  3.049225E-16
5823.19995569301  3.119574E-16
5832.39995546695  3.242843E-16
5841.5999552409  3.629635E-16
5850.79995501484  3.753591E-16
5859.99995478878  3.971783E-16
5869.19995456273  4.349218E-16
5878.39995433667  4.721340E-16
5887.59995411062  5.120043E-16
5896.79995388456  5.324460E-16
5905.9999536585  5.800765E-16
5915.19995343245  6.259257E-16
5924.39995320639  6.386685E-16
5933.59995298034  6.710416E-16
5942.79995275428  6.748036E-16
5951.99995252822  6.721689E-16
5961.19995230217  6.692642E-16
5970.39995207611  6.808009E-16
5979.59995185006  6.640550E-16
5988.799951624  6.789230E-16
5997.99995139794  6.905593E-16
6007.19995117189  6.726891E-16
6016.39995094583  6.540411E-16
6025.59995071978  6.556438E-16
6034.79995049372  6.529225E-16
6043.99995026767  6.301604E-16
6053.19995004161  6.143998E-16
6062.39994981555  6.070395E-16
6071.5999495895  6.034918E-16
6080.79994936344  5.773631E-16
6089.99994913738  5.462664E-16
6099.19994891133  5.407078E-16
6108.39994868527  5.378523E-16
6117.59994845922  5.097042E-16
6126.79994823316  5.050920E-16
6135.9999480071  4.971847E-16
6145.19994778105  4.823593E-16
6154.39994755499  4.809186E-16
6163.59994732893  4.845959E-16
6172.79994710288  4.890619E-16
6181.99994687682  4.791467E-16
6191.19994665077  4.710600E-16
6200.39994642471  4.725534E-16
6209.59994619865  4.663925E-16
6218.7999459726  4.480455E-16
6227.99994574654  4.400018E-16
6237.19994552049  4.313838E-16
6246.39994529443  4.351146E-16
6255.59994506837  4.434430E-16
6264.79994484232  4.584861E-16
6273.99994461626  4.648476E-16
6283.19994439021  4.415268E-16
6292.39994416415  4.719367E-16
6301.59994393809  4.588871E-16
6310.79994371204  4.412240E-16
6319.99994348598  4.279823E-16
6329.19994325993  3.958017E-16
6338.39994303387  3.768814E-16
6347.59994280781  3.678657E-16
6356.79994258176  3.358132E-16
6365.9999423557  3.617669E-16
6375.19994212965  3.382108E-16
6384.39994190359  3.579546E-16
6393.59994167753  3.667210E-16
6402.79994145148  3.712538E-16
6411.99994122542  3.673410E-16
6421.19994099936  3.584949E-16
6430.39994077331  3.717573E-16
6439.59994054725  3.663600E-16
6448.7999403212  3.703364E-16
6457.99994009514  3.742954E-16
6467.19993986909  3.779757E-16
6476.39993964303  3.871626E-16
6485.59993941697  3.965051E-16
6494.79993919092  3.958200E-16
6503.99993896486  4.065611E-16
6513.1999387388  3.891073E-16
6522.39993851275  4.041011E-16
6531.59993828669  3.901112E-16
6540.79993806064  4.029776E-16
6549.99993783458  3.926916E-16
6559.19993760852  3.870724E-16
6568.39993738247  3.775369E-16
6577.59993715641  3.604705E-16
6586.79993693035  3.447769E-16
6595.9999367043  3.380911E-16
6605.19993647824  3.269660E-16
6614.39993625219  3.296727E-16
6623.59993602613  3.310289E-16
6632.79993580007  3.275789E-16
6641.99993557402  3.241588E-16
6651.19993534796  3.388513E-16
6660.39993512191  3.952912E-16
6669.59993489585  4.425496E-16
6678.79993466979  4.269003E-16
6687.99993444374  4.302821E-16
6697.19993421768  4.270496E-16
6706.39993399163  4.459221E-16
6715.59993376557  4.632433E-16
6724.79993353951  4.723891E-16
6733.99993331346  5.066217E-16
6743.1999330874  5.065197E-16
6752.39993286135  5.172999E-16
6761.59993263529  5.245204E-16
6770.79993240923  5.186512E-16
6779.99993218318  5.290613E-16
6789.19993195712  5.188408E-16
6798.39993173107  5.096229E-16
6807.59993150501  5.038508E-16
6816.79993127895  5.122173E-16
6825.9999310529  5.110589E-16
6835.19993082684  5.111017E-16
6844.39993060078  4.967483E-16
6853.59993037473  4.811043E-16
6862.79993014867  4.243830E-16
6871.99992992262  3.833859E-16
6881.19992969656  3.796411E-16
6890.3999294705  3.967259E-16
6899.59992924445  3.856141E-16
6908.79992901839  4.049936E-16
6917.99992879234  3.847264E-16
6927.19992856628  3.809957E-16
6936.39992834023  3.765845E-16
6945.59992811417  3.675685E-16
6954.79992788811  3.565919E-16
6963.99992766206  3.638654E-16
6973.199927436  3.552716E-16
6982.39992720994  3.492797E-16
6991.59992698389  3.374321E-16
7000.79992675783  3.492320E-16
7009.99992653177  3.437403E-16
7019.19992630572  3.434982E-16
7028.39992607966  3.582089E-16
7037.59992585361  3.590899E-16
7046.79992562755  3.651111E-16
7055.9999254015  3.681125E-16
7065.19992517544  3.899197E-16
7074.39992494938  4.048582E-16
7083.59992472333  4.120774E-16
7092.79992449727  4.332050E-16
7101.99992427121  4.299848E-16
7111.19992404516  4.571735E-16
7120.3999238191  4.682378E-16
7129.59992359305  4.667886E-16
7138.79992336699  4.591413E-16
7147.99992314094  4.699969E-16
7157.19992291488  4.640832E-16
7166.39992268882  4.195041E-16
7175.59992246277  3.996799E-16
7184.79992223671  3.783631E-16
7193.99992201065  3.819656E-16
7203.1999217846  3.876145E-16
7212.39992155854  4.180980E-16
7221.59992133249  4.073521E-16
7230.79992110643  3.762152E-16
7239.99992088037  3.514768E-16
7249.19992065432  3.491332E-16
7258.39992042826  3.622487E-16
7267.5999202022  3.418028E-16
7276.79991997615  3.606967E-16
7285.99991975009  3.530021E-16
7295.19991952404  3.482990E-16
7304.39991929798  3.484151E-16
7313.59991907193  3.681693E-16
7322.79991884587  3.788790E-16
7331.99991861981  3.980404E-16
7341.19991839376  3.918702E-16
7350.3999181677  4.161305E-16
7359.59991794164  4.105815E-16
7368.79991771559  4.004920E-16
7377.99991748953  4.211014E-16
7387.19991726348  4.275296E-16
7396.39991703742  4.342739E-16
7405.59991681136  3.959498E-16
7414.79991658531  3.804107E-16
7423.99991635925  4.108638E-16
7433.1999161332  3.967626E-16
7442.39991590714  3.818493E-16
7451.59991568108  3.748688E-16
7460.79991545503  3.648913E-16
7469.99991522897  3.894400E-16
7479.19991500292  3.559929E-16
7488.39991477686  3.554255E-16
7497.5999145508  3.978512E-16
7506.79991432475  3.620926E-16
7515.99991409869  3.576710E-16
7525.19991387264  3.854866E-16
7534.39991364658  3.851735E-16
7543.59991342052  3.564282E-16
7552.79991319447  3.824022E-16
7561.99991296841  3.857032E-16
7571.19991274235  3.472269E-16
7580.3999125163  3.933011E-16
7589.59991229024  2.965201E-16
7598.79991206419  1.733347E-16
7607.99991183813  1.499438E-16
7617.19991161207  1.882503E-16
7626.39991138602  1.887397E-16
7635.59991115996  2.100571E-16
7644.79991093391  2.242929E-16
7653.99991070785  2.404284E-16
7663.19991048179  2.578681E-16
7672.39991025574  2.833104E-16
7681.59991002968  2.912107E-16
7690.79990980363  2.600109E-16
7699.99990957757  2.567576E-16
7709.19990935151  2.929290E-16
7718.39990912546  2.508646E-16
7727.5999088994  2.496615E-16
7736.79990867335  2.461465E-16
7745.99990844729  2.620166E-16
7755.19990822123  2.318543E-16
7764.39990799518  2.167257E-16
7773.59990776912  2.319913E-16
7782.79990754307  2.350496E-16
7791.99990731701  2.310700E-16
7801.19990709095  2.389467E-16
7810.3999068649  2.622634E-16
7819.59990663884  2.433727E-16
7828.79990641279  2.386548E-16
7837.99990618673  2.814524E-16
7847.19990596067  2.773138E-16
7856.39990573462  2.236704E-16
7865.59990550856  2.464837E-16
7874.7999052825  2.610643E-16
7883.99990505645  2.699559E-16
7893.19990483039  2.607456E-16
7902.39990460434  2.332447E-16
7911.59990437828  2.409532E-16
7920.79990415222  2.483102E-16
7929.99990392617  2.679553E-16
7939.19990370011  2.698917E-16
7948.39990347406  2.213045E-16
7957.599903248  2.636553E-16
7966.79990302194  2.690952E-16
7975.99990279589  2.667312E-16
7985.19990256983  2.703704E-16
7994.39990234378  2.843834E-16
