4020.  5.471332E-16
4029.19999977395  3.635457E-16
4038.39999954789  2.012436E-16
4047.59999932183  4.652684E-16
4056.79999909578  2.218562E-16
4065.99999886972  3.461516E-16
4075.19999864366  3.847219E-16
4084.39999841761  4.764603E-16
4093.59999819155  4.518144E-16
4102.7999979655  4.229690E-16
4111.99999773944  5.170412E-16
4121.19999751338  5.123054E-16
4130.39999728733  4.366430E-16
4139.59999706127  4.862965E-16
4148.79999683522  3.748680E-16
4157.99999660916  3.940236E-16
4167.1999963831  3.465302E-16
4176.39999615705  3.484179E-16
4185.59999593099  3.120717E-16
4194.79999570494  3.775541E-16
4203.99999547888  3.190995E-16
4213.19999525282  3.059225E-16
4222.39999502677  2.791934E-16
4231.59999480071  2.315693E-16
4240.79999457465  3.357957E-16
4249.9999943486  3.097433E-16
4259.19999412254  2.877772E-16
4268.39999389649  3.016637E-16
4277.59999367043  2.242126E-16
4286.79999344437  2.584032E-16
4295.99999321832  2.995816E-16
4305.19999299226  2.808939E-16
4314.39999276621  2.235664E-16
4323.59999254015  2.516666E-16
4332.79999231409  2.444872E-16
4341.99999208804  3.093892E-16
4351.19999186198  2.883527E-16
4360.39999163592  2.813265E-16
4369.59999140987  2.673543E-16
4378.79999118381  2.404425E-16
4387.99999095776  2.630994E-16
4397.1999907317  2.349382E-16
4406.39999050565  1.965373E-16
4415.59999027959  2.153793E-16
4424.79999005353  2.369787E-16
4433.99998982748  2.097439E-16
4443.19998960142  1.976120E-16
4452.39998937536  2.116020E-16
4461.59998914931  2.409286E-16
4470.79998892325  2.212084E-16
4479.9999886972  2.621726E-16
4489.19998847114  2.127637E-16
4498.39998824509  2.260093E-16
4507.59998801903  2.433090E-16
4516.79998779297  2.470731E-16
4525.99998756692  2.473671E-16
4535.19998734086  2.529279E-16
4544.3999871148  2.456260E-16
4553.59998688875  2.313488E-16
4562.79998666269  2.426437E-16
4571.99998643664  3.013626E-16
4581.19998621058  3.111826E-16
4590.39998598452  3.790108E-16
4599.59998575847  3.525091E-16
4608.79998553241  3.862278E-16
4617.99998530636  4.051822E-16
4627.1999850803  4.049049E-16
4636.39998485424  4.503058E-16
4645.59998462819  4.663614E-16
4654.79998440213  5.004473E-16
4663.99998417607  5.353106E-16
4673.19998395002  5.923398E-16
4682.39998372396  5.712951E-16
4691.59998349791  6.036552E-16
4700.79998327185  6.248313E-16
4709.9999830458  6.388210E-16
4719.19998281974  6.357288E-16
4728.39998259368  6.284103E-16
4737.59998236763  6.086012E-16
4746.79998214157  5.871460E-16
4755.99998191551  6.061545E-16
4765.19998168946  5.996472E-16
4774.3999814634  6.027264E-16
4783.59998123735  5.795261E-16
4792.79998101129  5.550136E-16
4801.99998078523  5.226337E-16
4811.19998055918  5.158207E-16
4820.39998033312  4.845693E-16
4829.59998010707  4.684806E-16
4838.79997988101  4.365126E-16
4847.99997965495  3.947054E-16
4857.1999794289  3.788722E-16
4866.39997920284  3.278793E-16
4875.59997897679  2.905579E-16
4884.79997875073  2.670895E-16
4893.99997852467  2.352990E-16
4903.19997829862  2.362070E-16
4912.39997807256  2.339957E-16
4921.59997784651  2.376142E-16
4930.79997762045  2.716192E-16
4939.99997739439  2.759603E-16
4949.19997716834  2.548346E-16
4958.39997694228  2.511051E-16
4967.59997671622  2.675360E-16
4976.79997649017  2.395857E-16
4985.99997626411  2.534648E-16
4995.19997603806  2.711564E-16
5004.399975812  3.035869E-16
5013.59997558594  3.523879E-16
5022.79997535989  4.068759E-16
5031.99997513383  4.551365E-16
5041.19997490778  5.262266E-16
5050.39997468172  5.538755E-16
5059.59997445566  5.649108E-16
5068.79997422961  5.907625E-16
5077.99997400355  5.992093E-16
5087.1999737775  5.914034E-16
5096.39997355144  5.233822E-16
5105.59997332538  4.602402E-16
5114.79997309933  4.226250E-16
5123.99997287327  3.760306E-16
5133.19997264721  3.382401E-16
5142.39997242116  3.322348E-16
5151.5999721951  3.289241E-16
5160.79997196905  3.276674E-16
5169.99997174299  3.475331E-16
5179.19997151694  3.540356E-16
5188.39997129088  3.742092E-16
5197.59997106482  3.630941E-16
5206.79997083877  3.711475E-16
5215.99997061271  3.862943E-16
5225.19997038665  3.640785E-16
5234.3999701606  3.678140E-16
5243.59996993454  3.649752E-16
5252.79996970849  3.682778E-16
5261.99996948243  3.553134E-16
5271.19996925637  3.520006E-16
5280.39996903032  3.421341E-16
5289.59996880426  3.521005E-16
5298.79996857821  3.541359E-16
5307.99996835215  3.600725E-16
5317.19996812609  3.832055E-16
5326.39996790004  4.006781E-16
5335.59996767398  4.130214E-16
5344.79996744792  4.338596E-16
5353.99996722187  4.754901E-16
5363.19996699581  4.847381E-16
5372.39996676976  5.140325E-16
5381.5999665437  5.179725E-16
5390.79996631765  5.342728E-16
5399.99996609159  5.420773E-16
5409.19996586553  5.683557E-16
5418.39996563948  5.661813E-16
5427.59996541342  5.559347E-16
5436.79996518736  5.634558E-16
5445.99996496131  5.700725E-16
5455.19996473525  5.683792E-16
5464.3999645092  5.853410E-16
5473.59996428314  5.971274E-16
5482.79996405708  5.936697E-16
5491.99996383103  5.707039E-16
5501.19996360497  5.595923E-16
5510.39996337892  5.374088E-16
5519.59996315286  5.193247E-16
5528.7999629268  5.071072E-16
5537.99996270075  5.167646E-16
5547.19996247469  5.249693E-16
5556.39996224864  5.577184E-16
5565.59996202258  5.793766E-16
5574.79996179652  5.938991E-16
5583.99996157047  5.786843E-16
5593.19996134441  5.807749E-16
5602.39996111836  5.945226E-16
5611.5999608923  5.962706E-16
5620.79996066624  5.852989E-16
5629.99996044019  5.930339E-16
5639.19996021413  5.739532E-16
5648.39995998807  5.473224E-16
5657.59995976202  5.307241E-16
5666.79995953596  5.130493E-16
5675.99995930991  4.917847E-16
5685.19995908385  4.959278E-16
5694.3999588578  4.819316E-16
5703.59995863174  4.594433E-16
5712.79995840568  4.358606E-16
5721.99995817963  4.044408E-16
5731.19995795357  3.641427E-16
5740.39995772751  3.239682E-16
5749.59995750146  2.935825E-16
5758.7999572754  2.509183E-16
5767.99995704935  2.280013E-16
5777.19995682329  2.124161E-16
5786.39995659723  2.006345E-16
5795.59995637118  2.026128E-16
5804.79995614512  2.146910E-16
5813.99995591907  2.373266E-16
5823.19995569301  2.489573E-16
5832.39995546695  2.648479E-16
5841.5999552409  2.860363E-16
5850.79995501484  3.096588E-16
5859.99995478878  3.355883E-16
5869.19995456273  3.697124E-16
5878.39995433667  4.183829E-16
5887.59995411062  4.509475E-16
5896.79995388456  4.746116E-16
5905.9999536585  5.231038E-16
5915.19995343245  5.689476E-16
5924.39995320639  6.110821E-16
5933.59995298034  6.323905E-16
5942.79995275428  6.620837E-16
5951.99995252822  6.661839E-16
5961.19995230217  6.666733E-16
5970.39995207611  6.872313E-16
5979.59995185006  6.545338E-16
5988.799951624  6.615392E-16
5997.99995139794  6.616767E-16
6007.19995117189  6.499957E-16
6016.39995094583  6.416809E-16
6025.59995071978  6.429868E-16
6034.79995049372  6.269815E-16
6043.99995026767  6.205343E-16
6053.19995004161  6.113092E-16
6062.39994981555  6.018787E-16
6071.5999495895  5.966162E-16
6080.79994936344  5.828504E-16
6089.99994913738  5.562952E-16
6099.19994891133  5.520924E-16
6108.39994868527  5.407399E-16
6117.59994845922  5.156894E-16
6126.79994823316  5.028835E-16
6135.9999480071  4.899774E-16
6145.19994778105  4.786921E-16
6154.39994755499  4.723940E-16
6163.59994732893  4.738343E-16
6172.79994710288  4.612139E-16
6181.99994687682  4.640420E-16
6191.19994665077  4.668700E-16
6200.39994642471  4.601311E-16
6209.59994619865  4.717762E-16
6218.7999459726  4.571446E-16
6227.99994574654  4.403244E-16
6237.19994552049  4.215175E-16
6246.39994529443  4.097385E-16
6255.59994506837  4.108100E-16
6264.79994484232  4.098899E-16
6273.99994461626  4.341749E-16
6283.19994439021  4.333703E-16
6292.39994416415  4.358535E-16
6301.59994393809  4.573858E-16
6310.79994371204  4.529593E-16
6319.99994348598  4.561576E-16
6329.19994325993  4.408215E-16
6338.39994303387  4.219607E-16
6347.59994280781  3.978021E-16
6356.79994258176  3.746767E-16
6365.9999423557  3.733123E-16
6375.19994212965  3.596475E-16
6384.39994190359  3.635620E-16
6393.59994167753  3.599780E-16
6402.79994145148  3.451256E-16
6411.99994122542  3.650808E-16
6421.19994099936  3.442402E-16
6430.39994077331  3.552145E-16
6439.59994054725  3.496361E-16
6448.7999403212  3.430932E-16
6457.99994009514  3.364422E-16
6467.19993986909  3.517085E-16
6476.39993964303  3.504704E-16
6485.59993941697  3.661348E-16
6494.79993919092  3.671569E-16
6503.99993896486  3.830857E-16
6513.1999387388  3.726556E-16
6522.39993851275  3.637900E-16
6531.59993828669  3.652583E-16
6540.79993806064  3.561499E-16
6549.99993783458  3.399669E-16
6559.19993760852  3.404407E-16
6568.39993738247  3.216493E-16
6577.59993715641  3.173449E-16
6586.79993693035  3.007478E-16
6595.9999367043  2.886252E-16
6605.19993647824  2.845707E-16
6614.39993625219  2.819850E-16
6623.59993602613  2.831627E-16
6632.79993580007  2.885135E-16
6641.99993557402  2.965532E-16
6651.19993534796  3.159465E-16
6660.39993512191  3.363065E-16
6669.59993489585  4.237652E-16
6678.79993466979  4.283519E-16
6687.99993444374  3.988076E-16
6697.19993421768  4.151781E-16
6706.39993399163  4.217071E-16
6715.59993376557  4.320320E-16
6724.79993353951  4.624018E-16
6733.99993331346  4.774484E-16
6743.1999330874  4.903066E-16
6752.39993286135  5.125134E-16
6761.59993263529  5.146005E-16
6770.79993240923  5.185657E-16
6779.99993218318  5.072205E-16
6789.19993195712  5.033144E-16
6798.39993173107  5.117836E-16
6807.59993150501  5.100327E-16
6816.79993127895  5.079667E-16
6825.9999310529  5.191041E-16
6835.19993082684  5.144845E-16
6844.39993060078  4.872789E-16
6853.59993037473  4.870087E-16
6862.79993014867  4.466654E-16
6871.99992992262  3.714663E-16
6881.19992969656  3.700806E-16
6890.3999294705  3.885763E-16
6899.59992924445  3.772075E-16
6908.79992901839  3.822954E-16
6917.99992879234  3.751809E-16
6927.19992856628  3.722477E-16
6936.39992834023  3.729259E-16
6945.59992811417  3.475826E-16
6954.79992788811  3.379804E-16
6963.99992766206  3.319761E-16
6973.199927436  3.322861E-16
6982.39992720994  3.255556E-16
6991.59992698389  3.132280E-16
7000.79992675783  3.182978E-16
7009.99992653177  3.110083E-16
7019.19992630572  3.144965E-16
7028.39992607966  3.289628E-16
7037.59992585361  3.397445E-16
7046.79992562755  3.486145E-16
7055.9999254015  3.570459E-16
7065.19992517544  3.646807E-16
7074.39992494938  3.892669E-16
7083.59992472333  3.938764E-16
7092.79992449727  4.173716E-16
7101.99992427121  4.253195E-16
7111.19992404516  4.591767E-16
7120.3999238191  4.538000E-16
7129.59992359305  4.674177E-16
7138.79992336699  4.716016E-16
7147.99992314094  4.735627E-16
7157.19992291488  4.759227E-16
7166.39992268882  4.424780E-16
7175.59992246277  4.248036E-16
7184.79992223671  4.149822E-16
7193.99992201065  4.131380E-16
7203.1999217846  4.151550E-16
7212.39992155854  4.172025E-16
7221.59992133249  4.301850E-16
7230.79992110643  4.043828E-16
7239.99992088037  3.817856E-16
7249.19992065432  3.873439E-16
7258.39992042826  3.924072E-16
7267.5999202022  3.797474E-16
7276.79991997615  3.807517E-16
7285.99991975009  3.864305E-16
7295.19991952404  3.868293E-16
7304.39991929798  3.633044E-16
7313.59991907193  3.806699E-16
7322.79991884587  3.991761E-16
7331.99991861981  4.026925E-16
7341.19991839376  3.896658E-16
7350.3999181677  4.075167E-16
7359.59991794164  4.174672E-16
7368.79991771559  4.041778E-16
7377.99991748953  4.014880E-16
7387.19991726348  4.207408E-16
7396.39991703742  4.364590E-16
7405.59991681136  4.173874E-16
7414.79991658531  3.988290E-16
7423.99991635925  4.207665E-16
7433.1999161332  4.233910E-16
7442.39991590714  3.966598E-16
7451.59991568108  3.801539E-16
7460.79991545503  3.860220E-16
7469.99991522897  3.891594E-16
7479.19991500292  3.597180E-16
7488.39991477686  3.637634E-16
7497.5999145508  3.767179E-16
7506.79991432475  3.761555E-16
7515.99991409869  3.524143E-16
7525.19991387264  3.694990E-16
7534.39991364658  3.827494E-16
7543.59991342052  3.651599E-16
7552.79991319447  3.662340E-16
7561.99991296841  3.840384E-16
7571.19991274235  3.637133E-16
7580.3999125163  3.786233E-16
7589.59991229024  3.721451E-16
7598.79991206419  2.209247E-16
7607.99991183813  1.192538E-16
7617.19991161207  1.720180E-16
7626.39991138602  2.098320E-16
7635.59991115996  1.799013E-16
7644.79991093391  2.186339E-16
7653.99991070785  2.427934E-16
7663.19991048179  2.460751E-16
7672.39991025574  2.614686E-16
7681.59991002968  3.046307E-16
7690.79990980363  2.748065E-16
7699.99990957757  2.657260E-16
7709.19990935151  2.874501E-16
7718.39990912546  2.751592E-16
7727.5999088994  2.281456E-16
7736.79990867335  2.195786E-16
7745.99990844729  2.695625E-16
7755.19990822123  2.609736E-16
7764.39990799518  2.453570E-16
7773.59990776912  2.042775E-16
7782.79990754307  2.249460E-16
7791.99990731701  2.236270E-16
7801.19990709095  2.155255E-16
7810.3999068649  2.376277E-16
7819.59990663884  2.207743E-16
7828.79990641279  2.170359E-16
7837.99990618673  2.679458E-16
7847.19990596067  2.937901E-16
7856.39990573462  2.519306E-16
7865.59990550856  2.357845E-16
7874.7999052825  2.466558E-16
7883.99990505645  2.732180E-16
7893.19990483039  2.945346E-16
7902.39990460434  2.789871E-16
7911.59990437828  2.607265E-16
7920.79990415222  2.358654E-16
7929.99990392617  2.880084E-16
7939.19990370011  2.954809E-16
7948.39990347406  2.656480E-16
7957.599903248  2.478325E-16
7966.79990302194  2.867711E-16
7975.99990279589  2.983563E-16
7985.19990256983  2.454671E-16
7994.39990234378  2.926595E-16
