  1  1.375E+00  0.000E+00  4.199E-07  5.196E-11  2.069E-01  1.370E-04  4.555E-15  5.216E-07  1.000E-20  9.458E-07  5.739E-12  1.462E-06  1.020E-07  1.773E-05  4.664E-06  4.332E-12  7.702E-05  1.863E-05  8.276E-05  1.094E-06  6.184E-05  1.167E-03  2.606E-06  2.323E-13  6.113E-04  5.440E-12  5.759E-04  2.692E-06  1.504E-07  4.815E-08  6.261E-04  9.918E-06  6.990E-10  4.973E-05  2.467E-05  5.604E-09  4.478E-01  3.027E-01  3.881E-02  1.337E-04  5.778E-05  2.837E-07
  2  1.387E+00  2.662E+07  1.306E-08  5.396E-11  2.070E-01  1.063E-04  2.336E-15  3.785E-07  1.000E-20  6.913E-07  4.065E-12  1.034E-06  7.741E-08  1.183E-05  4.025E-06  4.889E-12  6.308E-05  1.906E-05  8.150E-05  1.010E-06  6.829E-05  5.435E-04  6.515E-07  1.466E-13  2.319E-04  1.385E-12  6.011E-04  1.416E-06  4.045E-08  3.784E-08  7.447E-04  1.071E-05  3.921E-10  3.503E-05  1.844E-05  4.082E-09  4.291E-01  3.218E-01  3.940E-02  8.928E-05  4.236E-05  1.187E-07
  3  1.388E+00  4.078E+07  7.344E-09  5.396E-11  2.070E-01  1.063E-04  2.336E-15  3.785E-07  1.000E-20  6.913E-07  4.065E-12  1.034E-06  7.741E-08  1.183E-05  4.025E-06  4.889E-12  6.308E-05  1.906E-05  8.150E-05  1.010E-06  6.829E-05  5.435E-04  6.515E-07  1.466E-13  2.319E-04  1.385E-12  6.011E-04  1.416E-06  4.045E-08  3.784E-08  7.447E-04  1.071E-05  3.921E-10  3.503E-05  1.844E-05  4.082E-09  4.291E-01  3.218E-01  3.940E-02  8.928E-05  4.236E-05  6.882E-08
  4  1.389E+00  5.352E+07  5.094E-09  5.396E-11  2.070E-01  1.063E-04  2.336E-15  3.785E-07  1.000E-20  6.913E-07  4.065E-12  1.034E-06  7.741E-08  1.183E-05  4.025E-06  4.889E-12  6.308E-05  1.906E-05  8.150E-05  1.010E-06  6.829E-05  5.435E-04  6.515E-07  1.466E-13  2.319E-04  1.385E-12  6.011E-04  1.416E-06  4.045E-08  3.784E-08  7.447E-04  1.071E-05  3.921E-10  3.503E-05  1.844E-05  4.082E-09  4.291E-01  3.218E-01  3.940E-02  8.928E-05  4.236E-05  5.245E-08
  5  1.389E+00  6.482E+07  1.508E-08  6.831E-11  2.075E-01  9.337E-05  2.323E-15  3.285E-07  1.000E-20  5.847E-07  3.739E-12  8.744E-07  6.548E-08  9.967E-06  3.580E-06  4.383E-12  5.028E-05  1.432E-05  5.923E-05  7.643E-07  4.588E-05  4.698E-04  6.216E-07  8.623E-14  1.995E-04  8.649E-13  4.220E-04  1.007E-06  2.994E-08  2.563E-08  5.997E-04  8.998E-06  2.601E-10  2.675E-05  1.387E-05  2.989E-09  4.232E-01  3.287E-01  3.841E-02  6.643E-05  4.016E-05  3.934E-08
  6  1.392E+00  7.526E+07  7.687E-09  8.253E-11  2.081E-01  8.057E-05  2.311E-15  2.790E-07  1.000E-20  4.790E-07  3.416E-12  7.164E-07  5.366E-08  8.123E-06  3.139E-06  3.882E-12  3.761E-05  9.635E-06  3.718E-05  5.209E-07  2.368E-05  3.968E-04  5.921E-07  2.645E-14  1.675E-04  3.499E-13  2.447E-04  6.017E-07  1.954E-08  1.353E-08  4.560E-04  7.302E-06  1.294E-10  1.855E-05  9.336E-06  1.907E-09  4.174E-01  3.355E-01  3.743E-02  4.380E-05  3.798E-05  3.047E-08
  7  1.394E+00  8.548E+07  5.166E-09  8.492E-11  2.087E-01  7.908E-05  2.320E-15  2.735E-07  1.000E-20  4.681E-07  3.344E-12  6.989E-07  5.235E-08  7.919E-06  3.109E-06  3.788E-12  3.622E-05  9.183E-06  3.519E-05  5.012E-07  2.180E-05  3.900E-04  5.850E-07  2.107E-14  1.643E-04  3.014E-13  2.300E-04  5.652E-07  1.843E-08  1.244E-08  4.415E-04  7.127E-06  1.167E-10  1.784E-05  8.922E-06  1.800E-09  4.151E-01  3.374E-01  3.733E-02  4.145E-05  3.727E-05  2.399E-08
  8  1.396E+00  9.603E+07  2.648E-08  8.854E-11  2.104E-01  7.781E-05  2.351E-15  2.694E-07  1.000E-20  4.617E-07  3.210E-12  6.859E-07  5.139E-08  7.771E-06  3.129E-06  3.634E-12  3.525E-05  9.007E-06  3.475E-05  5.035E-07  2.174E-05  3.877E-04  5.710E-07  1.996E-14  1.629E-04  2.856E-13  2.307E-04  5.575E-07  1.771E-08  1.220E-08  4.340E-04  7.027E-06  1.117E-10  1.778E-05  8.821E-06  1.752E-09  4.096E-01  3.413E-01  3.726E-02  4.010E-05  3.569E-05  9.829E-07
  9  1.396E+00  9.615E+07  1.666E-08  9.658E-11  2.141E-01  7.499E-05  2.420E-15  2.603E-07  1.000E-20  4.474E-07  2.912E-12  6.571E-07  4.925E-08  7.441E-06  3.174E-06  3.290E-12  3.307E-05  8.614E-06  3.379E-05  5.084E-07  2.161E-05  3.828E-04  5.401E-07  1.749E-14  1.597E-04  2.503E-13  2.323E-04  5.404E-07  1.611E-08  1.168E-08  4.172E-04  6.804E-06  1.006E-10  1.764E-05  8.596E-06  1.645E-09  3.974E-01  3.499E-01  3.712E-02  3.708E-05  3.218E-05  1.648E-06
 10  1.396E+00  9.622E+07  3.326E-08  8.372E-11  2.081E-01  7.950E-05  2.310E-15  2.749E-07  1.000E-20  4.702E-07  3.389E-12  7.032E-07  5.267E-08  7.968E-06  3.102E-06  3.840E-12  3.655E-05  9.242E-06  3.533E-05  5.005E-07  2.182E-05  3.907E-04  5.896E-07  2.144E-14  1.648E-04  3.067E-13  2.298E-04  5.678E-07  1.867E-08  1.252E-08  4.440E-04  7.160E-06  1.184E-10  1.786E-05  8.956E-06  1.816E-09  4.169E-01  3.361E-01  3.735E-02  4.190E-05  3.780E-05  1.967E-06
 11  1.397E+00  9.627E+07  4.654E-08  8.372E-11  2.081E-01  7.950E-05  2.310E-15  2.749E-07  1.000E-20  4.702E-07  3.389E-12  7.032E-07  5.267E-08  7.968E-06  3.102E-06  3.840E-12  3.655E-05  9.242E-06  3.533E-05  5.005E-07  2.182E-05  3.907E-04  5.896E-07  2.144E-14  1.648E-04  3.067E-13  2.298E-04  5.678E-07  1.867E-08  1.252E-08  4.440E-04  7.160E-06  1.184E-10  1.786E-05  8.956E-06  1.816E-09  4.169E-01  3.361E-01  3.735E-02  4.190E-05  3.780E-05  1.961E-06
 12  1.397E+00  9.631E+07  2.886E-08  8.372E-11  2.081E-01  7.950E-05  2.310E-15  2.749E-07  1.000E-20  4.702E-07  3.389E-12  7.032E-07  5.267E-08  7.968E-06  3.102E-06  3.840E-12  3.655E-05  9.242E-06  3.533E-05  5.005E-07  2.182E-05  3.907E-04  5.896E-07  2.144E-14  1.648E-04  3.067E-13  2.298E-04  5.678E-07  1.867E-08  1.252E-08  4.440E-04  7.160E-06  1.184E-10  1.786E-05  8.956E-06  1.816E-09  4.169E-01  3.361E-01  3.735E-02  4.190E-05  3.780E-05  1.701E-06
 13  1.397E+00  9.636E+07  4.456E-08  8.757E-11  2.099E-01  7.815E-05  2.343E-15  2.705E-07  1.000E-20  4.634E-07  3.246E-12  6.894E-07  5.165E-08  7.810E-06  3.124E-06  3.675E-12  3.551E-05  9.054E-06  3.487E-05  5.029E-07  2.176E-05  3.883E-04  5.748E-07  2.025E-14  1.633E-04  2.898E-13  2.306E-04  5.596E-07  1.790E-08  1.227E-08  4.360E-04  7.053E-06  1.131E-10  1.780E-05  8.848E-06  1.765E-09  4.110E-01  3.402E-01  3.728E-02  4.046E-05  3.611E-05  1.311E-06
 14  1.397E+00  9.638E+07  1.920E-08  8.722E-11  2.097E-01  7.827E-05  2.340E-15  2.709E-07  1.000E-20  4.640E-07  3.259E-12  6.906E-07  5.174E-08  7.824E-06  3.122E-06  3.690E-12  3.560E-05  9.071E-06  3.491E-05  5.027E-07  2.176E-05  3.885E-04  5.761E-07  2.036E-14  1.634E-04  2.913E-13  2.305E-04  5.603E-07  1.797E-08  1.229E-08  4.367E-04  7.063E-06  1.136E-10  1.780E-05  8.858E-06  1.769E-09  4.116E-01  3.398E-01  3.729E-02  4.059E-05  3.627E-05  7.129E-07
 15  1.397E+00  9.666E+07  3.132E-08  9.882E-11  2.152E-01  7.420E-05  2.439E-15  2.578E-07  1.000E-20  4.434E-07  2.828E-12  6.491E-07  4.866E-08  7.349E-06  3.186E-06  3.194E-12  3.246E-05  8.505E-06  3.353E-05  5.098E-07  2.157E-05  3.814E-04  5.314E-07  1.680E-14  1.588E-04  2.405E-13  2.328E-04  5.356E-07  1.567E-08  1.153E-08  4.125E-04  6.742E-06  9.755E-11  1.761E-05  8.534E-06  1.615E-09  3.939E-01  3.523E-01  3.708E-02  3.624E-05  3.120E-05  6.892E-07
 16  1.398E+00  9.702E+07  2.825E-08  1.052E-10  2.182E-01  7.197E-05  2.493E-15  2.506E-07  1.000E-20  4.322E-07  2.593E-12  6.263E-07  4.697E-08  7.089E-06  3.222E-06  2.922E-12  3.074E-05  8.195E-06  3.277E-05  5.138E-07  2.147E-05  3.774E-04  5.070E-07  1.484E-14  1.563E-04  2.126E-13  2.340E-04  5.221E-07  1.441E-08  1.111E-08  3.993E-04  6.567E-06  8.877E-11  1.750E-05  8.356E-06  1.531E-09  3.843E-01  3.591E-01  3.697E-02  3.386E-05  2.842E-05  7.831E-07
 17  1.399E+00  9.738E+07  2.781E-08  1.042E-10  2.177E-01  7.233E-05  2.484E-15  2.518E-07  1.000E-20  4.340E-07  2.630E-12  6.300E-07  4.724E-08  7.131E-06  3.216E-06  2.966E-12  3.102E-05  8.244E-06  3.289E-05  5.131E-07  2.148E-05  3.781E-04  5.109E-07  1.515E-14  1.567E-04  2.170E-13  2.338E-04  5.242E-07  1.461E-08  1.118E-08  4.014E-04  6.595E-06  9.017E-11  1.752E-05  8.384E-06  1.544E-09  3.858E-01  3.580E-01  3.699E-02  3.424E-05  2.886E-05  8.197E-07
 18  1.399E+00  9.764E+07  1.511E-08  9.915E-11  2.154E-01  7.409E-05  2.442E-15  2.574E-07  1.000E-20  4.428E-07  2.816E-12  6.479E-07  4.857E-08  7.336E-06  3.188E-06  3.180E-12  3.237E-05  8.489E-06  3.349E-05  5.100E-07  2.156E-05  3.812E-04  5.301E-07  1.669E-14  1.587E-04  2.390E-13  2.328E-04  5.349E-07  1.560E-08  1.151E-08  4.118E-04  6.733E-06  9.708E-11  1.760E-05  8.524E-06  1.611E-09  3.934E-01  3.526E-01  3.707E-02  3.612E-05  3.105E-05  5.009E-07
 19  1.399E+00  9.811E+07  2.048E-08  9.882E-11  2.152E-01  7.420E-05  2.439E-15  2.578E-07  1.000E-20  4.434E-07  2.828E-12  6.491E-07  4.866E-08  7.349E-06  3.186E-06  3.194E-12  3.246E-05  8.505E-06  3.353E-05  5.098E-07  2.157E-05  3.814E-04  5.314E-07  1.680E-14  1.588E-04  2.405E-13  2.328E-04  5.356E-07  1.567E-08  1.153E-08  4.125E-04  6.742E-06  9.755E-11  1.761E-05  8.534E-06  1.615E-09  3.939E-01  3.523E-01  3.708E-02  3.624E-05  3.120E-05  4.406E-07
 20  1.400E+00  9.876E+07  1.418E-08  1.069E-10  2.190E-01  7.137E-05  2.508E-15  2.487E-07  1.000E-20  4.291E-07  2.529E-12  6.202E-07  4.651E-08  7.019E-06  3.231E-06  2.849E-12  3.028E-05  8.111E-06  3.256E-05  5.148E-07  2.144E-05  3.764E-04  5.003E-07  1.431E-14  1.556E-04  2.050E-13  2.344E-04  5.184E-07  1.406E-08  1.100E-08  3.957E-04  6.519E-06  8.639E-11  1.747E-05  8.308E-06  1.508E-09  3.817E-01  3.609E-01  3.694E-02  3.322E-05  2.766E-05  3.485E-07
 21  1.401E+00  9.964E+07  1.326E-08  1.179E-10  2.242E-01  6.750E-05  2.602E-15  2.362E-07  1.000E-20  4.095E-07  2.119E-12  5.807E-07  4.358E-08  6.567E-06  3.293E-06  2.377E-12  2.729E-05  7.573E-06  3.125E-05  5.216E-07  2.125E-05  3.696E-04  4.579E-07  1.092E-14  1.512E-04  1.567E-13  2.365E-04  4.949E-07  1.187E-08  1.028E-08  3.727E-04  6.214E-06  7.116E-11  1.729E-05  7.999E-06  1.362E-09  3.649E-01  3.727E-01  3.674E-02  2.909E-05  2.284E-05  2.497E-07
 22  1.401E+00  1.009E+08  4.670E-09  1.196E-10  2.250E-01  6.690E-05  2.616E-15  2.342E-07  1.000E-20  4.065E-07  2.056E-12  5.745E-07  4.313E-08  6.497E-06  3.303E-06  2.304E-12  2.683E-05  7.489E-06  3.104E-05  5.227E-07  2.123E-05  3.685E-04  4.513E-07  1.040E-14  1.505E-04  1.492E-13  2.369E-04  4.912E-07  1.153E-08  1.017E-08  3.692E-04  6.167E-06  6.880E-11  1.726E-05  7.952E-06  1.339E-09  3.623E-01  3.745E-01  3.671E-02  2.845E-05  2.209E-05  1.222E-07
 23  1.402E+00  1.048E+08  4.806E-09  1.224E-10  2.263E-01  6.593E-05  2.640E-15  2.311E-07  1.000E-20  4.016E-07  1.953E-12  5.646E-07  4.239E-08  6.383E-06  3.318E-06  2.185E-12  2.608E-05  7.354E-06  3.071E-05  5.244E-07  2.118E-05  3.668E-04  4.406E-07  9.544E-15  1.494E-04  1.370E-13  2.374E-04  4.853E-07  1.098E-08  9.985E-09  3.634E-04  6.090E-06  6.497E-11  1.721E-05  7.874E-06  1.302E-09  3.581E-01  3.775E-01  3.666E-02  2.741E-05  2.088E-05  1.539E-07
 24  1.403E+00  1.085E+08  5.726E-09  1.228E-10  2.267E-01  6.471E-05  2.564E-15  2.255E-07  1.000E-20  3.925E-07  1.920E-12  5.535E-07  4.134E-08  6.227E-06  3.292E-06  2.153E-12  2.550E-05  7.192E-06  3.028E-05  5.180E-07  2.068E-05  3.622E-04  4.306E-07  9.062E-15  1.469E-04  1.300E-13  2.349E-04  4.747E-07  1.061E-08  9.751E-09  3.600E-04  6.052E-06  6.257E-11  1.692E-05  7.752E-06  1.263E-09  3.562E-01  3.790E-01  3.671E-02  2.682E-05  2.045E-05  1.939E-07
 25  1.404E+00  1.110E+08  8.106E-09  1.238E-10  2.280E-01  6.119E-05  2.344E-15  2.094E-07  1.000E-20  3.663E-07  1.826E-12  5.216E-07  3.830E-08  5.776E-06  3.217E-06  2.062E-12  2.381E-05  6.723E-06  2.902E-05  4.996E-07  1.923E-05  3.491E-04  4.016E-07  7.668E-15  1.398E-04  1.099E-13  2.278E-04  4.440E-07  9.534E-09  9.074E-09  3.503E-04  5.944E-06  5.563E-11  1.607E-05  7.400E-06  1.151E-09  3.507E-01  3.832E-01  3.685E-02  2.510E-05  1.922E-05  2.108E-07
 26  1.404E+00  1.130E+08  6.384E-09  1.254E-10  2.298E-01  5.588E-05  2.012E-15  1.851E-07  1.000E-20  3.267E-07  1.683E-12  4.733E-07  3.372E-08  5.095E-06  3.105E-06  1.924E-12  2.128E-05  6.015E-06  2.713E-05  4.718E-07  1.704E-05  3.292E-04  3.579E-07  5.566E-15  1.291E-04  7.951E-14  2.170E-04  3.977E-07  7.914E-09  8.053E-09  3.356E-04  5.779E-06  4.516E-11  1.479E-05  6.868E-06  9.810E-10  3.423E-01  3.896E-01  3.707E-02  2.252E-05  1.736E-05  2.731E-07
 27  1.405E+00  1.143E+08  1.065E-08  1.253E-10  2.297E-01  5.632E-05  2.039E-15  1.871E-07  1.000E-20  3.300E-07  1.695E-12  4.774E-07  3.410E-08  5.152E-06  3.114E-06  1.935E-12  2.149E-05  6.074E-06  2.729E-05  4.742E-07  1.722E-05  3.309E-04  3.615E-07  5.741E-15  1.300E-04  8.203E-14  2.179E-04  4.015E-07  8.049E-09  8.137E-09  3.368E-04  5.793E-06  4.603E-11  1.490E-05  6.912E-06  9.951E-10  3.430E-01  3.891E-01  3.705E-02  2.273E-05  1.751E-05  3.525E-07
 28  1.405E+00  1.149E+08  3.971E-09  1.255E-10  2.299E-01  5.568E-05  1.999E-15  1.841E-07  1.000E-20  3.252E-07  1.678E-12  4.715E-07  3.355E-08  5.069E-06  3.101E-06  1.918E-12  2.118E-05  5.988E-06  2.706E-05  4.708E-07  1.696E-05  3.285E-04  3.563E-07  5.487E-15  1.287E-04  7.835E-14  2.166E-04  3.959E-07  7.853E-09  8.014E-09  3.351E-04  5.773E-06  4.476E-11  1.474E-05  6.848E-06  9.745E-10  3.420E-01  3.898E-01  3.707E-02  2.242E-05  1.729E-05  2.113E-07
 29  1.406E+00  1.161E+08  2.209E-09  1.241E-10  2.283E-01  6.024E-05  2.284E-15  2.050E-07  1.000E-20  3.592E-07  1.800E-12  5.129E-07  3.748E-08  5.654E-06  3.197E-06  2.037E-12  2.336E-05  6.596E-06  2.868E-05  4.947E-07  1.884E-05  3.455E-04  3.938E-07  7.292E-15  1.379E-04  1.045E-13  2.258E-04  4.357E-07  9.245E-09  8.891E-09  3.477E-04  5.914E-06  5.376E-11  1.584E-05  7.305E-06  1.120E-09  3.492E-01  3.843E-01  3.689E-02  2.464E-05  1.889E-05  1.312E-07
 30  1.406E+00  1.179E+08  3.212E-09  1.245E-10  2.288E-01  5.890E-05  2.201E-15  1.989E-07  1.000E-20  3.492E-07  1.764E-12  5.008E-07  3.633E-08  5.482E-06  3.169E-06  2.002E-12  2.272E-05  6.418E-06  2.820E-05  4.876E-07  1.828E-05  3.405E-04  3.828E-07  6.762E-15  1.352E-04  9.679E-14  2.231E-04  4.240E-07  8.836E-09  8.633E-09  3.440E-04  5.873E-06  5.111E-11  1.552E-05  7.170E-06  1.077E-09  3.471E-01  3.860E-01  3.694E-02  2.399E-05  1.842E-05  1.016E-07
 31  1.406E+00  1.204E+08  2.070E-09  1.241E-10  2.283E-01  6.024E-05  2.284E-15  2.050E-07  1.000E-20  3.592E-07  1.800E-12  5.129E-07  3.748E-08  5.654E-06  3.197E-06  2.037E-12  2.336E-05  6.596E-06  2.868E-05  4.947E-07  1.884E-05  3.455E-04  3.938E-07  7.292E-15  1.379E-04  1.045E-13  2.258E-04  4.357E-07  9.245E-09  8.891E-09  3.477E-04  5.914E-06  5.376E-11  1.584E-05  7.305E-06  1.120E-09  3.492E-01  3.843E-01  3.689E-02  2.464E-05  1.889E-05  9.311E-08
 32  1.407E+00  1.230E+08  1.003E-09  1.249E-10  2.293E-01  5.739E-05  2.106E-15  1.920E-07  1.000E-20  3.379E-07  1.724E-12  4.871E-07  3.503E-08  5.289E-06  3.137E-06  1.963E-12  2.200E-05  6.216E-06  2.767E-05  4.797E-07  1.766E-05  3.349E-04  3.704E-07  6.164E-15  1.321E-04  8.815E-14  2.200E-04  4.109E-07  8.375E-09  8.343E-09  3.398E-04  5.826E-06  4.814E-11  1.515E-05  7.019E-06  1.029E-09  3.447E-01  3.878E-01  3.700E-02  2.325E-05  1.789E-05  9.082E-08
 33  1.407E+00  1.256E+08  1.727E-09  1.238E-10  2.279E-01  6.128E-05  2.349E-15  2.098E-07  1.000E-20  3.669E-07  1.828E-12  5.223E-07  3.838E-08  5.787E-06  3.219E-06  2.064E-12  2.386E-05  6.734E-06  2.905E-05  5.001E-07  1.926E-05  3.494E-04  4.023E-07  7.702E-15  1.400E-04  1.104E-13  2.279E-04  4.447E-07  9.561E-09  9.090E-09  3.505E-04  5.946E-06  5.580E-11  1.609E-05  7.408E-06  1.153E-09  3.508E-01  3.831E-01  3.685E-02  2.515E-05  1.925E-05  8.566E-08
 34  1.407E+00  1.282E+08  3.430E-09  1.254E-10  2.292E-01  5.361E-05  1.890E-15  1.757E-07  1.000E-20  3.109E-07  1.630E-12  4.527E-07  3.206E-08  4.838E-06  3.039E-06  1.862E-12  2.030E-05  5.731E-06  2.617E-05  4.550E-07  1.614E-05  3.185E-04  3.398E-07  4.934E-15  1.241E-04  7.047E-14  2.102E-04  3.771E-07  7.327E-09  7.611E-09  3.259E-04  5.678E-06  4.150E-11  1.413E-05  6.613E-06  9.151E-10  3.380E-01  3.945E-01  3.715E-02  2.138E-05  1.655E-05  8.080E-08
 35  1.408E+00  1.309E+08  4.278E-09  1.254E-10  2.299E-01  5.578E-05  2.006E-15  1.846E-07  1.000E-20  3.260E-07  1.681E-12  4.725E-07  3.364E-08  5.083E-06  3.103E-06  1.921E-12  2.123E-05  6.003E-06  2.709E-05  4.714E-07  1.700E-05  3.289E-04  3.571E-07  5.529E-15  1.289E-04  7.897E-14  2.168E-04  3.969E-07  7.885E-09  8.034E-09  3.354E-04  5.776E-06  4.497E-11  1.477E-05  6.859E-06  9.780E-10  3.422E-01  3.897E-01  3.707E-02  2.247E-05  1.732E-05  7.793E-08
 36  1.409E+00  1.337E+08  2.759E-09  1.233E-10  2.228E-01  4.644E-05  1.567E-15  1.495E-07  1.000E-20  2.647E-07  1.485E-12  3.873E-07  2.771E-08  4.124E-06  2.780E-06  1.656E-12  1.753E-05  4.887E-06  2.268E-05  3.869E-07  1.341E-05  2.781E-04  2.845E-07  3.745E-15  1.071E-04  5.390E-14  1.822E-04  3.098E-07  5.792E-09  6.198E-09  2.849E-04  5.264E-06  3.245E-11  1.172E-05  5.724E-06  7.270E-10  3.221E-01  4.166E-01  3.741E-02  1.768E-05  1.397E-05  8.006E-08
 37  1.409E+00  1.363E+08  3.046E-09  1.238E-10  2.234E-01  4.428E-05  1.434E-15  1.398E-07  1.000E-20  2.488E-07  1.428E-12  3.677E-07  2.589E-08  3.852E-06  2.733E-06  1.600E-12  1.651E-05  4.603E-06  2.189E-05  3.751E-07  1.253E-05  2.699E-04  2.669E-07  2.921E-15  1.027E-04  4.201E-14  1.776E-04  2.910E-07  5.147E-09  5.784E-09  2.785E-04  5.194E-06  2.830E-11  1.119E-05  5.506E-06  6.590E-10  3.186E-01  4.195E-01  3.750E-02  1.663E-05  1.322E-05  7.655E-08
 38  1.410E+00  1.389E+08  3.112E-09  1.237E-10  2.248E-01  4.991E-05  1.739E-15  1.631E-07  1.000E-20  2.880E-07  1.561E-12  4.189E-07  3.005E-08  4.496E-06  2.892E-06  1.753E-12  1.895E-05  5.310E-06  2.425E-05  4.159E-07  1.476E-05  2.959E-04  3.117E-07  4.532E-15  1.150E-04  6.505E-14  1.940E-04  3.418E-07  6.619E-09  6.877E-09  3.020E-04  5.440E-06  3.749E-11  1.280E-05  6.132E-06  8.232E-10  3.292E-01  4.077E-01  3.728E-02  1.944E-05  1.521E-05  7.454E-08
 39  1.410E+00  1.415E+08  2.426E-09  1.240E-10  2.245E-01  4.669E-05  1.558E-15  1.494E-07  1.000E-20  2.652E-07  1.483E-12  3.896E-07  2.758E-08  4.117E-06  2.806E-06  1.666E-12  1.752E-05  4.899E-06  2.295E-05  3.941E-07  1.347E-05  2.817E-04  2.859E-07  3.526E-15  1.081E-04  5.061E-14  1.853E-04  3.130E-07  5.743E-09  6.253E-09  2.897E-04  5.309E-06  3.197E-11  1.191E-05  5.783E-06  7.271E-10  3.234E-01  4.137E-01  3.741E-02  1.784E-05  1.407E-05  6.941E-08
 40  1.411E+00  1.441E+08  2.730E-09  1.235E-10  2.228E-01  4.444E-05  1.452E-15  1.409E-07  1.000E-20  2.504E-07  1.435E-12  3.691E-07  2.614E-08  3.885E-06  2.729E-06  1.603E-12  1.663E-05  4.631E-06  2.189E-05  3.741E-07  1.261E-05  2.696E-04  2.684E-07  3.085E-15  1.028E-04  4.441E-14  1.772E-04  2.921E-07  5.236E-09  5.813E-09  2.777E-04  5.188E-06  2.892E-11  1.119E-05  5.512E-06  6.666E-10  3.186E-01  4.201E-01  3.749E-02  1.669E-05  1.327E-05  6.222E-08
 41  1.412E+00  1.469E+08  2.379E-09  1.242E-10  2.256E-01  4.916E-05  1.685E-15  1.592E-07  1.000E-20  2.820E-07  1.538E-12  4.121E-07  2.930E-08  4.388E-06  2.883E-06  1.735E-12  1.856E-05  5.204E-06  2.404E-05  4.139E-07  1.444E-05  2.940E-04  3.054E-07  4.135E-15  1.136E-04  5.928E-14  1.934E-04  3.356E-07  6.351E-09  6.736E-09  3.012E-04  5.429E-06  3.570E-11  1.266E-05  6.068E-06  7.969E-10  3.283E-01  4.077E-01  3.731E-02  1.909E-05  1.495E-05  5.182E-08
 42  1.412E+00  1.501E+08  1.428E-09  1.251E-10  2.269E-01  4.718E-05  1.553E-15  1.497E-07  1.000E-20  2.668E-07  1.482E-12  3.942E-07  2.746E-08  4.120E-06  2.848E-06  1.685E-12  1.757E-05  4.933E-06  2.340E-05  4.058E-07  1.361E-05  2.876E-04  2.889E-07  3.237E-15  1.098E-04  4.625E-14  1.903E-04  3.187E-07  5.702E-09  6.359E-09  2.973E-04  5.381E-06  3.145E-11  1.224E-05  5.883E-06  7.309E-10  3.255E-01  4.091E-01  3.740E-02  1.815E-05  1.427E-05  4.447E-08
 43  1.413E+00  1.549E+08  5.665E-10  1.275E-10  2.323E-01  4.881E-05  1.570E-15  1.527E-07  1.000E-20  2.740E-07  1.494E-12  4.092E-07  2.763E-08  4.190E-06  2.955E-06  1.740E-12  1.790E-05  5.074E-06  2.461E-05  4.349E-07  1.413E-05  3.028E-04  2.998E-07  2.770E-15  1.148E-04  3.909E-14  2.026E-04  3.361E-07  5.759E-09  6.694E-09  3.161E-04  5.561E-06  3.123E-11  1.309E-05  6.161E-06  7.553E-10  3.312E-01  3.981E-01  3.735E-02  1.908E-05  1.488E-05  6.090E-08
 44  1.413E+00  1.576E+08  2.428E-09  1.220E-10  2.175E-01  3.645E-05  1.066E-15  1.104E-07  1.000E-20  1.974E-07  1.264E-12  2.962E-07  2.092E-08  3.048E-06  2.462E-06  1.377E-12  1.341E-05  3.668E-06  1.819E-05  3.043E-07  9.513E-06  2.273E-04  2.059E-07  1.426E-15  8.436E-05  2.100E-14  1.487E-04  2.180E-07  3.392E-09  4.244E-09  2.362E-04  4.765E-06  1.781E-11  8.635E-06  4.555E-06  4.486E-10  3.018E-01  4.420E-01  3.778E-02  1.261E-05  1.041E-05  1.150E-07
 45  1.413E+00  1.584E+08  1.080E-09  1.013E-10  1.803E-01  2.956E-05  5.061E-14  1.205E-07  5.682E-20  1.594E-07  1.040E-12  2.901E-07  1.705E-08  7.927E-03  2.197E-06  1.127E-12  1.082E-02  3.068E-06  4.500E-03  4.537E-07  7.768E-06  8.183E-03  1.867E-07  1.099E-15  7.753E-05  2.506E-14  2.422E-04  8.179E-06  1.997E-05  6.075E-08  3.393E-03  8.215E-03  1.403E-11  9.134E-06  3.904E-06  3.537E-10  2.514E-01  4.917E-01  3.312E-02  1.008E-05  8.377E-06  7.645E-08
 46  1.413E+00  1.597E+08  1.353E-09  1.248E-10  2.250E-01  4.274E-05  1.323E-15  1.319E-07  1.000E-20  2.364E-07  1.381E-12  3.538E-07  2.434E-08  3.630E-06  2.713E-06  1.562E-12  1.569E-05  4.384E-06  2.146E-05  3.708E-07  1.186E-05  2.658E-04  2.537E-07  2.111E-15  9.986E-05  3.021E-14  1.761E-04  2.781E-07  4.597E-09  5.492E-09  2.769E-04  5.170E-06  2.464E-11  1.090E-05  5.373E-06  6.047E-10  3.168E-01  4.197E-01  3.756E-02  1.590E-05  1.269E-05  5.183E-08
 47  1.414E+00  1.618E+08  1.301E-09  1.124E-10  2.001E-01  3.308E-05  2.392E-14  1.144E-07  2.622E-20  1.787E-07  1.157E-12  2.917E-07  1.903E-08  3.660E-03  2.332E-06  1.256E-12  4.999E-03  3.370E-06  2.087E-03  3.712E-07  8.637E-06  3.898E-03  1.956E-07  1.255E-15  8.074E-05  2.260E-14  1.910E-04  3.890E-06  9.220E-06  3.029E-08  1.692E-03  3.794E-03  1.586E-11  8.797E-06  4.230E-06  4.001E-10  2.781E-01  4.656E-01  3.564E-02  1.134E-05  9.402E-06  4.202E-08
 48  1.414E+00  1.643E+08  9.868E-10  1.114E-10  1.991E-01  3.426E-05  2.815E-14  1.213E-07  3.099E-20  1.864E-07  1.171E-12  3.073E-07  1.967E-08  4.325E-03  2.380E-06  1.287E-12  5.906E-03  3.520E-06  2.463E-03  4.024E-07  9.149E-06  4.576E-03  2.074E-07  1.419E-15  8.451E-05  2.552E-14  2.065E-04  4.575E-06  1.090E-05  3.538E-08  1.968E-03  4.483E-03  1.746E-11  9.474E-06  4.404E-06  4.359E-10  2.781E-01  4.635E-01  3.519E-02  1.205E-05  9.870E-06  3.733E-08
 49  1.414E+00  1.669E+08  1.496E-09  1.084E-10  1.932E-01  3.227E-05  3.411E-14  1.185E-07  3.787E-20  1.746E-07  1.122E-12  2.959E-07  1.857E-08  5.286E-03  2.302E-06  1.222E-12  7.216E-03  3.315E-06  3.006E-03  4.083E-07  8.504E-06  5.533E-03  1.963E-07  1.253E-15  8.082E-05  2.431E-14  2.128E-04  5.529E-06  1.332E-05  4.200E-08  2.343E-03  5.478E-03  1.574E-11  9.116E-06  4.175E-06  3.956E-10  2.692E-01  4.737E-01  3.466E-02  1.114E-05  9.203E-06  3.450E-08
 50  1.415E+00  1.695E+08  1.004E-09  1.156E-10  2.061E-01  3.453E-05  1.672E-14  1.144E-07  1.794E-20  1.870E-07  1.198E-12  2.967E-07  1.984E-08  2.505E-03  2.389E-06  1.306E-12  3.425E-03  3.508E-06  1.434E-03  3.542E-07  9.059E-06  2.741E-03  2.018E-07  1.351E-15  8.285E-05  2.267E-14  1.793E-04  2.734E-06  6.309E-06  2.214E-08  1.235E-03  2.597E-03  1.690E-11  8.886E-06  4.383E-06  4.251E-10  2.865E-01  4.568E-01  3.630E-02  1.195E-05  9.861E-06  2.175E-08
 51  1.415E+00  1.737E+08  1.179E-09  1.037E-10  1.853E-01  3.189E-05  4.687E-14  1.259E-07  5.244E-20  1.735E-07  1.091E-12  3.071E-07  1.833E-08  7.318E-03  2.290E-06  1.199E-12  9.986E-03  3.320E-06  4.156E-03  4.613E-07  8.577E-06  7.581E-03  2.019E-07  1.321E-15  8.251E-05  2.739E-14  2.429E-04  7.583E-06  1.844E-05  5.676E-08  3.162E-03  7.583E-03  1.628E-11  9.747E-06  4.189E-06  4.059E-10  2.596E-01  4.814E-01  3.342E-02  1.122E-05  9.187E-06  1.850E-08
 52  1.416E+00  1.784E+08  1.724E-09  9.429E-11  1.685E-01  2.900E-05  6.975E-14  1.315E-07  7.867E-20  1.578E-07  9.924E-13  3.069E-07  1.670E-08  1.098E-02  2.179E-06  1.091E-12  1.497E-02  3.076E-06  6.225E-03  5.334E-07  7.879E-06  1.126E-02  1.952E-07  1.201E-15  8.005E-05  2.969E-14  2.873E-04  1.126E-05  2.765E-05  8.290E-08  4.620E-03  1.137E-02  1.485E-11  1.008E-05  3.926E-06  3.692E-10  2.370E-01  5.033E-01  3.125E-02  1.020E-05  8.352E-06  1.798E-08
 53  1.417E+00  1.829E+08  1.316E-09  9.990E-11  1.788E-01  3.132E-05  5.690E-14  1.307E-07  6.391E-20  1.710E-07  1.061E-12  3.134E-07  1.800E-08  8.918E-03  2.269E-06  1.172E-12  1.217E-02  3.293E-06  5.062E-03  5.002E-07  8.532E-06  9.193E-03  2.043E-07  1.344E-15  8.315E-05  2.941E-14  2.653E-04  9.198E-06  2.247E-05  6.834E-08  3.804E-03  9.241E-03  1.641E-11  1.014E-05  4.164E-06  4.071E-10  2.514E-01  4.885E-01  3.245E-02  1.114E-05  9.073E-06  1.662E-08
 54  1.418E+00  1.875E+08  1.642E-09  9.784E-11  1.746E-01  2.966E-05  6.058E-14  1.276E-07  6.818E-20  1.610E-07  1.022E-12  3.025E-07  1.708E-08  9.512E-03  2.204E-06  1.120E-12  1.298E-02  3.117E-06  5.397E-03  4.993E-07  7.973E-06  9.783E-03  1.942E-07  1.195E-15  7.982E-05  2.805E-14  2.674E-04  9.785E-06  2.397E-05  7.235E-08  4.034E-03  9.858E-03  1.488E-11  9.769E-06  3.967E-06  3.716E-10  2.449E-01  4.963E-01  3.214E-02  1.035E-05  8.507E-06  1.466E-08
 55  1.419E+00  1.925E+08  1.413E-09  9.484E-11  1.676E-01  2.515E-05  6.318E-14  1.140E-07  7.136E-20  1.333E-07  9.331E-13  2.644E-07  1.463E-08  9.956E-03  2.024E-06  9.847E-13  1.358E-02  2.614E-06  5.646E-03  4.640E-07  6.333E-06  1.020E-02  1.617E-07  7.278E-16  6.926E-05  2.223E-14  2.546E-04  1.019E-05  2.508E-05  7.469E-08  4.184E-03  1.032E-02  1.019E-11  8.309E-06  3.394E-06  2.638E-10  2.322E-01  5.138E-01  3.202E-02  8.044E-06  6.899E-06  1.309E-08
 56  1.420E+00  1.976E+08  9.462E-10  9.804E-11  1.741E-01  2.786E-05  5.766E-14  1.195E-07  6.493E-20  1.496E-07  9.945E-13  2.828E-07  1.612E-08  9.060E-03  2.131E-06  1.070E-12  1.236E-02  2.902E-06  5.140E-03  4.676E-07  7.255E-06  9.315E-03  1.786E-07  9.756E-16  7.481E-05  2.461E-14  2.525E-04  9.310E-06  2.283E-05  6.869E-08  3.839E-03  9.389E-03  1.272E-11  8.951E-06  3.719E-06  3.226E-10  2.425E-01  5.013E-01  3.248E-02  9.346E-06  7.831E-06  8.942E-09
 57  1.421E+00  2.048E+08  7.884E-10  8.103E-11  1.417E-01  1.830E-05  9.335E-14  1.112E-07  1.061E-19  9.378E-08  7.470E-13  2.366E-07  1.083E-08  1.480E-02  1.757E-06  7.542E-13  2.018E-02  1.948E-06  8.384E-03  5.276E-07  4.283E-06  1.505E-02  1.300E-07  2.418E-16  5.861E-05  2.086E-14  3.003E-04  1.503E-05  3.729E-05  1.087E-07  6.096E-03  1.534E-02  5.020E-12  7.665E-06  2.654E-06  1.405E-10  1.952E-01  5.535E-01  2.926E-02  5.119E-06  4.705E-06  7.657E-09
 58  1.422E+00  2.134E+08  1.173E-09  5.479E-11  9.583E-02  1.238E-05  1.599E-13  1.360E-07  1.822E-19  6.341E-08  5.082E-13  2.587E-07  7.449E-09  2.541E-02  1.535E-06  5.154E-13  3.466E-02  1.522E-06  1.439E-02  7.628E-07  3.183E-06  2.573E-02  1.294E-07  1.635E-16  5.761E-05  3.114E-14  4.400E-04  2.573E-05  6.404E-05  1.851E-07  1.035E-02  2.633E-02  3.554E-12  9.529E-06  2.213E-06  9.562E-11  1.355E-01  6.082E-01  2.290E-02  3.461E-06  3.181E-06  7.989E-09
 59  1.424E+00  2.220E+08  1.371E-09  4.412E-11  7.717E-02  1.019E-05  9.000E-13  3.384E-06  2.103E-19  5.118E-08  3.173E-11  6.570E-07  6.158E-09  4.787E-02  1.466E-06  4.439E-13  4.986E-02  1.396E-06  1.798E-02  1.191E-06  3.079E-06  2.999E-02  1.318E-07  1.320E-16  5.604E-05  5.317E-14  4.713E-04  2.868E-05  8.195E-05  2.128E-07  1.139E-02  3.026E-02  3.010E-12  1.020E-05  2.088E-06  7.754E-11  1.109E-01  6.039E-01  1.998E-02  2.787E-06  2.562E-06  8.448E-09
 60  1.427E+00  2.295E+08  9.150E-10  2.782E-11  4.865E-02  7.573E-06  4.378E-12  1.900E-05  2.441E-19  3.285E-08  1.825E-10  2.547E-06  4.468E-09  1.419E-01  1.431E-06  4.191E-13  1.037E-01  1.358E-06  2.724E-02  2.941E-06  4.054E-06  3.622E-02  1.440E-07  8.450E-17  4.981E-05  1.455E-13  4.351E-04  2.861E-05  1.324E-04  2.440E-07  1.072E-02  3.446E-02  2.352E-12  1.092E-05  2.076E-06  5.050E-11  7.238E-02  5.096E-01  1.440E-02  1.757E-06  1.615E-06  8.293E-09
 61  1.428E+00  2.367E+08  1.208E-09  6.363E-12  1.113E-02  2.328E-06  3.110E-12  1.302E-05  3.115E-19  7.817E-09  1.243E-10  1.843E-06  1.542E-09  1.169E-01  1.210E-06  1.763E-13  9.831E-02  9.229E-07  3.002E-02  2.517E-06  2.516E-06  4.511E-02  1.387E-07  2.011E-17  5.115E-05  1.209E-13  5.967E-04  3.994E-05  1.413E-04  3.126E-07  1.547E-02  4.446E-02  1.056E-12  1.261E-05  1.614E-06  1.351E-11  2.420E-02  6.037E-01  9.824E-03  4.019E-07  3.694E-07  8.149E-09
 62  1.430E+00  2.436E+08  1.364E-09  1.223E-15  7.196E-10  2.778E-06  9.267E-12  4.091E-05  3.057E-19  1.418E-09  3.939E-10  5.201E-06  1.458E-09  2.756E-01  1.339E-06  3.392E-13  1.820E-01  1.225E-06  4.136E-02  5.439E-06  5.211E-06  4.699E-02  1.609E-07  3.180E-18  4.090E-05  2.769E-13  4.109E-04  3.053E-05  2.083E-04  3.022E-07  1.059E-02  4.242E-02  1.153E-12  1.229E-05  1.975E-06  4.108E-12  7.044E-03  3.878E-01  5.376E-03  6.074E-13  5.635E-13  7.829E-09
 63  1.432E+00  2.504E+08  8.469E-10  4.959E-16  2.918E-10  4.617E-06  1.526E-11  6.810E-05  2.821E-19  2.356E-09  6.569E-10  8.470E-06  2.177E-09  4.279E-01  1.519E-06  5.546E-13  2.603E-01  1.620E-06  5.099E-02  8.234E-06  8.100E-06  4.630E-02  1.828E-07  5.165E-18  3.114E-05  4.267E-13  1.966E-04  1.881E-05  2.673E-04  2.739E-07  4.835E-03  3.782E-02  1.595E-12  1.153E-05  2.431E-06  5.548E-12  4.415E-03  1.643E-01  2.541E-03  6.055E-13  8.018E-13  7.573E-09
 64  1.434E+00  2.571E+08  7.776E-10  8.572E-17  5.061E-11  5.653E-06  1.863E-11  8.343E-05  2.688E-19  2.884E-09  8.053E-10  1.031E-05  2.582E-09  5.138E-01  1.620E-06  6.760E-13  3.044E-01  1.843E-06  5.642E-02  9.811E-06  9.729E-06  4.591E-02  1.951E-07  6.285E-18  2.563E-05  5.112E-13  7.575E-05  1.221E-05  3.005E-04  2.579E-07  1.586E-03  3.523E-02  1.844E-12  1.111E-05  2.688E-06  6.359E-12  2.932E-03  3.823E-02  9.421E-04  6.045E-13  9.361E-13  7.207E-09
 65  1.435E+00  2.637E+08  8.832E-10  1.000E-20  1.840E-13  9.462E-06  2.436E-11  1.061E-03  3.375E-19  4.584E-08  6.588E-09  1.174E-05  2.099E-08  5.327E-01  1.785E-05  1.446E-10  3.137E-01  2.814E-05  5.764E-02  2.093E-05  5.694E-05  4.565E-02  2.783E-07  2.746E-14  2.907E-05  1.433E-10  4.623E-05  1.002E-05  3.178E-04  8.344E-07  8.355E-04  3.390E-02  9.427E-10  1.049E-05  8.836E-06  1.056E-09  2.550E-03  1.084E-02  5.562E-04  7.603E-13  8.498E-12  6.836E-09
 66  1.437E+00  2.707E+08  3.419E-09  1.000E-20  6.522E-14  4.098E-05  8.117E-11  3.529E-02  1.268E-18  1.410E-06  6.716E-08  7.121E-05  1.306E-06  5.416E-01  2.561E-04  5.011E-09  3.015E-01  3.478E-04  5.535E-02  1.325E-04  5.422E-04  3.877E-02  8.268E-07  2.875E-12  9.448E-05  4.373E-09  1.149E-05  3.363E-06  3.708E-04  6.195E-06  2.502E-04  2.130E-02  1.397E-08  4.902E-06  4.604E-05  1.029E-08  1.481E-03  2.413E-03  1.322E-04  1.599E-12  7.042E-11  6.818E-09
 67  1.444E+00  2.774E+08  7.134E-09  1.000E-20  2.407E-14  5.026E-05  1.807E-10  1.618E-01  1.222E-17  3.372E-06  1.851E-07  8.793E-04  6.659E-05  5.324E-01  5.230E-04  7.337E-08  2.254E-01  3.783E-04  4.029E-02  1.240E-04  5.015E-04  2.448E-02  6.156E-07  1.153E-11  8.047E-05  5.218E-09  2.875E-06  1.338E-06  2.500E-04  5.135E-06  8.475E-05  1.132E-02  1.195E-08  2.268E-06  3.318E-05  8.123E-09  7.528E-04  4.619E-04  2.936E-05  1.089E-12  5.436E-11  6.840E-09
 68  1.459E+00  2.837E+08  8.259E-09  1.000E-20  4.925E-15  2.213E-04  9.418E-10  3.265E-01  2.104E-14  1.293E-04  5.733E-06  1.234E-02  1.546E-03  4.436E-01  9.333E-04  1.667E-06  1.638E-01  3.576E-04  2.896E-02  1.070E-04  4.501E-04  1.544E-02  4.335E-07  1.638E-10  7.492E-05  5.035E-09  5.682E-07  6.860E-07  1.748E-04  4.317E-06  3.527E-05  5.013E-03  1.222E-08  8.534E-07  2.091E-05  6.938E-09  2.886E-04  2.404E-06  1.824E-06  6.590E-13  4.468E-11  6.750E-09
 69  1.476E+00  2.899E+08  8.850E-09  1.000E-20  2.867E-14  1.546E-03  2.074E-08  4.694E-01  2.041E-11  9.874E-03  5.076E-05  3.181E-02  4.060E-03  3.395E-01  1.399E-03  7.214E-06  1.117E-01  3.173E-04  1.887E-02  7.724E-05  3.170E-04  8.851E-03  2.502E-07  2.989E-10  5.414E-05  4.480E-09  3.078E-07  4.231E-07  1.003E-04  2.868E-06  1.762E-05  1.937E-03  7.799E-09  3.000E-07  9.260E-06  3.828E-09  9.759E-05  3.324E-07  3.881E-07  2.792E-13  2.285E-11  6.383E-09
 70  1.495E+00  2.960E+08  9.238E-09  1.000E-20  5.792E-14  2.886E-03  2.236E-08  5.602E-01  4.522E-11  2.688E-02  1.723E-04  5.157E-02  6.071E-03  2.633E-01  1.414E-03  6.405E-06  7.050E-02  2.346E-04  1.133E-02  4.810E-05  1.885E-04  4.427E-03  1.217E-07  1.978E-10  3.025E-05  3.268E-09  1.478E-07  2.144E-07  4.713E-05  1.549E-06  7.039E-06  6.768E-04  3.579E-09  9.794E-08  3.320E-06  1.575E-09  3.130E-05  8.255E-08  1.054E-07  9.414E-14  8.640E-12  5.551E-09
 71  1.518E+00  3.029E+08  9.357E-09  1.000E-20  9.743E-14  4.044E-03  1.428E-08  6.359E-01  3.142E-11  4.174E-02  2.969E-04  6.904E-02  7.841E-03  1.952E-01  1.422E-03  4.244E-06  3.717E-02  1.535E-04  5.377E-03  2.245E-05  8.270E-05  1.506E-03  3.844E-08  1.433E-10  1.071E-05  1.693E-09  4.470E-08  6.894E-08  1.383E-05  5.378E-07  1.688E-06  1.432E-04  9.526E-10  1.938E-08  6.988E-07  3.768E-10  6.006E-06  1.330E-08  1.794E-08  1.799E-14  1.820E-12  4.390E-09
 72  1.562E+00  3.152E+08  1.061E-08  1.296E-17  2.824E-05  5.390E-03  9.194E-09  6.775E-01  1.750E-11  5.107E-02  3.748E-04  7.983E-02  8.940E-03  1.539E-01  1.458E-03  2.898E-06  1.854E-02  1.060E-04  2.448E-03  8.558E-06  3.083E-05  3.252E-04  6.035E-09  1.073E-10  1.383E-06  4.502E-10  4.286E-09  7.857E-09  1.220E-06  6.276E-08  1.075E-07  7.396E-06  6.509E-11  8.954E-10  3.507E-08  2.267E-11  2.567E-07  3.939E-10  6.085E-10  7.424E-16  8.813E-14  4.799E-09
 73  1.621E+00  3.285E+08  9.793E-09  3.123E-17  2.738E-02  2.389E-02  9.435E-06  6.680E-01  1.535E-11  5.052E-02  3.650E-04  7.711E-02  8.591E-03  1.285E-01  1.366E-03  2.341E-06  1.218E-02  8.703E-05  1.871E-03  4.810E-06  2.362E-05  1.914E-04  1.960E-09  1.005E-10  6.261E-08  2.320E-11  8.524E-11  2.032E-10  1.206E-08  1.115E-09  3.485E-10  6.096E-09  4.996E-14  4.167E-13  8.173E-12  1.158E-14  2.247E-11  3.491E-14  6.053E-14  2.933E-20  2.583E-18  5.332E-09
 74  1.669E+00  3.393E+08  8.990E-09  2.107E-17  1.346E-01  3.815E-02  4.982E-05  5.935E-01  1.414E-11  4.156E-02  2.845E-04  6.412E-02  7.200E-03  1.075E-01  1.196E-03  2.832E-06  1.007E-02  7.442E-05  1.528E-03  3.353E-06  2.045E-05  1.502E-04  1.155E-09  1.209E-10  9.891E-09  6.084E-12  4.060E-12  1.468E-11  1.128E-11  1.450E-12  3.868E-14  1.106E-14  1.300E-19  4.570E-19  1.374E-18  5.323E-20  2.103E-19  1.235E-20  1.604E-20  1.000E-20  1.000E-20  5.505E-09
 75  1.710E+00  3.489E+08  8.418E-09  1.734E-17  2.129E-01  3.359E-02  8.253E-05  5.569E-01  1.365E-11  3.704E-02  2.544E-04  5.984E-02  6.809E-03  8.264E-02  1.181E-03  2.945E-06  7.648E-03  6.499E-05  8.693E-04  1.609E-06  1.233E-05  8.086E-05  1.015E-09  1.661E-10  3.954E-09  8.029E-12  2.573E-12  1.627E-11  5.518E-12  1.370E-12  3.375E-14  5.006E-15  1.734E-19  3.458E-19  1.635E-18  7.484E-20  1.504E-19  1.000E-20  1.000E-20  1.000E-20  1.000E-20  5.404E-09
 76  1.749E+00  3.580E+08  8.197E-09  1.655E-17  2.663E-01  3.132E-02  1.044E-04  5.390E-01  1.437E-11  3.744E-02  2.490E-04  6.075E-02  6.974E-03  5.233E-02  1.198E-03  3.930E-06  4.257E-03  5.514E-05  7.228E-05  5.299E-07  6.557E-07  1.782E-06  9.935E-10  1.775E-10  1.908E-09  7.973E-12  2.549E-12  1.643E-11  5.353E-12  1.329E-12  3.355E-14  4.824E-15  1.709E-19  3.487E-19  1.629E-18  7.567E-20  1.477E-19  1.000E-20  1.000E-20  1.000E-20  1.000E-20  5.185E-09
 77  1.788E+00  3.669E+08  7.682E-09  1.549E-17  2.958E-01  3.526E-02  1.153E-04  5.126E-01  2.109E-11  3.875E-02  2.534E-04  5.970E-02  6.872E-03  4.607E-02  1.150E-03  4.295E-06  3.295E-03  5.883E-05  4.332E-05  3.899E-07  4.799E-07  2.072E-07  8.980E-10  1.830E-10  1.247E-09  5.295E-12  1.903E-12  1.257E-11  3.214E-12  7.787E-13  2.317E-14  2.788E-15  1.204E-19  2.835E-19  1.297E-18  8.500E-20  1.039E-19  1.000E-20  1.000E-20  1.000E-20  1.000E-20  4.964E-09
 78  1.826E+00  3.756E+08  7.738E-09  1.470E-17  3.201E-01  3.390E-02  1.254E-04  4.913E-01  2.810E-11  4.270E-02  2.647E-04  6.168E-02  7.029E-03  3.968E-02  1.068E-03  5.095E-06  2.024E-03  6.522E-05  2.146E-05  1.793E-07  5.208E-07  7.740E-08  3.242E-10  7.234E-11  2.956E-10  1.139E-12  4.572E-13  3.030E-12  6.286E-13  1.486E-13  4.981E-15  5.214E-16  2.759E-20  6.893E-20  3.201E-19  2.700E-20  2.365E-20  1.000E-20  1.000E-20  1.000E-20  1.000E-20  4.771E-09
 79  1.864E+00  3.841E+08  7.045E-09  1.530E-17  3.688E-01  3.880E-02  1.452E-04  4.484E-01  3.059E-11  4.452E-02  2.778E-04  5.915E-02  6.533E-03  3.148E-02  8.336E-04  3.025E-06  9.861E-04  4.178E-05  7.613E-06  3.022E-08  1.680E-07  9.871E-09  2.305E-11  5.266E-12  8.466E-12  6.913E-15  8.107E-15  3.098E-14  1.795E-15  3.675E-16  6.143E-18  1.223E-19  1.000E-20  1.000E-20  1.000E-20  1.000E-20  1.000E-20  1.000E-20  1.000E-20  1.000E-20  1.000E-20  4.596E-09
 80  1.900E+00  3.924E+08  6.977E-09  1.650E-17  3.567E-01  4.201E-02  1.396E-04  4.555E-01  2.872E-11  4.611E-02  3.027E-04  6.034E-02  6.593E-03  3.068E-02  7.992E-04  1.375E-06  8.306E-04  3.659E-05  5.875E-06  5.888E-09  8.570E-08  2.622E-09  1.746E-16  5.360E-18  3.360E-16  1.000E-20  1.000E-20  1.000E-20  1.000E-20  1.000E-20  1.000E-20  1.000E-20  1.000E-20  1.000E-20  1.000E-20  1.000E-20  1.000E-20  1.000E-20  1.000E-20  1.000E-20  1.000E-20  4.408E-09
 81  1.936E+00  4.005E+08  6.903E-09  1.649E-17  3.784E-01  4.364E-02  1.482E-04  4.379E-01  1.712E-11  4.464E-02  3.019E-04  5.782E-02  6.301E-03  2.924E-02  7.588E-04  2.899E-07  7.834E-04  3.465E-05  5.572E-06  2.028E-09  7.991E-08  2.469E-09  7.440E-19  1.000E-20  3.985E-17  1.000E-20  1.000E-20  1.000E-20  1.000E-20  1.000E-20  1.000E-20  1.000E-20  1.000E-20  1.000E-20  1.000E-20  1.000E-20  1.000E-20  1.000E-20  1.000E-20  1.000E-20  1.000E-20  4.220E-09
 82  1.973E+00  4.086E+08  6.772E-09  1.731E-17  3.797E-01  4.074E-02  1.495E-04  4.386E-01  1.070E-11  4.487E-02  3.061E-04  5.826E-02  6.346E-03  2.946E-02  7.654E-04  1.546E-07  7.898E-04  3.495E-05  5.621E-06  1.169E-09  8.050E-08  2.489E-09  1.875E-19  1.000E-20  1.954E-17  1.000E-20  1.000E-20  1.000E-20  1.000E-20  1.000E-20  1.000E-20  1.000E-20  1.000E-20  1.000E-20  1.000E-20  1.000E-20  1.000E-20  1.000E-20  1.000E-20  1.000E-20  1.000E-20  4.041E-09
 83  2.011E+00  4.167E+08  6.745E-09  1.667E-17  3.868E-01  4.283E-02  1.517E-04  4.325E-01  5.131E-12  4.410E-02  2.996E-04  5.688E-02  6.190E-03  2.872E-02  7.453E-04  7.487E-08  7.690E-04  3.403E-05  5.474E-06  5.980E-10  7.834E-08  2.424E-09  2.582E-20  1.000E-20  8.778E-18  1.000E-20  1.000E-20  1.000E-20  1.000E-20  1.000E-20  1.000E-20  1.000E-20  1.000E-20  1.000E-20  1.000E-20  1.000E-20  1.000E-20  1.000E-20  1.000E-20  1.000E-20  1.000E-20  3.874E-09
 84  2.050E+00  4.247E+08  6.902E-09  1.687E-17  4.068E-01  4.261E-02  1.593E-04  4.170E-01  1.346E-12  4.286E-02  2.902E-04  5.497E-02  5.985E-03  2.781E-02  7.236E-04  2.452E-08  7.465E-04  3.304E-05  5.315E-06  2.006E-10  7.603E-08  2.353E-09  1.000E-20  1.000E-20  2.737E-18  1.000E-20  1.000E-20  1.000E-20  1.000E-20  1.000E-20  1.000E-20  1.000E-20  1.000E-20  1.000E-20  1.000E-20  1.000E-20  1.000E-20  1.000E-20  1.000E-20  1.000E-20  1.000E-20  3.732E-09
 85  2.091E+00  4.327E+08  6.397E-09  1.979E-17  4.394E-01  4.471E-02  1.728E-04  3.912E-01  7.748E-14  4.036E-02  2.692E-04  5.099E-02  5.549E-03  2.587E-02  6.786E-04  2.316E-09  7.000E-04  3.098E-05  4.984E-06  1.963E-11  7.129E-08  2.206E-09  1.000E-20  1.000E-20  2.368E-19  1.000E-20  1.000E-20  1.000E-20  1.000E-20  1.000E-20  1.000E-20  1.000E-20  1.000E-20  1.000E-20  1.000E-20  1.000E-20  1.000E-20  1.000E-20  1.000E-20  1.000E-20  1.000E-20  3.615E-09
 86  2.130E+00  4.405E+08  6.235E-09  2.204E-17  4.479E-01  4.996E-02  1.753E-04  3.828E-01  3.331E-16  3.903E-02  2.561E-04  4.860E-02  5.278E-03  2.473E-02  6.571E-04  7.708E-11  6.778E-04  3.000E-05  4.826E-06  7.100E-13  6.903E-08  2.136E-09  1.000E-20  1.000E-20  1.000E-20  1.000E-20  1.000E-20  1.000E-20  1.000E-20  1.000E-20  1.000E-20  1.000E-20  1.000E-20  1.000E-20  1.000E-20  1.000E-20  1.000E-20  1.000E-20  1.000E-20  1.000E-20  1.000E-20  3.500E-09
 87  2.168E+00  4.482E+08  6.559E-09  3.035E-17  4.572E-01  5.399E-02  1.784E-04  3.733E-01  2.249E-18  3.791E-02  2.460E-04  4.671E-02  5.071E-03  2.396E-02  6.496E-04  2.095E-12  6.700E-04  2.965E-05  4.771E-06  2.041E-14  6.824E-08  2.112E-09  1.000E-20  1.000E-20  1.000E-20  1.000E-20  1.000E-20  1.000E-20  1.000E-20  1.000E-20  1.000E-20  1.000E-20  1.000E-20  1.000E-20  1.000E-20  1.000E-20  1.000E-20  1.000E-20  1.000E-20  1.000E-20  1.000E-20  3.355E-09
 88  2.210E+00  4.559E+08  5.743E-09  4.029E-17  4.709E-01  6.182E-02  1.832E-04  3.597E-01  1.000E-20  3.591E-02  2.264E-04  4.314E-02  4.667E-03  2.218E-02  6.089E-04  1.000E-20  6.280E-04  2.779E-05  4.473E-06  1.000E-20  6.395E-08  1.979E-09  1.000E-20  1.000E-20  1.000E-20  1.000E-20  1.000E-20  1.000E-20  1.000E-20  1.000E-20  1.000E-20  1.000E-20  1.000E-20  1.000E-20  1.000E-20  1.000E-20  1.000E-20  1.000E-20  1.000E-20  1.000E-20  1.000E-20  3.137E-09
 89  2.251E+00  4.642E+08  5.536E-09  4.039E-17  5.035E-01  7.832E-02  1.939E-04  3.280E-01  1.000E-20  3.152E-02  1.847E-04  3.548E-02  3.807E-03  1.806E-02  4.941E-04  1.000E-20  5.096E-04  2.255E-05  3.629E-06  1.000E-20  5.188E-08  1.606E-09  1.000E-20  1.000E-20  1.000E-20  1.000E-20  1.000E-20  1.000E-20  1.000E-20  1.000E-20  1.000E-20  1.000E-20  1.000E-20  1.000E-20  1.000E-20  1.000E-20  1.000E-20  1.000E-20  1.000E-20  1.000E-20  1.000E-20  3.015E-09
 90  2.293E+00  4.728E+08  5.257E-09  3.420E-17  5.125E-01  9.632E-02  1.998E-04  3.159E-01  1.000E-20  2.796E-02  1.471E-04  2.886E-02  3.033E-03  1.435E-02  3.900E-04  1.000E-20  4.022E-04  1.780E-05  2.864E-06  1.000E-20  4.094E-08  1.268E-09  1.000E-20  1.000E-20  1.000E-20  1.000E-20  1.000E-20  1.000E-20  1.000E-20  1.000E-20  1.000E-20  1.000E-20  1.000E-20  1.000E-20  1.000E-20  1.000E-20  1.000E-20  1.000E-20  1.000E-20  1.000E-20  1.000E-20  2.867E-09
 91  2.336E+00  4.816E+08  4.761E-09  1.221E-17  6.609E-01  1.096E-01  2.552E-04  1.955E-01  1.000E-20  1.660E-02  5.182E-05  1.079E-02  1.068E-03  5.049E-03  1.370E-04  1.000E-20  1.413E-04  6.251E-06  1.006E-06  1.000E-20  1.438E-08  4.452E-10  1.000E-20  1.000E-20  1.000E-20  1.000E-20  1.000E-20  1.000E-20  1.000E-20  1.000E-20  1.000E-20  1.000E-20  1.000E-20  1.000E-20  1.000E-20  1.000E-20  1.000E-20  1.000E-20  1.000E-20  1.000E-20  1.000E-20  2.543E-09
 92  2.380E+00  4.911E+08  4.124E-09  1.662E-18  8.834E-01  5.423E-02  3.510E-04  5.064E-02  1.000E-20  9.019E-03  7.003E-06  1.550E-03  1.443E-04  6.820E-04  1.848E-05  1.000E-20  1.906E-05  8.436E-07  1.357E-07  1.000E-20  1.941E-09  6.008E-11  1.000E-20  1.000E-20  1.000E-20  1.000E-20  1.000E-20  1.000E-20  1.000E-20  1.000E-20  1.000E-20  1.000E-20  1.000E-20  1.000E-20  1.000E-20  1.000E-20  1.000E-20  1.000E-20  1.000E-20  1.000E-20  1.000E-20  2.019E-09
 93  2.454E+00  5.090E+08  3.629E-09  1.000E-20  9.402E-01  3.661E-02  3.759E-04  1.535E-02  1.000E-20  7.528E-03  1.000E-20  1.231E-05  1.000E-20  8.127E-18  1.000E-20  1.000E-20  1.000E-20  1.000E-20  1.000E-20  1.000E-20  1.000E-20  1.000E-20  1.000E-20  1.000E-20  1.000E-20  1.000E-20  1.000E-20  1.000E-20  1.000E-20  1.000E-20  1.000E-20  1.000E-20  1.000E-20  1.000E-20  1.000E-20  1.000E-20  1.000E-20  1.000E-20  1.000E-20  1.000E-20  1.000E-20  2.219E-09
 94  2.533E+00  5.289E+08  3.594E-09  1.000E-20  9.421E-01  3.566E-02  3.776E-04  1.441E-02  1.000E-20  7.493E-03  1.000E-20  9.014E-06  1.000E-20  3.592E-20  1.000E-20  1.000E-20  1.000E-20  1.000E-20  1.000E-20  1.000E-20  1.000E-20  1.000E-20  1.000E-20  1.000E-20  1.000E-20  1.000E-20  1.000E-20  1.000E-20  1.000E-20  1.000E-20  1.000E-20  1.000E-20  1.000E-20  1.000E-20  1.000E-20  1.000E-20  1.000E-20  1.000E-20  1.000E-20  1.000E-20  1.000E-20  2.421E-09
 95  2.597E+00  5.442E+08  3.529E-09  1.000E-20  9.422E-01  3.562E-02  3.916E-04  1.439E-02  1.000E-20  7.484E-03  1.000E-20  9.004E-06  1.000E-20  3.588E-20  1.000E-20  1.000E-20  1.000E-20  1.000E-20  1.000E-20  1.000E-20  1.000E-20  1.000E-20  1.000E-20  1.000E-20  1.000E-20  1.000E-20  1.000E-20  1.000E-20  1.000E-20  1.000E-20  1.000E-20  1.000E-20  1.000E-20  1.000E-20  1.000E-20  1.000E-20  1.000E-20  1.000E-20  1.000E-20  1.000E-20  1.000E-20  2.434E-09
 96  2.655E+00  5.574E+08  3.192E-09  1.000E-20  9.421E-01  3.566E-02  3.799E-04  1.441E-02  1.000E-20  7.491E-03  1.000E-20  9.013E-06  1.000E-20  3.592E-20  1.000E-20  1.000E-20  1.000E-20  1.000E-20  1.000E-20  1.000E-20  1.000E-20  1.000E-20  1.000E-20  1.000E-20  1.000E-20  1.000E-20  1.000E-20  1.000E-20  1.000E-20  1.000E-20  1.000E-20  1.000E-20  1.000E-20  1.000E-20  1.000E-20  1.000E-20  1.000E-20  1.000E-20  1.000E-20  1.000E-20  1.000E-20  2.196E-09
 97  2.714E+00  5.716E+08  3.368E-09  1.000E-20  9.421E-01  3.563E-02  3.920E-04  1.440E-02  1.000E-20  7.484E-03  1.000E-20  9.005E-06  1.000E-20  3.589E-20  1.000E-20  1.000E-20  1.000E-20  1.000E-20  1.000E-20  1.000E-20  1.000E-20  1.000E-20  1.000E-20  1.000E-20  1.000E-20  1.000E-20  1.000E-20  1.000E-20  1.000E-20  1.000E-20  1.000E-20  1.000E-20  1.000E-20  1.000E-20  1.000E-20  1.000E-20  1.000E-20  1.000E-20  1.000E-20  1.000E-20  1.000E-20  2.030E-09
 98  2.781E+00  5.864E+08  3.549E-09  1.000E-20  9.421E-01  3.566E-02  3.819E-04  1.441E-02  1.000E-20  7.490E-03  1.000E-20  9.013E-06  1.000E-20  3.592E-20  1.000E-20  1.000E-20  1.000E-20  1.000E-20  1.000E-20  1.000E-20  1.000E-20  1.000E-20  1.000E-20  1.000E-20  1.000E-20  1.000E-20  1.000E-20  1.000E-20  1.000E-20  1.000E-20  1.000E-20  1.000E-20  1.000E-20  1.000E-20  1.000E-20  1.000E-20  1.000E-20  1.000E-20  1.000E-20  1.000E-20  1.000E-20  2.004E-09
 99  2.846E+00  5.992E+08  3.037E-09  1.000E-20  9.422E-01  3.562E-02  3.951E-04  1.439E-02  1.000E-20  7.482E-03  1.000E-20  9.003E-06  1.000E-20  3.588E-20  1.000E-20  1.000E-20  1.000E-20  1.000E-20  1.000E-20  1.000E-20  1.000E-20  1.000E-20  1.000E-20  1.000E-20  1.000E-20  1.000E-20  1.000E-20  1.000E-20  1.000E-20  1.000E-20  1.000E-20  1.000E-20  1.000E-20  1.000E-20  1.000E-20  1.000E-20  1.000E-20  1.000E-20  1.000E-20  1.000E-20  1.000E-20  1.946E-09
100  2.898E+00  6.105E+08  2.456E-09  1.000E-20  9.422E-01  3.562E-02  3.962E-04  1.439E-02  1.000E-20  7.481E-03  1.000E-20  9.002E-06  1.000E-20  3.588E-20  1.000E-20  1.000E-20  1.000E-20  1.000E-20  1.000E-20  1.000E-20  1.000E-20  1.000E-20  1.000E-20  1.000E-20  1.000E-20  1.000E-20  1.000E-20  1.000E-20  1.000E-20  1.000E-20  1.000E-20  1.000E-20  1.000E-20  1.000E-20  1.000E-20  1.000E-20  1.000E-20  1.000E-20  1.000E-20  1.000E-20  1.000E-20  1.789E-09
101  2.941E+00  6.219E+08  2.654E-09  1.000E-20  9.421E-01  3.566E-02  3.820E-04  1.441E-02  1.000E-20  7.490E-03  1.000E-20  9.013E-06  1.000E-20  3.592E-20  1.000E-20  1.000E-20  1.000E-20  1.000E-20  1.000E-20  1.000E-20  1.000E-20  1.000E-20  1.000E-20  1.000E-20  1.000E-20  1.000E-20  1.000E-20  1.000E-20  1.000E-20  1.000E-20  1.000E-20  1.000E-20  1.000E-20  1.000E-20  1.000E-20  1.000E-20  1.000E-20  1.000E-20  1.000E-20  1.000E-20  1.000E-20  1.653E-09
102  2.990E+00  6.334E+08  2.386E-09  1.000E-20  9.424E-01  3.543E-02  4.583E-04  1.432E-02  1.000E-20  7.441E-03  1.000E-20  8.955E-06  1.000E-20  3.569E-20  1.000E-20  1.000E-20  1.000E-20  1.000E-20  1.000E-20  1.000E-20  1.000E-20  1.000E-20  1.000E-20  1.000E-20  1.000E-20  1.000E-20  1.000E-20  1.000E-20  1.000E-20  1.000E-20  1.000E-20  1.000E-20  1.000E-20  1.000E-20  1.000E-20  1.000E-20  1.000E-20  1.000E-20  1.000E-20  1.000E-20  1.000E-20  1.463E-09
103  3.040E+00  6.459E+08  2.130E-09  1.000E-20  9.423E-01  3.550E-02  4.359E-04  1.434E-02  1.000E-20  7.455E-03  1.000E-20  8.972E-06  1.000E-20  3.576E-20  1.000E-20  1.000E-20  1.000E-20  1.000E-20  1.000E-20  1.000E-20  1.000E-20  1.000E-20  1.000E-20  1.000E-20  1.000E-20  1.000E-20  1.000E-20  1.000E-20  1.000E-20  1.000E-20  1.000E-20  1.000E-20  1.000E-20  1.000E-20  1.000E-20  1.000E-20  1.000E-20  1.000E-20  1.000E-20  1.000E-20  1.000E-20  1.268E-09
104  3.091E+00  6.600E+08  2.049E-09  1.000E-20  9.424E-01  3.544E-02  4.561E-04  1.432E-02  1.000E-20  7.443E-03  1.000E-20  8.956E-06  1.000E-20  3.569E-20  1.000E-20  1.000E-20  1.000E-20  1.000E-20  1.000E-20  1.000E-20  1.000E-20  1.000E-20  1.000E-20  1.000E-20  1.000E-20  1.000E-20  1.000E-20  1.000E-20  1.000E-20  1.000E-20  1.000E-20  1.000E-20  1.000E-20  1.000E-20  1.000E-20  1.000E-20  1.000E-20  1.000E-20  1.000E-20  1.000E-20  1.000E-20  1.027E-09
105  3.180E+00  6.836E+08  2.264E-09  1.000E-20  9.422E-01  3.560E-02  4.028E-04  1.438E-02  1.000E-20  7.477E-03  1.000E-20  8.997E-06  1.000E-20  3.586E-20  1.000E-20  1.000E-20  1.000E-20  1.000E-20  1.000E-20  1.000E-20  1.000E-20  1.000E-20  1.000E-20  1.000E-20  1.000E-20  1.000E-20  1.000E-20  1.000E-20  1.000E-20  1.000E-20  1.000E-20  1.000E-20  1.000E-20  1.000E-20  1.000E-20  1.000E-20  1.000E-20  1.000E-20  1.000E-20  1.000E-20  1.000E-20  1.037E-09
106  3.298E+00  7.101E+08  1.676E-09  1.000E-20  9.421E-01  3.566E-02  3.821E-04  1.441E-02  1.000E-20  7.490E-03  1.000E-20  9.013E-06  1.000E-20  3.592E-20  1.000E-20  1.000E-20  1.000E-20  1.000E-20  1.000E-20  1.000E-20  1.000E-20  1.000E-20  1.000E-20  1.000E-20  1.000E-20  1.000E-20  1.000E-20  1.000E-20  1.000E-20  1.000E-20  1.000E-20  1.000E-20  1.000E-20  1.000E-20  1.000E-20  1.000E-20  1.000E-20  1.000E-20  1.000E-20  1.000E-20  1.000E-20  1.108E-09
107  3.373E+00  7.312E+08  1.448E-09  1.000E-20  9.423E-01  3.553E-02  4.238E-04  1.436E-02  1.000E-20  7.463E-03  1.000E-20  8.981E-06  1.000E-20  3.579E-20  1.000E-20  1.000E-20  1.000E-20  1.000E-20  1.000E-20  1.000E-20  1.000E-20  1.000E-20  1.000E-20  1.000E-20  1.000E-20  1.000E-20  1.000E-20  1.000E-20  1.000E-20  1.000E-20  1.000E-20  1.000E-20  1.000E-20  1.000E-20  1.000E-20  1.000E-20  1.000E-20  1.000E-20  1.000E-20  1.000E-20  1.000E-20  1.076E-09
108  3.431E+00  7.493E+08  1.389E-09  1.000E-20  9.431E-01  3.487E-02  6.425E-04  1.409E-02  1.000E-20  7.324E-03  1.000E-20  8.813E-06  1.000E-20  3.513E-20  1.000E-20  1.000E-20  1.000E-20  1.000E-20  1.000E-20  1.000E-20  1.000E-20  1.000E-20  1.000E-20  1.000E-20  1.000E-20  1.000E-20  1.000E-20  1.000E-20  1.000E-20  1.000E-20  1.000E-20  1.000E-20  1.000E-20  1.000E-20  1.000E-20  1.000E-20  1.000E-20  1.000E-20  1.000E-20  1.000E-20  1.000E-20  1.001E-09
109  3.484E+00  7.656E+08  1.269E-09  1.000E-20  9.437E-01  3.441E-02  8.000E-04  1.390E-02  1.000E-20  7.221E-03  1.000E-20  8.695E-06  1.000E-20  3.466E-20  1.000E-20  1.000E-20  1.000E-20  1.000E-20  1.000E-20  1.000E-20  1.000E-20  1.000E-20  1.000E-20  1.000E-20  1.000E-20  1.000E-20  1.000E-20  1.000E-20  1.000E-20  1.000E-20  1.000E-20  1.000E-20  1.000E-20  1.000E-20  1.000E-20  1.000E-20  1.000E-20  1.000E-20  1.000E-20  1.000E-20  1.000E-20  8.187E-10
110  3.544E+00  7.850E+08  8.142E-10  1.000E-20  9.591E-01  2.240E-02  4.795E-03  9.038E-03  1.000E-20  4.656E-03  1.000E-20  5.650E-06  1.000E-20  2.256E-20  1.000E-20  1.000E-20  1.000E-20  1.000E-20  1.000E-20  1.000E-20  1.000E-20  1.000E-20  1.000E-20  1.000E-20  1.000E-20  1.000E-20  1.000E-20  1.000E-20  1.000E-20  1.000E-20  1.000E-20  1.000E-20  1.000E-20  1.000E-20  1.000E-20  1.000E-20  1.000E-20  1.000E-20  1.000E-20  1.000E-20  1.000E-20  7.136E-10
111  3.588E+00  8.062E+08  8.979E-10  1.000E-20  9.871E-01  6.249E-04  1.193E-02  2.523E-04  1.000E-20  1.303E-04  1.000E-20  1.577E-07  1.000E-20  1.000E-20  1.000E-20  1.000E-20  1.000E-20  1.000E-20  1.000E-20  1.000E-20  1.000E-20  1.000E-20  1.000E-20  1.000E-20  1.000E-20  1.000E-20  1.000E-20  1.000E-20  1.000E-20  1.000E-20  1.000E-20  1.000E-20  1.000E-20  1.000E-20  1.000E-20  1.000E-20  1.000E-20  1.000E-20  1.000E-20  1.000E-20  1.000E-20  6.813E-10
112  3.637E+00  8.266E+08  8.495E-10  1.000E-20  9.875E-01  2.976E-04  1.204E-02  1.202E-04  1.000E-20  6.250E-05  1.000E-20  7.521E-08  1.000E-20  1.000E-20  1.000E-20  1.000E-20  1.000E-20  1.000E-20  1.000E-20  1.000E-20  1.000E-20  1.000E-20  1.000E-20  1.000E-20  1.000E-20  1.000E-20  1.000E-20  1.000E-20  1.000E-20  1.000E-20  1.000E-20  1.000E-20  1.000E-20  1.000E-20  1.000E-20  1.000E-20  1.000E-20  1.000E-20  1.000E-20  1.000E-20  1.000E-20  7.224E-10
113  3.670E+00  8.404E+08  7.955E-10  1.000E-20  9.855E-01  1.860E-03  1.153E-02  7.518E-04  1.000E-20  3.908E-04  1.000E-20  4.702E-07  1.000E-20  1.000E-20  1.000E-20  1.000E-20  1.000E-20  1.000E-20  1.000E-20  1.000E-20  1.000E-20  1.000E-20  1.000E-20  1.000E-20  1.000E-20  1.000E-20  1.000E-20  1.000E-20  1.000E-20  1.000E-20  1.000E-20  1.000E-20  1.000E-20  1.000E-20  1.000E-20  1.000E-20  1.000E-20  1.000E-20  1.000E-20  1.000E-20  1.000E-20  8.157E-10
114  3.689E+00  8.484E+08  7.026E-10  1.000E-20  9.873E-01  4.468E-04  1.199E-02  1.806E-04  1.000E-20  9.385E-05  1.000E-20  1.129E-07  1.000E-20  1.000E-20  1.000E-20  1.000E-20  1.000E-20  1.000E-20  1.000E-20  1.000E-20  1.000E-20  1.000E-20  1.000E-20  1.000E-20  1.000E-20  1.000E-20  1.000E-20  1.000E-20  1.000E-20  1.000E-20  1.000E-20  1.000E-20  1.000E-20  1.000E-20  1.000E-20  1.000E-20  1.000E-20  1.000E-20  1.000E-20  1.000E-20  1.000E-20  6.906E-10
115  3.706E+00  8.568E+08  6.847E-10  1.000E-20  9.856E-01  1.816E-03  1.154E-02  7.340E-04  1.000E-20  3.815E-04  1.000E-20  4.591E-07  1.000E-20  1.000E-20  1.000E-20  1.000E-20  1.000E-20  1.000E-20  1.000E-20  1.000E-20  1.000E-20  1.000E-20  1.000E-20  1.000E-20  1.000E-20  1.000E-20  1.000E-20  1.000E-20  1.000E-20  1.000E-20  1.000E-20  1.000E-20  1.000E-20  1.000E-20  1.000E-20  1.000E-20  1.000E-20  1.000E-20  1.000E-20  1.000E-20  1.000E-20  5.678E-10
116  3.725E+00  8.659E+08  5.751E-10  1.000E-20  9.849E-01  2.305E-03  1.138E-02  9.315E-04  1.000E-20  4.842E-04  1.000E-20  5.826E-07  1.000E-20  1.000E-20  1.000E-20  1.000E-20  1.000E-20  1.000E-20  1.000E-20  1.000E-20  1.000E-20  1.000E-20  1.000E-20  1.000E-20  1.000E-20  1.000E-20  1.000E-20  1.000E-20  1.000E-20  1.000E-20  1.000E-20  1.000E-20  1.000E-20  1.000E-20  1.000E-20  1.000E-20  1.000E-20  1.000E-20  1.000E-20  1.000E-20  1.000E-20  4.490E-10
117  3.745E+00  8.773E+08  7.167E-10  1.000E-20  9.861E-01  1.425E-03  1.167E-02  5.757E-04  1.000E-20  2.992E-04  1.000E-20  3.601E-07  1.000E-20  1.000E-20  1.000E-20  1.000E-20  1.000E-20  1.000E-20  1.000E-20  1.000E-20  1.000E-20  1.000E-20  1.000E-20  1.000E-20  1.000E-20  1.000E-20  1.000E-20  1.000E-20  1.000E-20  1.000E-20  1.000E-20  1.000E-20  1.000E-20  1.000E-20  1.000E-20  1.000E-20  1.000E-20  1.000E-20  1.000E-20  1.000E-20  1.000E-20  3.952E-10
118  3.774E+00  8.899E+08  5.792E-10  1.000E-20  9.873E-01  4.947E-04  1.198E-02  1.999E-04  1.000E-20  1.039E-04  1.000E-20  1.250E-07  1.000E-20  1.000E-20  1.000E-20  1.000E-20  1.000E-20  1.000E-20  1.000E-20  1.000E-20  1.000E-20  1.000E-20  1.000E-20  1.000E-20  1.000E-20  1.000E-20  1.000E-20  1.000E-20  1.000E-20  1.000E-20  1.000E-20  1.000E-20  1.000E-20  1.000E-20  1.000E-20  1.000E-20  1.000E-20  1.000E-20  1.000E-20  1.000E-20  1.000E-20  3.747E-10
119  3.796E+00  9.020E+08  4.873E-10  1.000E-20  9.870E-01  6.999E-04  1.191E-02  2.828E-04  1.000E-20  1.470E-04  1.000E-20  1.769E-07  1.000E-20  1.000E-20  1.000E-20  1.000E-20  1.000E-20  1.000E-20  1.000E-20  1.000E-20  1.000E-20  1.000E-20  1.000E-20  1.000E-20  1.000E-20  1.000E-20  1.000E-20  1.000E-20  1.000E-20  1.000E-20  1.000E-20  1.000E-20  1.000E-20  1.000E-20  1.000E-20  1.000E-20  1.000E-20  1.000E-20  1.000E-20  1.000E-20  1.000E-20  3.548E-10
120  3.815E+00  9.135E+08  2.603E-10  1.000E-20  9.862E-01  1.321E-03  1.170E-02  5.336E-04  1.000E-20  2.774E-04  1.000E-20  3.338E-07  1.000E-20  1.000E-20  1.000E-20  1.000E-20  1.000E-20  1.000E-20  1.000E-20  1.000E-20  1.000E-20  1.000E-20  1.000E-20  1.000E-20  1.000E-20  1.000E-20  1.000E-20  1.000E-20  1.000E-20  1.000E-20  1.000E-20  1.000E-20  1.000E-20  1.000E-20  1.000E-20  1.000E-20  1.000E-20  1.000E-20  1.000E-20  1.000E-20  1.000E-20  3.263E-10
121  3.825E+00  9.252E+08  2.971E-10  1.000E-20  9.867E-01  9.463E-04  1.183E-02  3.824E-04  1.000E-20  1.988E-04  1.000E-20  2.392E-07  1.000E-20  1.000E-20  1.000E-20  1.000E-20  1.000E-20  1.000E-20  1.000E-20  1.000E-20  1.000E-20  1.000E-20  1.000E-20  1.000E-20  1.000E-20  1.000E-20  1.000E-20  1.000E-20  1.000E-20  1.000E-20  1.000E-20  1.000E-20  1.000E-20  1.000E-20  1.000E-20  1.000E-20  1.000E-20  1.000E-20  1.000E-20  1.000E-20  1.000E-20  2.983E-10
122  3.838E+00  9.370E+08  2.205E-10  1.000E-20  9.869E-01  7.937E-04  1.188E-02  3.207E-04  1.000E-20  1.667E-04  1.000E-20  2.006E-07  1.000E-20  1.000E-20  1.000E-20  1.000E-20  1.000E-20  1.000E-20  1.000E-20  1.000E-20  1.000E-20  1.000E-20  1.000E-20  1.000E-20  1.000E-20  1.000E-20  1.000E-20  1.000E-20  1.000E-20  1.000E-20  1.000E-20  1.000E-20  1.000E-20  1.000E-20  1.000E-20  1.000E-20  1.000E-20  1.000E-20  1.000E-20  1.000E-20  1.000E-20  2.675E-10
123  3.848E+00  9.493E+08  1.862E-10  1.000E-20  9.865E-01  1.099E-03  1.178E-02  4.442E-04  1.000E-20  2.309E-04  1.000E-20  2.779E-07  1.000E-20  1.000E-20  1.000E-20  1.000E-20  1.000E-20  1.000E-20  1.000E-20  1.000E-20  1.000E-20  1.000E-20  1.000E-20  1.000E-20  1.000E-20  1.000E-20  1.000E-20  1.000E-20  1.000E-20  1.000E-20  1.000E-20  1.000E-20  1.000E-20  1.000E-20  1.000E-20  1.000E-20  1.000E-20  1.000E-20  1.000E-20  1.000E-20  1.000E-20  2.349E-10
124  3.857E+00  9.627E+08  1.816E-10  1.000E-20  9.864E-01  1.206E-03  1.174E-02  4.873E-04  1.000E-20  2.533E-04  1.000E-20  3.048E-07  1.000E-20  1.000E-20  1.000E-20  1.000E-20  1.000E-20  1.000E-20  1.000E-20  1.000E-20  1.000E-20  1.000E-20  1.000E-20  1.000E-20  1.000E-20  1.000E-20  1.000E-20  1.000E-20  1.000E-20  1.000E-20  1.000E-20  1.000E-20  1.000E-20  1.000E-20  1.000E-20  1.000E-20  1.000E-20  1.000E-20  1.000E-20  1.000E-20  1.000E-20  1.968E-10
125  3.868E+00  9.786E+08  2.055E-10  1.000E-20  9.807E-01  5.619E-03  1.029E-02  2.271E-03  1.000E-20  1.180E-03  1.000E-20  1.420E-06  1.000E-20  1.000E-20  1.000E-20  1.000E-20  1.000E-20  1.000E-20  1.000E-20  1.000E-20  1.000E-20  1.000E-20  1.000E-20  1.000E-20  1.000E-20  1.000E-20  1.000E-20  1.000E-20  1.000E-20  1.000E-20  1.000E-20  1.000E-20  1.000E-20  1.000E-20  1.000E-20  1.000E-20  1.000E-20  1.000E-20  1.000E-20  1.000E-20  1.000E-20  1.608E-10
126  3.883E+00  9.972E+08  1.374E-10  1.000E-20  9.814E-01  5.064E-03  1.047E-02  2.046E-03  1.000E-20  1.063E-03  1.000E-20  1.280E-06  1.000E-20  1.000E-20  1.000E-20  1.000E-20  1.000E-20  1.000E-20  1.000E-20  1.000E-20  1.000E-20  1.000E-20  1.000E-20  1.000E-20  1.000E-20  1.000E-20  1.000E-20  1.000E-20  1.000E-20  1.000E-20  1.000E-20  1.000E-20  1.000E-20  1.000E-20  1.000E-20  1.000E-20  1.000E-20  1.000E-20  1.000E-20  1.000E-20  1.000E-20  1.191E-10
127  3.910E+00  1.044E+09  9.384E-11  1.000E-20  9.854E-01  1.928E-03  1.150E-02  7.790E-04  1.000E-20  4.049E-04  1.000E-20  4.873E-07  1.000E-20  1.000E-20  1.000E-20  1.000E-20  1.000E-20  1.000E-20  1.000E-20  1.000E-20  1.000E-20  1.000E-20  1.000E-20  1.000E-20  1.000E-20  1.000E-20  1.000E-20  1.000E-20  1.000E-20  1.000E-20  1.000E-20  1.000E-20  1.000E-20  1.000E-20  1.000E-20  1.000E-20  1.000E-20  1.000E-20  1.000E-20  1.000E-20  1.000E-20  1.279E-10
128  3.934E+00  1.099E+09  9.134E-11  1.000E-20  9.839E-01  3.108E-03  1.112E-02  1.256E-03  1.000E-20  6.521E-04  1.000E-20  7.854E-07  1.000E-20  1.000E-20  1.000E-20  1.000E-20  1.000E-20  1.000E-20  1.000E-20  1.000E-20  1.000E-20  1.000E-20  1.000E-20  1.000E-20  1.000E-20  1.000E-20  1.000E-20  1.000E-20  1.000E-20  1.000E-20  1.000E-20  1.000E-20  1.000E-20  1.000E-20  1.000E-20  1.000E-20  1.000E-20  1.000E-20  1.000E-20  1.000E-20  1.000E-20  1.100E-10
129  3.957E+00  1.147E+09  6.494E-11  1.000E-20  9.827E-01  4.017E-03  1.082E-02  1.623E-03  1.000E-20  8.437E-04  1.000E-20  1.015E-06  1.000E-20  1.000E-20  1.000E-20  1.000E-20  1.000E-20  1.000E-20  1.000E-20  1.000E-20  1.000E-20  1.000E-20  1.000E-20  1.000E-20  1.000E-20  1.000E-20  1.000E-20  1.000E-20  1.000E-20  1.000E-20  1.000E-20  1.000E-20  1.000E-20  1.000E-20  1.000E-20  1.000E-20  1.000E-20  1.000E-20  1.000E-20  1.000E-20  1.000E-20  1.030E-10
130  3.970E+00  1.184E+09  4.604E-11  1.000E-20  9.833E-01  3.619E-03  1.095E-02  1.462E-03  1.000E-20  7.593E-04  1.000E-20  9.144E-07  1.000E-20  1.000E-20  1.000E-20  1.000E-20  1.000E-20  1.000E-20  1.000E-20  1.000E-20  1.000E-20  1.000E-20  1.000E-20  1.000E-20  1.000E-20  1.000E-20  1.000E-20  1.000E-20  1.000E-20  1.000E-20  1.000E-20  1.000E-20  1.000E-20  1.000E-20  1.000E-20  1.000E-20  1.000E-20  1.000E-20  1.000E-20  1.000E-20  1.000E-20  6.866E-11
131  3.981E+00  1.226E+09  3.098E-11  1.000E-20  9.879E-01  1.000E-20  1.214E-02  1.000E-20  1.000E-20  1.000E-20  1.000E-20  1.000E-20  1.000E-20  1.000E-20  1.000E-20  1.000E-20  1.000E-20  1.000E-20  1.000E-20  1.000E-20  1.000E-20  1.000E-20  1.000E-20  1.000E-20  1.000E-20  1.000E-20  1.000E-20  1.000E-20  1.000E-20  1.000E-20  1.000E-20  1.000E-20  1.000E-20  1.000E-20  1.000E-20  1.000E-20  1.000E-20  1.000E-20  1.000E-20  1.000E-20  1.000E-20  6.774E-11
132  3.988E+00  1.262E+09  2.279E-11  1.000E-20  9.879E-01  1.000E-20  1.214E-02  1.000E-20  1.000E-20  1.000E-20  1.000E-20  1.000E-20  1.000E-20  1.000E-20  1.000E-20  1.000E-20  1.000E-20  1.000E-20  1.000E-20  1.000E-20  1.000E-20  1.000E-20  1.000E-20  1.000E-20  1.000E-20  1.000E-20  1.000E-20  1.000E-20  1.000E-20  1.000E-20  1.000E-20  1.000E-20  1.000E-20  1.000E-20  1.000E-20  1.000E-20  1.000E-20  1.000E-20  1.000E-20  1.000E-20  1.000E-20  4.612E-11
133  3.994E+00  1.301E+09  1.652E-11  1.000E-20  9.879E-01  1.000E-20  1.214E-02  1.000E-20  1.000E-20  1.000E-20  1.000E-20  1.000E-20  1.000E-20  1.000E-20  1.000E-20  1.000E-20  1.000E-20  1.000E-20  1.000E-20  1.000E-20  1.000E-20  1.000E-20  1.000E-20  1.000E-20  1.000E-20  1.000E-20  1.000E-20  1.000E-20  1.000E-20  1.000E-20  1.000E-20  1.000E-20  1.000E-20  1.000E-20  1.000E-20  1.000E-20  1.000E-20  1.000E-20  1.000E-20  1.000E-20  1.000E-20  3.908E-11
134  3.998E+00  1.332E+09  9.756E-12  1.000E-20  9.879E-01  1.000E-20  1.214E-02  1.000E-20  1.000E-20  1.000E-20  1.000E-20  1.000E-20  1.000E-20  1.000E-20  1.000E-20  1.000E-20  1.000E-20  1.000E-20  1.000E-20  1.000E-20  1.000E-20  1.000E-20  1.000E-20  1.000E-20  1.000E-20  1.000E-20  1.000E-20  1.000E-20  1.000E-20  1.000E-20  1.000E-20  1.000E-20  1.000E-20  1.000E-20  1.000E-20  1.000E-20  1.000E-20  1.000E-20  1.000E-20  1.000E-20  1.000E-20  3.060E-11
135  4.000E+00  1.366E+09  4.391E-13  1.000E-20  9.879E-01  1.000E-20  1.214E-02  1.000E-20  1.000E-20  1.000E-20  1.000E-20  1.000E-20  1.000E-20  1.000E-20  1.000E-20  1.000E-20  1.000E-20  1.000E-20  1.000E-20  1.000E-20  1.000E-20  1.000E-20  1.000E-20  1.000E-20  1.000E-20  1.000E-20  1.000E-20  1.000E-20  1.000E-20  1.000E-20  1.000E-20  1.000E-20  1.000E-20  1.000E-20  1.000E-20  1.000E-20  1.000E-20  1.000E-20  1.000E-20  1.000E-20  1.000E-20  2.459E-11
136  4.000E+00  1.403E+09  1.045E-13  1.000E-20  9.879E-01  1.000E-20  1.214E-02  1.000E-20  1.000E-20  1.000E-20  1.000E-20  1.000E-20  1.000E-20  1.000E-20  1.000E-20  1.000E-20  1.000E-20  1.000E-20  1.000E-20  1.000E-20  1.000E-20  1.000E-20  1.000E-20  1.000E-20  1.000E-20  1.000E-20  1.000E-20  1.000E-20  1.000E-20  1.000E-20  1.000E-20  1.000E-20  1.000E-20  1.000E-20  1.000E-20  1.000E-20  1.000E-20  1.000E-20  1.000E-20  1.000E-20  1.000E-20  1.959E-11
137  4.000E+00  1.441E+09  3.045E-13  1.000E-20  9.879E-01  1.000E-20  1.214E-02  1.000E-20  1.000E-20  1.000E-20  1.000E-20  1.000E-20  1.000E-20  1.000E-20  1.000E-20  1.000E-20  1.000E-20  1.000E-20  1.000E-20  1.000E-20  1.000E-20  1.000E-20  1.000E-20  1.000E-20  1.000E-20  1.000E-20  1.000E-20  1.000E-20  1.000E-20  1.000E-20  1.000E-20  1.000E-20  1.000E-20  1.000E-20  1.000E-20  1.000E-20  1.000E-20  1.000E-20  1.000E-20  1.000E-20  1.000E-20  1.602E-11
138  4.000E+00  1.482E+09  0.000E+00  1.000E-20  1.000E-20  1.000E-20  1.000E-20  1.000E-20  1.000E-20  1.000E-20  1.000E-20  1.000E-20  1.000E-20  1.000E-20  1.000E-20  1.000E-20  1.000E-20  1.000E-20  1.000E-20  1.000E-20  1.000E-20  1.000E-20  1.000E-20  1.000E-20  1.000E-20  1.000E-20  1.000E-20  1.000E-20  1.000E-20  1.000E-20  1.000E-20  1.000E-20  1.000E-20  1.000E-20  1.000E-20  1.000E-20  1.000E-20  1.000E-20  1.000E-20  1.000E-20  1.000E-20  1.421E-11
139  4.000E+00  1.525E+09  0.000E+00  1.000E-20  1.000E-20  1.000E-20  1.000E-20  1.000E-20  1.000E-20  1.000E-20  1.000E-20  1.000E-20  1.000E-20  1.000E-20  1.000E-20  1.000E-20  1.000E-20  1.000E-20  1.000E-20  1.000E-20  1.000E-20  1.000E-20  1.000E-20  1.000E-20  1.000E-20  1.000E-20  1.000E-20  1.000E-20  1.000E-20  1.000E-20  1.000E-20  1.000E-20  1.000E-20  1.000E-20  1.000E-20  1.000E-20  1.000E-20  1.000E-20  1.000E-20  1.000E-20  1.000E-20  8.609E-12
140  4.000E+00  1.581E+09  0.000E+00  1.000E-20  1.000E-20  1.000E-20  1.000E-20  1.000E-20  1.000E-20  1.000E-20  1.000E-20  1.000E-20  1.000E-20  1.000E-20  1.000E-20  1.000E-20  1.000E-20  1.000E-20  1.000E-20  1.000E-20  1.000E-20  1.000E-20  1.000E-20  1.000E-20  1.000E-20  1.000E-20  1.000E-20  1.000E-20  1.000E-20  1.000E-20  1.000E-20  1.000E-20  1.000E-20  1.000E-20  1.000E-20  1.000E-20  1.000E-20  1.000E-20  1.000E-20  1.000E-20  1.000E-20  8.485E-12
141  4.000E+00  1.626E+09  0.000E+00  1.000E-20  1.000E-20  1.000E-20  1.000E-20  1.000E-20  1.000E-20  1.000E-20  1.000E-20  1.000E-20  1.000E-20  1.000E-20  1.000E-20  1.000E-20  1.000E-20  1.000E-20  1.000E-20  1.000E-20  1.000E-20  1.000E-20  1.000E-20  1.000E-20  1.000E-20  1.000E-20  1.000E-20  1.000E-20  1.000E-20  1.000E-20  1.000E-20  1.000E-20  1.000E-20  1.000E-20  1.000E-20  1.000E-20  1.000E-20  1.000E-20  1.000E-20  1.000E-20  1.000E-20  7.837E-12
142  4.000E+00  1.668E+09  0.000E+00  1.000E-20  1.000E-20  1.000E-20  1.000E-20  1.000E-20  1.000E-20  1.000E-20  1.000E-20  1.000E-20  1.000E-20  1.000E-20  1.000E-20  1.000E-20  1.000E-20  1.000E-20  1.000E-20  1.000E-20  1.000E-20  1.000E-20  1.000E-20  1.000E-20  1.000E-20  1.000E-20  1.000E-20  1.000E-20  1.000E-20  1.000E-20  1.000E-20  1.000E-20  1.000E-20  1.000E-20  1.000E-20  1.000E-20  1.000E-20  1.000E-20  1.000E-20  1.000E-20  1.000E-20  6.783E-12
143  4.000E+00  1.708E+09  0.000E+00  1.000E-20  1.000E-20  1.000E-20  1.000E-20  1.000E-20  1.000E-20  1.000E-20  1.000E-20  1.000E-20  1.000E-20  1.000E-20  1.000E-20  1.000E-20  1.000E-20  1.000E-20  1.000E-20  1.000E-20  1.000E-20  1.000E-20  1.000E-20  1.000E-20  1.000E-20  1.000E-20  1.000E-20  1.000E-20  1.000E-20  1.000E-20  1.000E-20  1.000E-20  1.000E-20  1.000E-20  1.000E-20  1.000E-20  1.000E-20  1.000E-20  1.000E-20  1.000E-20  1.000E-20  5.685E-12
144  4.000E+00  1.750E+09  0.000E+00  1.000E-20  1.000E-20  1.000E-20  1.000E-20  1.000E-20  1.000E-20  1.000E-20  1.000E-20  1.000E-20  1.000E-20  1.000E-20  1.000E-20  1.000E-20  1.000E-20  1.000E-20  1.000E-20  1.000E-20  1.000E-20  1.000E-20  1.000E-20  1.000E-20  1.000E-20  1.000E-20  1.000E-20  1.000E-20  1.000E-20  1.000E-20  1.000E-20  1.000E-20  1.000E-20  1.000E-20  1.000E-20  1.000E-20  1.000E-20  1.000E-20  1.000E-20  1.000E-20  1.000E-20  4.720E-12
145  4.000E+00  1.793E+09  0.000E+00  1.000E-20  1.000E-20  1.000E-20  1.000E-20  1.000E-20  1.000E-20  1.000E-20  1.000E-20  1.000E-20  1.000E-20  1.000E-20  1.000E-20  1.000E-20  1.000E-20  1.000E-20  1.000E-20  1.000E-20  1.000E-20  1.000E-20  1.000E-20  1.000E-20  1.000E-20  1.000E-20  1.000E-20  1.000E-20  1.000E-20  1.000E-20  1.000E-20  1.000E-20  1.000E-20  1.000E-20  1.000E-20  1.000E-20  1.000E-20  1.000E-20  1.000E-20  1.000E-20  1.000E-20  3.991E-12
146  4.000E+00  1.837E+09  0.000E+00  1.000E-20  1.000E-20  1.000E-20  1.000E-20  1.000E-20  1.000E-20  1.000E-20  1.000E-20  1.000E-20  1.000E-20  1.000E-20  1.000E-20  1.000E-20  1.000E-20  1.000E-20  1.000E-20  1.000E-20  1.000E-20  1.000E-20  1.000E-20  1.000E-20  1.000E-20  1.000E-20  1.000E-20  1.000E-20  1.000E-20  1.000E-20  1.000E-20  1.000E-20  1.000E-20  1.000E-20  1.000E-20  1.000E-20  1.000E-20  1.000E-20  1.000E-20  1.000E-20  1.000E-20  3.372E-12
147  4.000E+00  1.884E+09  0.000E+00  1.000E-20  1.000E-20  1.000E-20  1.000E-20  1.000E-20  1.000E-20  1.000E-20  1.000E-20  1.000E-20  1.000E-20  1.000E-20  1.000E-20  1.000E-20  1.000E-20  1.000E-20  1.000E-20  1.000E-20  1.000E-20  1.000E-20  1.000E-20  1.000E-20  1.000E-20  1.000E-20  1.000E-20  1.000E-20  1.000E-20  1.000E-20  1.000E-20  1.000E-20  1.000E-20  1.000E-20  1.000E-20  1.000E-20  1.000E-20  1.000E-20  1.000E-20  1.000E-20  1.000E-20  2.906E-12
148  4.000E+00  1.929E+09  0.000E+00  1.000E-20  1.000E-20  1.000E-20  1.000E-20  1.000E-20  1.000E-20  1.000E-20  1.000E-20  1.000E-20  1.000E-20  1.000E-20  1.000E-20  1.000E-20  1.000E-20  1.000E-20  1.000E-20  1.000E-20  1.000E-20  1.000E-20  1.000E-20  1.000E-20  1.000E-20  1.000E-20  1.000E-20  1.000E-20  1.000E-20  1.000E-20  1.000E-20  1.000E-20  1.000E-20  1.000E-20  1.000E-20  1.000E-20  1.000E-20  1.000E-20  1.000E-20  1.000E-20  1.000E-20  2.455E-12
149  4.000E+00  1.972E+09  0.000E+00  1.000E-20  1.000E-20  1.000E-20  1.000E-20  1.000E-20  1.000E-20  1.000E-20  1.000E-20  1.000E-20  1.000E-20  1.000E-20  1.000E-20  1.000E-20  1.000E-20  1.000E-20  1.000E-20  1.000E-20  1.000E-20  1.000E-20  1.000E-20  1.000E-20  1.000E-20  1.000E-20  1.000E-20  1.000E-20  1.000E-20  1.000E-20  1.000E-20  1.000E-20  1.000E-20  1.000E-20  1.000E-20  1.000E-20  1.000E-20  1.000E-20  1.000E-20  1.000E-20  1.000E-20  2.008E-12
150  4.000E+00  2.019E+09  0.000E+00  1.000E-20  1.000E-20  1.000E-20  1.000E-20  1.000E-20  1.000E-20  1.000E-20  1.000E-20  1.000E-20  1.000E-20  1.000E-20  1.000E-20  1.000E-20  1.000E-20  1.000E-20  1.000E-20  1.000E-20  1.000E-20  1.000E-20  1.000E-20  1.000E-20  1.000E-20  1.000E-20  1.000E-20  1.000E-20  1.000E-20  1.000E-20  1.000E-20  1.000E-20  1.000E-20  1.000E-20  1.000E-20  1.000E-20  1.000E-20  1.000E-20  1.000E-20  1.000E-20  1.000E-20  1.635E-12
151  4.000E+00  2.069E+09  0.000E+00  1.000E-20  1.000E-20  1.000E-20  1.000E-20  1.000E-20  1.000E-20  1.000E-20  1.000E-20  1.000E-20  1.000E-20  1.000E-20  1.000E-20  1.000E-20  1.000E-20  1.000E-20  1.000E-20  1.000E-20  1.000E-20  1.000E-20  1.000E-20  1.000E-20  1.000E-20  1.000E-20  1.000E-20  1.000E-20  1.000E-20  1.000E-20  1.000E-20  1.000E-20  1.000E-20  1.000E-20  1.000E-20  1.000E-20  1.000E-20  1.000E-20  1.000E-20  1.000E-20  1.000E-20  1.285E-12
152  4.000E+00  2.123E+09  0.000E+00  1.000E-20  1.000E-20  1.000E-20  1.000E-20  1.000E-20  1.000E-20  1.000E-20  1.000E-20  1.000E-20  1.000E-20  1.000E-20  1.000E-20  1.000E-20  1.000E-20  1.000E-20  1.000E-20  1.000E-20  1.000E-20  1.000E-20  1.000E-20  1.000E-20  1.000E-20  1.000E-20  1.000E-20  1.000E-20  1.000E-20  1.000E-20  1.000E-20  1.000E-20  1.000E-20  1.000E-20  1.000E-20  1.000E-20  1.000E-20  1.000E-20  1.000E-20  1.000E-20  1.000E-20  9.689E-13
153  4.000E+00  2.183E+09  0.000E+00  1.000E-20  1.000E-20  1.000E-20  1.000E-20  1.000E-20  1.000E-20  1.000E-20  1.000E-20  1.000E-20  1.000E-20  1.000E-20  1.000E-20  1.000E-20  1.000E-20  1.000E-20  1.000E-20  1.000E-20  1.000E-20  1.000E-20  1.000E-20  1.000E-20  1.000E-20  1.000E-20  1.000E-20  1.000E-20  1.000E-20  1.000E-20  1.000E-20  1.000E-20  1.000E-20  1.000E-20  1.000E-20  1.000E-20  1.000E-20  1.000E-20  1.000E-20  1.000E-20  1.000E-20  6.981E-13
154  4.000E+00  2.285E+09  0.000E+00  1.000E-20  1.000E-20  1.000E-20  1.000E-20  1.000E-20  1.000E-20  1.000E-20  1.000E-20  1.000E-20  1.000E-20  1.000E-20  1.000E-20  1.000E-20  1.000E-20  1.000E-20  1.000E-20  1.000E-20  1.000E-20  1.000E-20  1.000E-20  1.000E-20  1.000E-20  1.000E-20  1.000E-20  1.000E-20  1.000E-20  1.000E-20  1.000E-20  1.000E-20  1.000E-20  1.000E-20  1.000E-20  1.000E-20  1.000E-20  1.000E-20  1.000E-20  1.000E-20  1.000E-20  5.650E-13
155  4.000E+00  2.386E+09  0.000E+00  1.000E-20  1.000E-20  1.000E-20  1.000E-20  1.000E-20  1.000E-20  1.000E-20  1.000E-20  1.000E-20  1.000E-20  1.000E-20  1.000E-20  1.000E-20  1.000E-20  1.000E-20  1.000E-20  1.000E-20  1.000E-20  1.000E-20  1.000E-20  1.000E-20  1.000E-20  1.000E-20  1.000E-20  1.000E-20  1.000E-20  1.000E-20  1.000E-20  1.000E-20  1.000E-20  1.000E-20  1.000E-20  1.000E-20  1.000E-20  1.000E-20  1.000E-20  1.000E-20  1.000E-20  5.185E-13
156  4.000E+00  2.446E+09  0.000E+00  1.000E-20  1.000E-20  1.000E-20  1.000E-20  1.000E-20  1.000E-20  1.000E-20  1.000E-20  1.000E-20  1.000E-20  1.000E-20  1.000E-20  1.000E-20  1.000E-20  1.000E-20  1.000E-20  1.000E-20  1.000E-20  1.000E-20  1.000E-20  1.000E-20  1.000E-20  1.000E-20  1.000E-20  1.000E-20  1.000E-20  1.000E-20  1.000E-20  1.000E-20  1.000E-20  1.000E-20  1.000E-20  1.000E-20  1.000E-20  1.000E-20  1.000E-20  1.000E-20  1.000E-20  3.946E-13
157  4.000E+00  2.512E+09  0.000E+00  1.000E-20  1.000E-20  1.000E-20  1.000E-20  1.000E-20  1.000E-20  1.000E-20  1.000E-20  1.000E-20  1.000E-20  1.000E-20  1.000E-20  1.000E-20  1.000E-20  1.000E-20  1.000E-20  1.000E-20  1.000E-20  1.000E-20  1.000E-20  1.000E-20  1.000E-20  1.000E-20  1.000E-20  1.000E-20  1.000E-20  1.000E-20  1.000E-20  1.000E-20  1.000E-20  1.000E-20  1.000E-20  1.000E-20  1.000E-20  1.000E-20  1.000E-20  1.000E-20  1.000E-20  2.934E-13
158  4.000E+00  2.583E+09  0.000E+00  1.000E-20  1.000E-20  1.000E-20  1.000E-20  1.000E-20  1.000E-20  1.000E-20  1.000E-20  1.000E-20  1.000E-20  1.000E-20  1.000E-20  1.000E-20  1.000E-20  1.000E-20  1.000E-20  1.000E-20  1.000E-20  1.000E-20  1.000E-20  1.000E-20  1.000E-20  1.000E-20  1.000E-20  1.000E-20  1.000E-20  1.000E-20  1.000E-20  1.000E-20  1.000E-20  1.000E-20  1.000E-20  1.000E-20  1.000E-20  1.000E-20  1.000E-20  1.000E-20  1.000E-20  1.826E-13
159  4.000E+00  2.682E+09  0.000E+00  1.000E-20  1.000E-20  1.000E-20  1.000E-20  1.000E-20  1.000E-20  1.000E-20  1.000E-20  1.000E-20  1.000E-20  1.000E-20  1.000E-20  1.000E-20  1.000E-20  1.000E-20  1.000E-20  1.000E-20  1.000E-20  1.000E-20  1.000E-20  1.000E-20  1.000E-20  1.000E-20  1.000E-20  1.000E-20  1.000E-20  1.000E-20  1.000E-20  1.000E-20  1.000E-20  1.000E-20  1.000E-20  1.000E-20  1.000E-20  1.000E-20  1.000E-20  1.000E-20  1.000E-20  1.061E-13
160  4.000E+00  2.835E+09  0.000E+00  1.000E-20  1.000E-20  1.000E-20  1.000E-20  1.000E-20  1.000E-20  1.000E-20  1.000E-20  1.000E-20  1.000E-20  1.000E-20  1.000E-20  1.000E-20  1.000E-20  1.000E-20  1.000E-20  1.000E-20  1.000E-20  1.000E-20  1.000E-20  1.000E-20  1.000E-20  1.000E-20  1.000E-20  1.000E-20  1.000E-20  1.000E-20  1.000E-20  1.000E-20  1.000E-20  1.000E-20  1.000E-20  1.000E-20  1.000E-20  1.000E-20  1.000E-20  1.000E-20  1.000E-20  6.951E-14
161  4.000E+00  3.025E+09  0.000E+00  1.000E-20  1.000E-20  1.000E-20  1.000E-20  1.000E-20  1.000E-20  1.000E-20  1.000E-20  1.000E-20  1.000E-20  1.000E-20  1.000E-20  1.000E-20  1.000E-20  1.000E-20  1.000E-20  1.000E-20  1.000E-20  1.000E-20  1.000E-20  1.000E-20  1.000E-20  1.000E-20  1.000E-20  1.000E-20  1.000E-20  1.000E-20  1.000E-20  1.000E-20  1.000E-20  1.000E-20  1.000E-20  1.000E-20  1.000E-20  1.000E-20  1.000E-20  1.000E-20  1.000E-20  3.311E-13
162  4.000E+00  3.055E+09  0.000E+00  1.000E-20  1.000E-20  1.000E-20  1.000E-20  1.000E-20  1.000E-20  1.000E-20  1.000E-20  1.000E-20  1.000E-20  1.000E-20  1.000E-20  1.000E-20  1.000E-20  1.000E-20  1.000E-20  1.000E-20  1.000E-20  1.000E-20  1.000E-20  1.000E-20  1.000E-20  1.000E-20  1.000E-20  1.000E-20  1.000E-20  1.000E-20  1.000E-20  1.000E-20  1.000E-20  1.000E-20  1.000E-20  1.000E-20  1.000E-20  1.000E-20  1.000E-20  1.000E-20  1.000E-20  1.000E-24
