  1  1.375E+00 -1.124E+05  2.114E+06  1.316E-12  1.901E-11  1.448E-05  1.015E-22  4.001E-01  0.000E+00  3.639E-05  4.291E-08  5.639E-04  2.148E-05  5.261E-01  4.861E-04  0.000E+00  5.741E-02  4.575E-04  1.321E-02  0.000E+00  3.165E-04  1.282E-03  0.000E+00  0.000E+00  0.000E+00  0.000E+00  0.000E+00  0.000E+00  0.000E+00  0.000E+00  0.000E+00  0.000E+00  0.000E+00  0.000E+00  0.000E+00  0.000E+00  0.000E+00  0.000E+00  0.000E+00  0.000E+00  0.000E+00
  2  1.383E+00 -1.526E+07  1.731E+06  1.316E-12  1.901E-11  1.448E-05  1.015E-22  4.001E-01  0.000E+00  3.639E-05  4.291E-08  5.639E-04  2.148E-05  5.261E-01  4.861E-04  0.000E+00  5.741E-02  4.575E-04  1.321E-02  0.000E+00  3.165E-04  1.282E-03  0.000E+00  0.000E+00  0.000E+00  0.000E+00  0.000E+00  0.000E+00  0.000E+00  0.000E+00  0.000E+00  0.000E+00  0.000E+00  0.000E+00  0.000E+00  0.000E+00  0.000E+00  0.000E+00  0.000E+00  0.000E+00  0.000E+00
  3  1.391E+00 -2.365E+07  1.435E+06  1.316E-12  1.901E-11  1.448E-05  1.015E-22  4.001E-01  0.000E+00  3.639E-05  4.291E-08  5.639E-04  2.148E-05  5.261E-01  4.861E-04  0.000E+00  5.741E-02  4.575E-04  1.321E-02  0.000E+00  3.165E-04  1.282E-03  0.000E+00  0.000E+00  0.000E+00  0.000E+00  0.000E+00  0.000E+00  0.000E+00  0.000E+00  0.000E+00  0.000E+00  0.000E+00  0.000E+00  0.000E+00  0.000E+00  0.000E+00  0.000E+00  0.000E+00  0.000E+00  0.000E+00
  4  1.399E+00 -3.351E+07  1.207E+06  1.316E-12  1.901E-11  1.448E-05  1.015E-22  4.001E-01  0.000E+00  3.639E-05  4.291E-08  5.639E-04  2.148E-05  5.261E-01  4.861E-04  0.000E+00  5.741E-02  4.575E-04  1.321E-02  0.000E+00  3.165E-04  1.282E-03  0.000E+00  0.000E+00  0.000E+00  0.000E+00  0.000E+00  0.000E+00  0.000E+00  0.000E+00  0.000E+00  0.000E+00  0.000E+00  0.000E+00  0.000E+00  0.000E+00  0.000E+00  0.000E+00  0.000E+00  0.000E+00  0.000E+00
  5  1.407E+00 -3.724E+07  1.026E+06  1.316E-12  1.901E-11  1.448E-05  1.015E-22  4.001E-01  0.000E+00  3.639E-05  4.291E-08  5.639E-04  2.148E-05  5.261E-01  4.861E-04  0.000E+00  5.741E-02  4.575E-04  1.321E-02  0.000E+00  3.165E-04  1.282E-03  0.000E+00  0.000E+00  0.000E+00  0.000E+00  0.000E+00  0.000E+00  0.000E+00  0.000E+00  0.000E+00  0.000E+00  0.000E+00  0.000E+00  0.000E+00  0.000E+00  0.000E+00  0.000E+00  0.000E+00  0.000E+00  0.000E+00
  6  1.415E+00 -4.359E+07  8.818E+05  1.316E-12  1.901E-11  1.448E-05  1.015E-22  4.001E-01  0.000E+00  3.639E-05  4.291E-08  5.639E-04  2.148E-05  5.261E-01  4.861E-04  0.000E+00  5.741E-02  4.575E-04  1.321E-02  0.000E+00  3.165E-04  1.282E-03  0.000E+00  0.000E+00  0.000E+00  0.000E+00  0.000E+00  0.000E+00  0.000E+00  0.000E+00  0.000E+00  0.000E+00  0.000E+00  0.000E+00  0.000E+00  0.000E+00  0.000E+00  0.000E+00  0.000E+00  0.000E+00  0.000E+00
  7  1.423E+00 -5.347E+07  7.633E+05  1.316E-12  1.901E-11  1.448E-05  1.015E-22  4.001E-01  0.000E+00  3.639E-05  4.291E-08  5.639E-04  2.148E-05  5.261E-01  4.861E-04  0.000E+00  5.741E-02  4.575E-04  1.321E-02  0.000E+00  3.165E-04  1.282E-03  0.000E+00  0.000E+00  0.000E+00  0.000E+00  0.000E+00  0.000E+00  0.000E+00  0.000E+00  0.000E+00  0.000E+00  0.000E+00  0.000E+00  0.000E+00  0.000E+00  0.000E+00  0.000E+00  0.000E+00  0.000E+00  0.000E+00
  8  1.430E+00 -6.065E+07  6.659E+05  1.316E-12  1.901E-11  1.448E-05  1.015E-22  4.001E-01  0.000E+00  3.639E-05  4.291E-08  5.639E-04  2.148E-05  5.261E-01  4.861E-04  0.000E+00  5.741E-02  4.575E-04  1.321E-02  0.000E+00  3.165E-04  1.282E-03  0.000E+00  0.000E+00  0.000E+00  0.000E+00  0.000E+00  0.000E+00  0.000E+00  0.000E+00  0.000E+00  0.000E+00  0.000E+00  0.000E+00  0.000E+00  0.000E+00  0.000E+00  0.000E+00  0.000E+00  0.000E+00  0.000E+00
  9  1.438E+00 -6.571E+07  5.841E+05  1.316E-12  1.901E-11  1.448E-05  1.015E-22  4.001E-01  0.000E+00  3.639E-05  4.291E-08  5.639E-04  2.148E-05  5.261E-01  4.861E-04  0.000E+00  5.741E-02  4.575E-04  1.321E-02  0.000E+00  3.165E-04  1.282E-03  0.000E+00  0.000E+00  0.000E+00  0.000E+00  0.000E+00  0.000E+00  0.000E+00  0.000E+00  0.000E+00  0.000E+00  0.000E+00  0.000E+00  0.000E+00  0.000E+00  0.000E+00  0.000E+00  0.000E+00  0.000E+00  0.000E+00
 10  1.446E+00 -6.977E+07  5.156E+05  1.316E-12  1.901E-11  1.448E-05  1.015E-22  4.001E-01  0.000E+00  3.639E-05  4.291E-08  5.639E-04  2.148E-05  5.261E-01  4.861E-04  0.000E+00  5.741E-02  4.575E-04  1.321E-02  0.000E+00  3.165E-04  1.282E-03  0.000E+00  0.000E+00  0.000E+00  0.000E+00  0.000E+00  0.000E+00  0.000E+00  0.000E+00  0.000E+00  0.000E+00  0.000E+00  0.000E+00  0.000E+00  0.000E+00  0.000E+00  0.000E+00  0.000E+00  0.000E+00  0.000E+00
 11  1.454E+00 -7.297E+07  4.571E+05  1.316E-12  1.901E-11  1.448E-05  1.015E-22  4.001E-01  0.000E+00  3.639E-05  4.291E-08  5.639E-04  2.148E-05  5.261E-01  4.861E-04  0.000E+00  5.741E-02  4.575E-04  1.321E-02  0.000E+00  3.165E-04  1.282E-03  0.000E+00  0.000E+00  0.000E+00  0.000E+00  0.000E+00  0.000E+00  0.000E+00  0.000E+00  0.000E+00  0.000E+00  0.000E+00  0.000E+00  0.000E+00  0.000E+00  0.000E+00  0.000E+00  0.000E+00  0.000E+00  0.000E+00
 12  1.462E+00 -7.613E+07  4.072E+05  1.316E-12  1.901E-11  1.448E-05  1.015E-22  4.001E-01  0.000E+00  3.639E-05  4.291E-08  5.639E-04  2.148E-05  5.261E-01  4.861E-04  0.000E+00  5.741E-02  4.575E-04  1.321E-02  0.000E+00  3.165E-04  1.282E-03  0.000E+00  0.000E+00  0.000E+00  0.000E+00  0.000E+00  0.000E+00  0.000E+00  0.000E+00  0.000E+00  0.000E+00  0.000E+00  0.000E+00  0.000E+00  0.000E+00  0.000E+00  0.000E+00  0.000E+00  0.000E+00  0.000E+00
 13  1.470E+00 -7.912E+07  3.638E+05  1.316E-12  1.901E-11  1.448E-05  1.015E-22  4.001E-01  0.000E+00  3.639E-05  4.291E-08  5.639E-04  2.148E-05  5.261E-01  4.861E-04  0.000E+00  5.741E-02  4.575E-04  1.321E-02  0.000E+00  3.165E-04  1.282E-03  0.000E+00  0.000E+00  0.000E+00  0.000E+00  0.000E+00  0.000E+00  0.000E+00  0.000E+00  0.000E+00  0.000E+00  0.000E+00  0.000E+00  0.000E+00  0.000E+00  0.000E+00  0.000E+00  0.000E+00  0.000E+00  0.000E+00
 14  1.478E+00 -8.186E+07  3.264E+05  1.316E-12  1.901E-11  1.448E-05  1.015E-22  4.001E-01  0.000E+00  3.639E-05  4.291E-08  5.639E-04  2.148E-05  5.261E-01  4.861E-04  0.000E+00  5.741E-02  4.575E-04  1.321E-02  0.000E+00  3.165E-04  1.282E-03  0.000E+00  0.000E+00  0.000E+00  0.000E+00  0.000E+00  0.000E+00  0.000E+00  0.000E+00  0.000E+00  0.000E+00  0.000E+00  0.000E+00  0.000E+00  0.000E+00  0.000E+00  0.000E+00  0.000E+00  0.000E+00  0.000E+00
 15  1.492E+00 -8.447E+07  2.714E+05  1.316E-12  1.901E-11  1.448E-05  1.015E-22  4.001E-01  0.000E+00  3.639E-05  4.291E-08  5.639E-04  2.148E-05  5.261E-01  4.861E-04  0.000E+00  5.741E-02  4.575E-04  1.321E-02  0.000E+00  3.165E-04  1.282E-03  0.000E+00  0.000E+00  0.000E+00  0.000E+00  0.000E+00  0.000E+00  0.000E+00  0.000E+00  0.000E+00  0.000E+00  0.000E+00  0.000E+00  0.000E+00  0.000E+00  0.000E+00  0.000E+00  0.000E+00  0.000E+00  0.000E+00
 16  1.505E+00 -8.714E+07  2.294E+05  1.316E-12  1.901E-11  1.448E-05  1.015E-22  4.001E-01  0.000E+00  3.639E-05  4.291E-08  5.639E-04  2.148E-05  5.261E-01  4.861E-04  0.000E+00  5.741E-02  4.575E-04  1.321E-02  0.000E+00  3.165E-04  1.282E-03  0.000E+00  0.000E+00  0.000E+00  0.000E+00  0.000E+00  0.000E+00  0.000E+00  0.000E+00  0.000E+00  0.000E+00  0.000E+00  0.000E+00  0.000E+00  0.000E+00  0.000E+00  0.000E+00  0.000E+00  0.000E+00  0.000E+00
 17  1.518E+00 -8.990E+07  1.946E+05  1.316E-12  1.901E-11  1.448E-05  1.015E-22  4.001E-01  0.000E+00  3.639E-05  4.291E-08  5.639E-04  2.148E-05  5.261E-01  4.861E-04  0.000E+00  5.741E-02  4.575E-04  1.321E-02  0.000E+00  3.165E-04  1.282E-03  0.000E+00  0.000E+00  0.000E+00  0.000E+00  0.000E+00  0.000E+00  0.000E+00  0.000E+00  0.000E+00  0.000E+00  0.000E+00  0.000E+00  0.000E+00  0.000E+00  0.000E+00  0.000E+00  0.000E+00  0.000E+00  0.000E+00
 18  1.532E+00 -9.301E+07  1.542E+05  4.963E-16  5.816E-12  6.682E-03  5.204E-23  7.396E-01  0.000E+00  7.504E-02  5.686E-04  1.071E-01  1.172E-02  5.602E-02  1.557E-03  0.000E+00  1.606E-03  7.108E-05  1.144E-05  0.000E+00  1.636E-07  5.062E-09  0.000E+00  0.000E+00  0.000E+00  0.000E+00  0.000E+00  0.000E+00  0.000E+00  0.000E+00  0.000E+00  0.000E+00  0.000E+00  0.000E+00  0.000E+00  0.000E+00  0.000E+00  0.000E+00  0.000E+00  0.000E+00  0.000E+00
 19  1.545E+00 -9.645E+07  1.329E+05  1.698E-16  3.033E-12  6.682E-03  5.204E-23  7.396E-01  0.000E+00  7.504E-02  5.686E-04  1.071E-01  1.172E-02  5.602E-02  1.557E-03  0.000E+00  1.606E-03  7.108E-05  1.144E-05  0.000E+00  1.636E-07  5.062E-09  0.000E+00  0.000E+00  0.000E+00  0.000E+00  0.000E+00  0.000E+00  0.000E+00  0.000E+00  0.000E+00  0.000E+00  0.000E+00  0.000E+00  0.000E+00  0.000E+00  0.000E+00  0.000E+00  0.000E+00  0.000E+00  0.000E+00
 20  1.558E+00 -9.985E+07  1.154E+05  5.946E-17  2.471E-12  6.682E-03  5.204E-23  7.396E-01  0.000E+00  7.504E-02  5.686E-04  1.071E-01  1.172E-02  5.602E-02  1.557E-03  0.000E+00  1.606E-03  7.108E-05  1.144E-05  0.000E+00  1.636E-07  5.062E-09  0.000E+00  0.000E+00  0.000E+00  0.000E+00  0.000E+00  0.000E+00  0.000E+00  0.000E+00  0.000E+00  0.000E+00  0.000E+00  0.000E+00  0.000E+00  0.000E+00  0.000E+00  0.000E+00  0.000E+00  0.000E+00  0.000E+00
 21  1.571E+00 -1.031E+08  1.010E+05  2.147E-17  2.520E-12  6.682E-03  5.204E-23  7.396E-01  0.000E+00  7.504E-02  5.686E-04  1.071E-01  1.172E-02  5.602E-02  1.557E-03  0.000E+00  1.606E-03  7.108E-05  1.144E-05  0.000E+00  1.636E-07  5.062E-09  0.000E+00  0.000E+00  0.000E+00  0.000E+00  0.000E+00  0.000E+00  0.000E+00  0.000E+00  0.000E+00  0.000E+00  0.000E+00  0.000E+00  0.000E+00  0.000E+00  0.000E+00  0.000E+00  0.000E+00  0.000E+00  0.000E+00
 22  1.584E+00 -1.057E+08  8.877E+04  7.872E-18  2.667E-12  6.682E-03  5.204E-23  7.396E-01  0.000E+00  7.504E-02  5.686E-04  1.071E-01  1.172E-02  5.602E-02  1.557E-03  0.000E+00  1.606E-03  7.108E-05  1.144E-05  0.000E+00  1.636E-07  5.062E-09  0.000E+00  0.000E+00  0.000E+00  0.000E+00  0.000E+00  0.000E+00  0.000E+00  0.000E+00  0.000E+00  0.000E+00  0.000E+00  0.000E+00  0.000E+00  0.000E+00  0.000E+00  0.000E+00  0.000E+00  0.000E+00  0.000E+00
 23  1.610E+00 -1.077E+08  6.979E+04  1.129E-18  2.864E-12  6.682E-03  5.204E-23  7.396E-01  0.000E+00  7.504E-02  5.686E-04  1.071E-01  1.172E-02  5.602E-02  1.557E-03  0.000E+00  1.606E-03  7.108E-05  1.144E-05  0.000E+00  1.636E-07  5.062E-09  0.000E+00  0.000E+00  0.000E+00  0.000E+00  0.000E+00  0.000E+00  0.000E+00  0.000E+00  0.000E+00  0.000E+00  0.000E+00  0.000E+00  0.000E+00  0.000E+00  0.000E+00  0.000E+00  0.000E+00  0.000E+00  0.000E+00
 24  1.635E+00 -1.097E+08  5.580E+04  7.381E-20  2.978E-12  6.700E-03  5.217E-23  7.416E-01  0.000E+00  7.524E-02  5.701E-04  1.074E-01  1.175E-02  5.393E-02  1.360E-03  0.000E+00  1.403E-03  6.209E-05  9.989E-06  0.000E+00  1.429E-07  4.422E-09  0.000E+00  0.000E+00  0.000E+00  0.000E+00  0.000E+00  0.000E+00  0.000E+00  0.000E+00  0.000E+00  0.000E+00  0.000E+00  0.000E+00  0.000E+00  0.000E+00  0.000E+00  0.000E+00  0.000E+00  0.000E+00  0.000E+00
 25  1.660E+00 -1.117E+08  4.520E+04  7.381E-20  2.978E-12  6.700E-03  5.217E-23  7.416E-01  0.000E+00  7.524E-02  5.701E-04  1.074E-01  1.175E-02  5.393E-02  1.360E-03  0.000E+00  1.403E-03  6.209E-05  9.989E-06  0.000E+00  1.429E-07  4.422E-09  0.000E+00  0.000E+00  0.000E+00  0.000E+00  0.000E+00  0.000E+00  0.000E+00  0.000E+00  0.000E+00  0.000E+00  0.000E+00  0.000E+00  0.000E+00  0.000E+00  0.000E+00  0.000E+00  0.000E+00  0.000E+00  0.000E+00
 26  1.685E+00 -1.136E+08  3.700E+04  7.381E-20  2.978E-12  6.700E-03  5.217E-23  7.416E-01  0.000E+00  7.524E-02  5.701E-04  1.074E-01  1.175E-02  5.393E-02  1.360E-03  0.000E+00  1.403E-03  6.209E-05  9.989E-06  0.000E+00  1.429E-07  4.422E-09  0.000E+00  0.000E+00  0.000E+00  0.000E+00  0.000E+00  0.000E+00  0.000E+00  0.000E+00  0.000E+00  0.000E+00  0.000E+00  0.000E+00  0.000E+00  0.000E+00  0.000E+00  0.000E+00  0.000E+00  0.000E+00  0.000E+00
 27  1.699E+00 -1.156E+08  3.309E+04  7.381E-20  2.978E-12  6.700E-03  5.217E-23  7.416E-01  0.000E+00  7.524E-02  5.701E-04  1.074E-01  1.175E-02  5.393E-02  1.360E-03  0.000E+00  1.403E-03  6.209E-05  9.989E-06  0.000E+00  1.429E-07  4.422E-09  0.000E+00  0.000E+00  0.000E+00  0.000E+00  0.000E+00  0.000E+00  0.000E+00  0.000E+00  0.000E+00  0.000E+00  0.000E+00  0.000E+00  0.000E+00  0.000E+00  0.000E+00  0.000E+00  0.000E+00  0.000E+00  0.000E+00
 28  1.713E+00 -1.176E+08  2.965E+04  7.381E-20  2.978E-12  6.700E-03  5.217E-23  7.416E-01  0.000E+00  7.524E-02  5.701E-04  1.074E-01  1.175E-02  5.393E-02  1.360E-03  0.000E+00  1.403E-03  6.209E-05  9.989E-06  0.000E+00  1.429E-07  4.422E-09  0.000E+00  0.000E+00  0.000E+00  0.000E+00  0.000E+00  0.000E+00  0.000E+00  0.000E+00  0.000E+00  0.000E+00  0.000E+00  0.000E+00  0.000E+00  0.000E+00  0.000E+00  0.000E+00  0.000E+00  0.000E+00  0.000E+00
 29  1.727E+00 -1.195E+08  2.655E+04  7.381E-20  2.978E-12  6.700E-03  5.217E-23  7.416E-01  0.000E+00  7.524E-02  5.701E-04  1.074E-01  1.175E-02  5.393E-02  1.360E-03  0.000E+00  1.403E-03  6.209E-05  9.989E-06  0.000E+00  1.429E-07  4.422E-09  0.000E+00  0.000E+00  0.000E+00  0.000E+00  0.000E+00  0.000E+00  0.000E+00  0.000E+00  0.000E+00  0.000E+00  0.000E+00  0.000E+00  0.000E+00  0.000E+00  0.000E+00  0.000E+00  0.000E+00  0.000E+00  0.000E+00
 30  1.741E+00 -1.218E+08  2.380E+04  7.381E-20  2.978E-12  6.700E-03  5.217E-23  7.416E-01  0.000E+00  7.524E-02  5.701E-04  1.074E-01  1.175E-02  5.393E-02  1.360E-03  0.000E+00  1.403E-03  6.209E-05  9.989E-06  0.000E+00  1.429E-07  4.422E-09  0.000E+00  0.000E+00  0.000E+00  0.000E+00  0.000E+00  0.000E+00  0.000E+00  0.000E+00  0.000E+00  0.000E+00  0.000E+00  0.000E+00  0.000E+00  0.000E+00  0.000E+00  0.000E+00  0.000E+00  0.000E+00  0.000E+00
 31  1.756E+00 -1.243E+08  2.131E+04  7.381E-20  2.978E-12  6.700E-03  5.217E-23  7.416E-01  0.000E+00  7.524E-02  5.701E-04  1.074E-01  1.175E-02  5.393E-02  1.360E-03  0.000E+00  1.403E-03  6.209E-05  9.989E-06  0.000E+00  1.429E-07  4.422E-09  0.000E+00  0.000E+00  0.000E+00  0.000E+00  0.000E+00  0.000E+00  0.000E+00  0.000E+00  0.000E+00  0.000E+00  0.000E+00  0.000E+00  0.000E+00  0.000E+00  0.000E+00  0.000E+00  0.000E+00  0.000E+00  0.000E+00
 32  1.770E+00 -1.269E+08  1.909E+04  7.381E-20  2.978E-12  6.700E-03  5.217E-23  7.416E-01  0.000E+00  7.524E-02  5.701E-04  1.074E-01  1.175E-02  5.393E-02  1.360E-03  0.000E+00  1.403E-03  6.209E-05  9.989E-06  0.000E+00  1.429E-07  4.422E-09  0.000E+00  0.000E+00  0.000E+00  0.000E+00  0.000E+00  0.000E+00  0.000E+00  0.000E+00  0.000E+00  0.000E+00  0.000E+00  0.000E+00  0.000E+00  0.000E+00  0.000E+00  0.000E+00  0.000E+00  0.000E+00  0.000E+00
 33  1.785E+00 -1.294E+08  1.708E+04  7.381E-20  2.978E-12  6.700E-03  5.217E-23  7.416E-01  0.000E+00  7.524E-02  5.701E-04  1.074E-01  1.175E-02  5.393E-02  1.360E-03  0.000E+00  1.403E-03  6.209E-05  9.989E-06  0.000E+00  1.429E-07  4.422E-09  0.000E+00  0.000E+00  0.000E+00  0.000E+00  0.000E+00  0.000E+00  0.000E+00  0.000E+00  0.000E+00  0.000E+00  0.000E+00  0.000E+00  0.000E+00  0.000E+00  0.000E+00  0.000E+00  0.000E+00  0.000E+00  0.000E+00
 34  1.799E+00 -1.320E+08  1.529E+04  7.381E-20  2.978E-12  6.700E-03  5.217E-23  7.416E-01  0.000E+00  7.524E-02  5.701E-04  1.074E-01  1.175E-02  5.393E-02  1.360E-03  0.000E+00  1.403E-03  6.209E-05  9.989E-06  0.000E+00  1.429E-07  4.422E-09  0.000E+00  0.000E+00  0.000E+00  0.000E+00  0.000E+00  0.000E+00  0.000E+00  0.000E+00  0.000E+00  0.000E+00  0.000E+00  0.000E+00  0.000E+00  0.000E+00  0.000E+00  0.000E+00  0.000E+00  0.000E+00  0.000E+00
 35  1.815E+00 -1.345E+08  1.358E+04  9.686E-20  2.977E-12  6.698E-03  5.216E-23  7.414E-01  0.000E+00  7.520E-02  5.700E-04  1.073E-01  1.175E-02  5.419E-02  1.385E-03  0.000E+00  1.429E-03  6.323E-05  1.017E-05  0.000E+00  1.455E-07  4.503E-09  0.000E+00  0.000E+00  0.000E+00  0.000E+00  0.000E+00  0.000E+00  0.000E+00  0.000E+00  0.000E+00  0.000E+00  0.000E+00  0.000E+00  0.000E+00  0.000E+00  0.000E+00  0.000E+00  0.000E+00  0.000E+00  0.000E+00
 36  1.830E+00 -1.371E+08  1.206E+04  2.014E-17  2.976E-12  6.691E-03  5.210E-23  7.406E-01  0.000E+00  7.513E-02  5.693E-04  1.072E-01  1.174E-02  5.502E-02  1.464E-03  0.000E+00  1.510E-03  6.684E-05  1.075E-05  0.000E+00  1.538E-07  4.760E-09  0.000E+00  0.000E+00  0.000E+00  0.000E+00  0.000E+00  0.000E+00  0.000E+00  0.000E+00  0.000E+00  0.000E+00  0.000E+00  0.000E+00  0.000E+00  0.000E+00  0.000E+00  0.000E+00  0.000E+00  0.000E+00  0.000E+00
 37  1.845E+00 -1.397E+08  1.073E+04  2.014E-17  2.976E-12  6.691E-03  5.210E-23  7.406E-01  0.000E+00  7.513E-02  5.693E-04  1.072E-01  1.174E-02  5.502E-02  1.464E-03  0.000E+00  1.510E-03  6.684E-05  1.075E-05  0.000E+00  1.538E-07  4.760E-09  0.000E+00  0.000E+00  0.000E+00  0.000E+00  0.000E+00  0.000E+00  0.000E+00  0.000E+00  0.000E+00  0.000E+00  0.000E+00  0.000E+00  0.000E+00  0.000E+00  0.000E+00  0.000E+00  0.000E+00  0.000E+00  0.000E+00
 38  1.861E+00 -1.419E+08  9.542E+03  2.014E-17  2.976E-12  6.691E-03  5.210E-23  7.406E-01  0.000E+00  7.513E-02  5.693E-04  1.072E-01  1.174E-02  5.502E-02  1.464E-03  0.000E+00  1.510E-03  6.684E-05  1.075E-05  0.000E+00  1.538E-07  4.760E-09  0.000E+00  0.000E+00  0.000E+00  0.000E+00  0.000E+00  0.000E+00  0.000E+00  0.000E+00  0.000E+00  0.000E+00  0.000E+00  0.000E+00  0.000E+00  0.000E+00  0.000E+00  0.000E+00  0.000E+00  0.000E+00  0.000E+00
 39  1.876E+00 -1.439E+08  8.496E+03  6.318E-17  2.974E-12  6.682E-03  5.204E-23  7.396E-01  0.000E+00  7.504E-02  5.686E-04  1.071E-01  1.172E-02  5.602E-02  1.557E-03  0.000E+00  1.606E-03  7.108E-05  1.144E-05  0.000E+00  1.636E-07  5.062E-09  0.000E+00  0.000E+00  0.000E+00  0.000E+00  0.000E+00  0.000E+00  0.000E+00  0.000E+00  0.000E+00  0.000E+00  0.000E+00  0.000E+00  0.000E+00  0.000E+00  0.000E+00  0.000E+00  0.000E+00  0.000E+00  0.000E+00
 40  1.891E+00 -1.459E+08  7.570E+03  8.104E-17  2.974E-12  6.682E-03  5.204E-23  7.396E-01  0.000E+00  7.504E-02  5.686E-04  1.071E-01  1.172E-02  5.602E-02  1.557E-03  0.000E+00  1.606E-03  7.108E-05  1.144E-05  0.000E+00  1.636E-07  5.062E-09  0.000E+00  0.000E+00  0.000E+00  0.000E+00  0.000E+00  0.000E+00  0.000E+00  0.000E+00  0.000E+00  0.000E+00  0.000E+00  0.000E+00  0.000E+00  0.000E+00  0.000E+00  0.000E+00  0.000E+00  0.000E+00  0.000E+00
 41  1.906E+00 -1.479E+08  6.749E+03  9.675E-17  2.974E-12  6.682E-03  5.204E-23  7.396E-01  0.000E+00  7.504E-02  5.686E-04  1.071E-01  1.172E-02  5.602E-02  1.557E-03  0.000E+00  1.606E-03  7.108E-05  1.144E-05  0.000E+00  1.636E-07  5.062E-09  0.000E+00  0.000E+00  0.000E+00  0.000E+00  0.000E+00  0.000E+00  0.000E+00  0.000E+00  0.000E+00  0.000E+00  0.000E+00  0.000E+00  0.000E+00  0.000E+00  0.000E+00  0.000E+00  0.000E+00  0.000E+00  0.000E+00
 42  1.921E+00 -1.500E+08  6.016E+03  1.094E-16  2.974E-12  6.682E-03  5.204E-23  7.396E-01  0.000E+00  7.504E-02  5.686E-04  1.071E-01  1.172E-02  5.602E-02  1.557E-03  0.000E+00  1.606E-03  7.108E-05  1.144E-05  0.000E+00  1.636E-07  5.062E-09  0.000E+00  0.000E+00  0.000E+00  0.000E+00  0.000E+00  0.000E+00  0.000E+00  0.000E+00  0.000E+00  0.000E+00  0.000E+00  0.000E+00  0.000E+00  0.000E+00  0.000E+00  0.000E+00  0.000E+00  0.000E+00  0.000E+00
 43  1.944E+00 -1.521E+08  5.037E+03  1.257E-16  2.976E-12  6.685E-03  5.206E-23  7.400E-01  0.000E+00  7.507E-02  5.689E-04  1.071E-01  1.173E-02  5.568E-02  1.526E-03  0.000E+00  1.574E-03  6.966E-05  1.121E-05  0.000E+00  1.602E-07  4.961E-09  0.000E+00  0.000E+00  0.000E+00  0.000E+00  0.000E+00  0.000E+00  0.000E+00  0.000E+00  0.000E+00  0.000E+00  0.000E+00  0.000E+00  0.000E+00  0.000E+00  0.000E+00  0.000E+00  0.000E+00  0.000E+00  0.000E+00
 44  1.956E+00 -1.542E+08  4.590E+03  1.283E-16  2.976E-12  6.685E-03  5.206E-23  7.400E-01  0.000E+00  7.507E-02  5.689E-04  1.071E-01  1.173E-02  5.568E-02  1.526E-03  0.000E+00  1.574E-03  6.966E-05  1.121E-05  0.000E+00  1.602E-07  4.961E-09  0.000E+00  0.000E+00  0.000E+00  0.000E+00  0.000E+00  0.000E+00  0.000E+00  0.000E+00  0.000E+00  0.000E+00  0.000E+00  0.000E+00  0.000E+00  0.000E+00  0.000E+00  0.000E+00  0.000E+00  0.000E+00  0.000E+00
 45  1.967E+00 -1.564E+08  4.192E+03  1.338E-16  2.977E-12  6.687E-03  5.207E-23  7.402E-01  0.000E+00  7.510E-02  5.691E-04  1.072E-01  1.173E-02  5.542E-02  1.502E-03  0.000E+00  1.549E-03  6.855E-05  1.103E-05  0.000E+00  1.577E-07  4.882E-09  0.000E+00  0.000E+00  0.000E+00  0.000E+00  0.000E+00  0.000E+00  0.000E+00  0.000E+00  0.000E+00  0.000E+00  0.000E+00  0.000E+00  0.000E+00  0.000E+00  0.000E+00  0.000E+00  0.000E+00  0.000E+00  0.000E+00
 46  1.978E+00 -1.588E+08  3.800E+03  1.344E-16  2.977E-12  6.687E-03  5.207E-23  7.402E-01  0.000E+00  7.510E-02  5.691E-04  1.072E-01  1.173E-02  5.542E-02  1.502E-03  0.000E+00  1.549E-03  6.855E-05  1.103E-05  0.000E+00  1.577E-07  4.882E-09  0.000E+00  0.000E+00  0.000E+00  0.000E+00  0.000E+00  0.000E+00  0.000E+00  0.000E+00  0.000E+00  0.000E+00  0.000E+00  0.000E+00  0.000E+00  0.000E+00  0.000E+00  0.000E+00  0.000E+00  0.000E+00  0.000E+00
 47  1.989E+00 -1.614E+08  3.448E+03  1.348E-16  2.977E-12  6.687E-03  5.207E-23  7.402E-01  0.000E+00  7.510E-02  5.691E-04  1.072E-01  1.173E-02  5.542E-02  1.502E-03  0.000E+00  1.549E-03  6.855E-05  1.103E-05  0.000E+00  1.577E-07  4.882E-09  0.000E+00  0.000E+00  0.000E+00  0.000E+00  0.000E+00  0.000E+00  0.000E+00  0.000E+00  0.000E+00  0.000E+00  0.000E+00  0.000E+00  0.000E+00  0.000E+00  0.000E+00  0.000E+00  0.000E+00  0.000E+00  0.000E+00
 48  2.000E+00 -1.639E+08  3.094E+03  1.351E-16  2.977E-12  6.687E-03  5.207E-23  7.402E-01  0.000E+00  7.510E-02  5.691E-04  1.072E-01  1.173E-02  5.542E-02  1.502E-03  0.000E+00  1.549E-03  6.855E-05  1.103E-05  0.000E+00  1.577E-07  4.882E-09  0.000E+00  0.000E+00  0.000E+00  0.000E+00  0.000E+00  0.000E+00  0.000E+00  0.000E+00  0.000E+00  0.000E+00  0.000E+00  0.000E+00  0.000E+00  0.000E+00  0.000E+00  0.000E+00  0.000E+00  0.000E+00  0.000E+00
 49  2.011E+00 -1.665E+08  2.776E+03  1.353E-16  2.977E-12  6.687E-03  5.207E-23  7.402E-01  0.000E+00  7.510E-02  5.691E-04  1.072E-01  1.173E-02  5.542E-02  1.502E-03  0.000E+00  1.549E-03  6.855E-05  1.103E-05  0.000E+00  1.577E-07  4.882E-09  0.000E+00  0.000E+00  0.000E+00  0.000E+00  0.000E+00  0.000E+00  0.000E+00  0.000E+00  0.000E+00  0.000E+00  0.000E+00  0.000E+00  0.000E+00  0.000E+00  0.000E+00  0.000E+00  0.000E+00  0.000E+00  0.000E+00
 50  2.022E+00 -1.692E+08  2.098E+03  7.835E-30  3.876E-03  2.883E-01  1.642E-70  6.706E-01  0.000E+00  2.901E-02  1.456E-15  8.224E-03  1.639E-15  1.445E-06  2.302E-22  0.000E+00  2.937E-13  5.372E-29  3.380E-22  0.000E+00  5.213E-38  8.944E-34  0.000E+00  0.000E+00  0.000E+00  0.000E+00  0.000E+00  0.000E+00  0.000E+00  0.000E+00  0.000E+00  0.000E+00  0.000E+00  0.000E+00  0.000E+00  0.000E+00  0.000E+00  0.000E+00  0.000E+00  0.000E+00  0.000E+00
 51  2.033E+00 -1.718E+08  1.707E+03  2.990E-30  1.340E-02  3.423E-01  0.000E+00  6.116E-01  0.000E+00  2.374E-02  3.196E-16  8.907E-03  3.966E-16  8.548E-08  3.133E-28  0.000E+00  3.190E-16  5.682E-36  3.845E-27  0.000E+00  5.231E-48  1.823E-41  0.000E+00  0.000E+00  0.000E+00  0.000E+00  0.000E+00  0.000E+00  0.000E+00  0.000E+00  0.000E+00  0.000E+00  0.000E+00  0.000E+00  0.000E+00  0.000E+00  0.000E+00  0.000E+00  0.000E+00  0.000E+00  0.000E+00
 52  2.044E+00 -1.745E+08  1.454E+03  5.181E-31  2.908E-02  3.684E-01  0.000E+00  5.783E-01  0.000E+00  1.846E-02  2.898E-17  5.801E-03  3.105E-17  3.833E-08  1.566E-28  0.000E+00  1.595E-16  2.841E-36  1.923E-27  0.000E+00  2.616E-48  9.116E-42  0.000E+00  0.000E+00  0.000E+00  0.000E+00  0.000E+00  0.000E+00  0.000E+00  0.000E+00  0.000E+00  0.000E+00  0.000E+00  0.000E+00  0.000E+00  0.000E+00  0.000E+00  0.000E+00  0.000E+00  0.000E+00  0.000E+00
 53  2.054E+00 -1.772E+08  1.227E+03  1.611E-31  4.386E-02  3.948E-01  0.000E+00  5.404E-01  0.000E+00  1.749E-02  2.606E-18  3.448E-03  2.768E-18  8.934E-12  0.000E+00  0.000E+00  0.000E+00  0.000E+00  0.000E+00  0.000E+00  0.000E+00  0.000E+00  0.000E+00  0.000E+00  0.000E+00  0.000E+00  0.000E+00  0.000E+00  0.000E+00  0.000E+00  0.000E+00  0.000E+00  0.000E+00  0.000E+00  0.000E+00  0.000E+00  0.000E+00  0.000E+00  0.000E+00  0.000E+00  0.000E+00
 54  2.065E+00 -1.798E+08  1.009E+03  6.950E-32  6.602E-02  4.247E-01  0.000E+00  4.892E-01  0.000E+00  1.784E-02  2.203E-19  2.297E-03  2.360E-19  4.022E-13  0.000E+00  0.000E+00  0.000E+00  0.000E+00  0.000E+00  0.000E+00  0.000E+00  0.000E+00  0.000E+00  0.000E+00  0.000E+00  0.000E+00  0.000E+00  0.000E+00  0.000E+00  0.000E+00  0.000E+00  0.000E+00  0.000E+00  0.000E+00  0.000E+00  0.000E+00  0.000E+00  0.000E+00  0.000E+00  0.000E+00  0.000E+00
 55  2.076E+00 -1.821E+08  8.275E+02  3.024E-32  8.802E-02  4.541E-01  0.000E+00  4.380E-01  0.000E+00  1.843E-02  1.671E-20  1.437E-03  1.788E-20  3.629E-15  0.000E+00  0.000E+00  0.000E+00  0.000E+00  0.000E+00  0.000E+00  0.000E+00  0.000E+00  0.000E+00  0.000E+00  0.000E+00  0.000E+00  0.000E+00  0.000E+00  0.000E+00  0.000E+00  0.000E+00  0.000E+00  0.000E+00  0.000E+00  0.000E+00  0.000E+00  0.000E+00  0.000E+00  0.000E+00  0.000E+00  0.000E+00
 56  2.086E+00 -1.845E+08  5.530E+02  6.494E-33  5.057E-01  2.526E-01  6.747E-58  2.222E-01  0.000E+00  1.873E-02  1.357E-21  7.833E-04  1.509E-21  1.811E-15  0.000E+00  0.000E+00  0.000E+00  0.000E+00  0.000E+00  0.000E+00  0.000E+00  0.000E+00  0.000E+00  0.000E+00  0.000E+00  0.000E+00  0.000E+00  0.000E+00  0.000E+00  0.000E+00  0.000E+00  0.000E+00  0.000E+00  0.000E+00  0.000E+00  0.000E+00  0.000E+00  0.000E+00  0.000E+00  0.000E+00  0.000E+00
 57  2.097E+00 -1.870E+08  4.219E+02  3.117E-31  9.421E-01  3.566E-02  3.770E-04  1.441E-02  0.000E+00  7.493E-03  1.191E-24  9.014E-06  1.342E-24  3.592E-20  0.000E+00  0.000E+00  0.000E+00  0.000E+00  0.000E+00  0.000E+00  0.000E+00  0.000E+00  0.000E+00  0.000E+00  0.000E+00  0.000E+00  0.000E+00  0.000E+00  0.000E+00  0.000E+00  0.000E+00  0.000E+00  0.000E+00  0.000E+00  0.000E+00  0.000E+00  0.000E+00  0.000E+00  0.000E+00  0.000E+00  0.000E+00
 58  2.109E+00 -1.895E+08  3.593E+02  3.117E-31  9.421E-01  3.566E-02  3.770E-04  1.441E-02  0.000E+00  7.493E-03  1.191E-24  9.014E-06  1.342E-24  3.592E-20  0.000E+00  0.000E+00  0.000E+00  0.000E+00  0.000E+00  0.000E+00  0.000E+00  0.000E+00  0.000E+00  0.000E+00  0.000E+00  0.000E+00  0.000E+00  0.000E+00  0.000E+00  0.000E+00  0.000E+00  0.000E+00  0.000E+00  0.000E+00  0.000E+00  0.000E+00  0.000E+00  0.000E+00  0.000E+00  0.000E+00  0.000E+00
 59  2.123E+00 -1.920E+08  3.075E+02  3.117E-31  9.421E-01  3.566E-02  3.770E-04  1.441E-02  0.000E+00  7.493E-03  1.191E-24  9.014E-06  1.342E-24  3.592E-20  0.000E+00  0.000E+00  0.000E+00  0.000E+00  0.000E+00  0.000E+00  0.000E+00  0.000E+00  0.000E+00  0.000E+00  0.000E+00  0.000E+00  0.000E+00  0.000E+00  0.000E+00  0.000E+00  0.000E+00  0.000E+00  0.000E+00  0.000E+00  0.000E+00  0.000E+00  0.000E+00  0.000E+00  0.000E+00  0.000E+00  0.000E+00
 60  2.135E+00 -1.946E+08  2.691E+02  3.117E-31  9.421E-01  3.566E-02  3.770E-04  1.441E-02  0.000E+00  7.493E-03  1.191E-24  9.014E-06  1.342E-24  3.592E-20  0.000E+00  0.000E+00  0.000E+00  0.000E+00  0.000E+00  0.000E+00  0.000E+00  0.000E+00  0.000E+00  0.000E+00  0.000E+00  0.000E+00  0.000E+00  0.000E+00  0.000E+00  0.000E+00  0.000E+00  0.000E+00  0.000E+00  0.000E+00  0.000E+00  0.000E+00  0.000E+00  0.000E+00  0.000E+00  0.000E+00  0.000E+00
 61  2.149E+00 -1.972E+08  2.346E+02  3.117E-31  9.421E-01  3.566E-02  3.770E-04  1.441E-02  0.000E+00  7.493E-03  1.191E-24  9.014E-06  1.342E-24  3.592E-20  0.000E+00  0.000E+00  0.000E+00  0.000E+00  0.000E+00  0.000E+00  0.000E+00  0.000E+00  0.000E+00  0.000E+00  0.000E+00  0.000E+00  0.000E+00  0.000E+00  0.000E+00  0.000E+00  0.000E+00  0.000E+00  0.000E+00  0.000E+00  0.000E+00  0.000E+00  0.000E+00  0.000E+00  0.000E+00  0.000E+00  0.000E+00
 62  2.162E+00 -2.001E+08  2.082E+02  3.117E-31  9.421E-01  3.566E-02  3.770E-04  1.441E-02  0.000E+00  7.493E-03  1.191E-24  9.014E-06  1.342E-24  3.592E-20  0.000E+00  0.000E+00  0.000E+00  0.000E+00  0.000E+00  0.000E+00  0.000E+00  0.000E+00  0.000E+00  0.000E+00  0.000E+00  0.000E+00  0.000E+00  0.000E+00  0.000E+00  0.000E+00  0.000E+00  0.000E+00  0.000E+00  0.000E+00  0.000E+00  0.000E+00  0.000E+00  0.000E+00  0.000E+00  0.000E+00  0.000E+00
 63  2.176E+00 -2.032E+08  1.839E+02  3.117E-31  9.421E-01  3.566E-02  3.770E-04  1.441E-02  0.000E+00  7.493E-03  1.191E-24  9.014E-06  1.342E-24  3.592E-20  0.000E+00  0.000E+00  0.000E+00  0.000E+00  0.000E+00  0.000E+00  0.000E+00  0.000E+00  0.000E+00  0.000E+00  0.000E+00  0.000E+00  0.000E+00  0.000E+00  0.000E+00  0.000E+00  0.000E+00  0.000E+00  0.000E+00  0.000E+00  0.000E+00  0.000E+00  0.000E+00  0.000E+00  0.000E+00  0.000E+00  0.000E+00
 64  2.188E+00 -2.063E+08  1.644E+02  3.117E-31  9.421E-01  3.566E-02  3.770E-04  1.441E-02  0.000E+00  7.493E-03  1.191E-24  9.014E-06  1.342E-24  3.592E-20  0.000E+00  0.000E+00  0.000E+00  0.000E+00  0.000E+00  0.000E+00  0.000E+00  0.000E+00  0.000E+00  0.000E+00  0.000E+00  0.000E+00  0.000E+00  0.000E+00  0.000E+00  0.000E+00  0.000E+00  0.000E+00  0.000E+00  0.000E+00  0.000E+00  0.000E+00  0.000E+00  0.000E+00  0.000E+00  0.000E+00  0.000E+00
 65  2.202E+00 -2.095E+08  1.461E+02  3.117E-31  9.421E-01  3.566E-02  3.770E-04  1.441E-02  0.000E+00  7.493E-03  1.191E-24  9.014E-06  1.342E-24  3.592E-20  0.000E+00  0.000E+00  0.000E+00  0.000E+00  0.000E+00  0.000E+00  0.000E+00  0.000E+00  0.000E+00  0.000E+00  0.000E+00  0.000E+00  0.000E+00  0.000E+00  0.000E+00  0.000E+00  0.000E+00  0.000E+00  0.000E+00  0.000E+00  0.000E+00  0.000E+00  0.000E+00  0.000E+00  0.000E+00  0.000E+00  0.000E+00
 66  2.216E+00 -2.127E+08  1.295E+02  3.117E-31  9.421E-01  3.566E-02  3.770E-04  1.441E-02  0.000E+00  7.493E-03  1.191E-24  9.014E-06  1.342E-24  3.592E-20  0.000E+00  0.000E+00  0.000E+00  0.000E+00  0.000E+00  0.000E+00  0.000E+00  0.000E+00  0.000E+00  0.000E+00  0.000E+00  0.000E+00  0.000E+00  0.000E+00  0.000E+00  0.000E+00  0.000E+00  0.000E+00  0.000E+00  0.000E+00  0.000E+00  0.000E+00  0.000E+00  0.000E+00  0.000E+00  0.000E+00  0.000E+00
 67  2.230E+00 -2.161E+08  1.153E+02  3.117E-31  9.421E-01  3.566E-02  3.770E-04  1.441E-02  0.000E+00  7.493E-03  1.191E-24  9.014E-06  1.342E-24  3.592E-20  0.000E+00  0.000E+00  0.000E+00  0.000E+00  0.000E+00  0.000E+00  0.000E+00  0.000E+00  0.000E+00  0.000E+00  0.000E+00  0.000E+00  0.000E+00  0.000E+00  0.000E+00  0.000E+00  0.000E+00  0.000E+00  0.000E+00  0.000E+00  0.000E+00  0.000E+00  0.000E+00  0.000E+00  0.000E+00  0.000E+00  0.000E+00
 68  2.244E+00 -2.194E+08  1.031E+02  3.117E-31  9.421E-01  3.566E-02  3.770E-04  1.441E-02  0.000E+00  7.493E-03  1.191E-24  9.014E-06  1.342E-24  3.592E-20  0.000E+00  0.000E+00  0.000E+00  0.000E+00  0.000E+00  0.000E+00  0.000E+00  0.000E+00  0.000E+00  0.000E+00  0.000E+00  0.000E+00  0.000E+00  0.000E+00  0.000E+00  0.000E+00  0.000E+00  0.000E+00  0.000E+00  0.000E+00  0.000E+00  0.000E+00  0.000E+00  0.000E+00  0.000E+00  0.000E+00  0.000E+00
 69  2.258E+00 -2.229E+08  9.256E+01  3.117E-31  9.421E-01  3.566E-02  3.770E-04  1.441E-02  0.000E+00  7.493E-03  1.191E-24  9.014E-06  1.342E-24  3.592E-20  0.000E+00  0.000E+00  0.000E+00  0.000E+00  0.000E+00  0.000E+00  0.000E+00  0.000E+00  0.000E+00  0.000E+00  0.000E+00  0.000E+00  0.000E+00  0.000E+00  0.000E+00  0.000E+00  0.000E+00  0.000E+00  0.000E+00  0.000E+00  0.000E+00  0.000E+00  0.000E+00  0.000E+00  0.000E+00  0.000E+00  0.000E+00
 70  2.272E+00 -2.260E+08  8.382E+01  3.117E-31  9.421E-01  3.566E-02  3.770E-04  1.441E-02  0.000E+00  7.493E-03  1.191E-24  9.014E-06  1.342E-24  3.592E-20  0.000E+00  0.000E+00  0.000E+00  0.000E+00  0.000E+00  0.000E+00  0.000E+00  0.000E+00  0.000E+00  0.000E+00  0.000E+00  0.000E+00  0.000E+00  0.000E+00  0.000E+00  0.000E+00  0.000E+00  0.000E+00  0.000E+00  0.000E+00  0.000E+00  0.000E+00  0.000E+00  0.000E+00  0.000E+00  0.000E+00  0.000E+00
 71  2.286E+00 -2.287E+08  7.586E+01  3.117E-31  9.421E-01  3.566E-02  3.770E-04  1.441E-02  0.000E+00  7.493E-03  1.191E-24  9.014E-06  1.342E-24  3.592E-20  0.000E+00  0.000E+00  0.000E+00  0.000E+00  0.000E+00  0.000E+00  0.000E+00  0.000E+00  0.000E+00  0.000E+00  0.000E+00  0.000E+00  0.000E+00  0.000E+00  0.000E+00  0.000E+00  0.000E+00  0.000E+00  0.000E+00  0.000E+00  0.000E+00  0.000E+00  0.000E+00  0.000E+00  0.000E+00  0.000E+00  0.000E+00
 72  2.313E+00 -2.314E+08  6.340E+01  3.117E-31  9.421E-01  3.566E-02  3.770E-04  1.441E-02  0.000E+00  7.493E-03  1.191E-24  9.014E-06  1.342E-24  3.592E-20  0.000E+00  0.000E+00  0.000E+00  0.000E+00  0.000E+00  0.000E+00  0.000E+00  0.000E+00  0.000E+00  0.000E+00  0.000E+00  0.000E+00  0.000E+00  0.000E+00  0.000E+00  0.000E+00  0.000E+00  0.000E+00  0.000E+00  0.000E+00  0.000E+00  0.000E+00  0.000E+00  0.000E+00  0.000E+00  0.000E+00  0.000E+00
 73  2.339E+00 -2.342E+08  5.402E+01  3.117E-31  9.421E-01  3.566E-02  3.770E-04  1.441E-02  0.000E+00  7.493E-03  1.191E-24  9.014E-06  1.342E-24  3.592E-20  0.000E+00  0.000E+00  0.000E+00  0.000E+00  0.000E+00  0.000E+00  0.000E+00  0.000E+00  0.000E+00  0.000E+00  0.000E+00  0.000E+00  0.000E+00  0.000E+00  0.000E+00  0.000E+00  0.000E+00  0.000E+00  0.000E+00  0.000E+00  0.000E+00  0.000E+00  0.000E+00  0.000E+00  0.000E+00  0.000E+00  0.000E+00
 74  2.365E+00 -2.370E+08  4.663E+01  3.117E-31  9.421E-01  3.566E-02  3.770E-04  1.441E-02  0.000E+00  7.493E-03  1.191E-24  9.014E-06  1.342E-24  3.592E-20  0.000E+00  0.000E+00  0.000E+00  0.000E+00  0.000E+00  0.000E+00  0.000E+00  0.000E+00  0.000E+00  0.000E+00  0.000E+00  0.000E+00  0.000E+00  0.000E+00  0.000E+00  0.000E+00  0.000E+00  0.000E+00  0.000E+00  0.000E+00  0.000E+00  0.000E+00  0.000E+00  0.000E+00  0.000E+00  0.000E+00  0.000E+00
 75  2.390E+00 -2.400E+08  4.071E+01  3.117E-31  9.421E-01  3.566E-02  3.770E-04  1.441E-02  0.000E+00  7.493E-03  1.191E-24  9.014E-06  1.342E-24  3.592E-20  0.000E+00  0.000E+00  0.000E+00  0.000E+00  0.000E+00  0.000E+00  0.000E+00  0.000E+00  0.000E+00  0.000E+00  0.000E+00  0.000E+00  0.000E+00  0.000E+00  0.000E+00  0.000E+00  0.000E+00  0.000E+00  0.000E+00  0.000E+00  0.000E+00  0.000E+00  0.000E+00  0.000E+00  0.000E+00  0.000E+00  0.000E+00
 76  2.415E+00 -2.429E+08  3.587E+01  3.117E-31  9.421E-01  3.566E-02  3.770E-04  1.441E-02  0.000E+00  7.493E-03  1.191E-24  9.014E-06  1.342E-24  3.592E-20  0.000E+00  0.000E+00  0.000E+00  0.000E+00  0.000E+00  0.000E+00  0.000E+00  0.000E+00  0.000E+00  0.000E+00  0.000E+00  0.000E+00  0.000E+00  0.000E+00  0.000E+00  0.000E+00  0.000E+00  0.000E+00  0.000E+00  0.000E+00  0.000E+00  0.000E+00  0.000E+00  0.000E+00  0.000E+00  0.000E+00  0.000E+00
 77  2.440E+00 -2.457E+08  3.187E+01  3.117E-31  9.421E-01  3.566E-02  3.770E-04  1.441E-02  0.000E+00  7.493E-03  1.191E-24  9.014E-06  1.342E-24  3.592E-20  0.000E+00  0.000E+00  0.000E+00  0.000E+00  0.000E+00  0.000E+00  0.000E+00  0.000E+00  0.000E+00  0.000E+00  0.000E+00  0.000E+00  0.000E+00  0.000E+00  0.000E+00  0.000E+00  0.000E+00  0.000E+00  0.000E+00  0.000E+00  0.000E+00  0.000E+00  0.000E+00  0.000E+00  0.000E+00  0.000E+00  0.000E+00
 78  2.463E+00 -2.487E+08  2.852E+01  3.117E-31  9.421E-01  3.566E-02  3.770E-04  1.441E-02  0.000E+00  7.493E-03  1.191E-24  9.014E-06  1.342E-24  3.592E-20  0.000E+00  0.000E+00  0.000E+00  0.000E+00  0.000E+00  0.000E+00  0.000E+00  0.000E+00  0.000E+00  0.000E+00  0.000E+00  0.000E+00  0.000E+00  0.000E+00  0.000E+00  0.000E+00  0.000E+00  0.000E+00  0.000E+00  0.000E+00  0.000E+00  0.000E+00  0.000E+00  0.000E+00  0.000E+00  0.000E+00  0.000E+00
 79  2.487E+00 -2.517E+08  2.568E+01  3.117E-31  9.421E-01  3.566E-02  3.770E-04  1.441E-02  0.000E+00  7.493E-03  1.191E-24  9.014E-06  1.342E-24  3.592E-20  0.000E+00  0.000E+00  0.000E+00  0.000E+00  0.000E+00  0.000E+00  0.000E+00  0.000E+00  0.000E+00  0.000E+00  0.000E+00  0.000E+00  0.000E+00  0.000E+00  0.000E+00  0.000E+00  0.000E+00  0.000E+00  0.000E+00  0.000E+00  0.000E+00  0.000E+00  0.000E+00  0.000E+00  0.000E+00  0.000E+00  0.000E+00
 80  2.510E+00 -2.548E+08  2.326E+01  3.117E-31  9.421E-01  3.566E-02  3.770E-04  1.441E-02  0.000E+00  7.493E-03  1.191E-24  9.014E-06  1.342E-24  3.592E-20  0.000E+00  0.000E+00  0.000E+00  0.000E+00  0.000E+00  0.000E+00  0.000E+00  0.000E+00  0.000E+00  0.000E+00  0.000E+00  0.000E+00  0.000E+00  0.000E+00  0.000E+00  0.000E+00  0.000E+00  0.000E+00  0.000E+00  0.000E+00  0.000E+00  0.000E+00  0.000E+00  0.000E+00  0.000E+00  0.000E+00  0.000E+00
 81  2.533E+00 -2.579E+08  2.115E+01  3.117E-31  9.421E-01  3.566E-02  3.770E-04  1.441E-02  0.000E+00  7.493E-03  1.191E-24  9.014E-06  1.342E-24  3.592E-20  0.000E+00  0.000E+00  0.000E+00  0.000E+00  0.000E+00  0.000E+00  0.000E+00  0.000E+00  0.000E+00  0.000E+00  0.000E+00  0.000E+00  0.000E+00  0.000E+00  0.000E+00  0.000E+00  0.000E+00  0.000E+00  0.000E+00  0.000E+00  0.000E+00  0.000E+00  0.000E+00  0.000E+00  0.000E+00  0.000E+00  0.000E+00
 82  2.555E+00 -2.610E+08  1.929E+01  3.117E-31  9.421E-01  3.566E-02  3.770E-04  1.441E-02  0.000E+00  7.493E-03  1.191E-24  9.014E-06  1.342E-24  3.592E-20  0.000E+00  0.000E+00  0.000E+00  0.000E+00  0.000E+00  0.000E+00  0.000E+00  0.000E+00  0.000E+00  0.000E+00  0.000E+00  0.000E+00  0.000E+00  0.000E+00  0.000E+00  0.000E+00  0.000E+00  0.000E+00  0.000E+00  0.000E+00  0.000E+00  0.000E+00  0.000E+00  0.000E+00  0.000E+00  0.000E+00  0.000E+00
 83  2.578E+00 -2.633E+08  1.766E+01  3.117E-31  9.421E-01  3.566E-02  3.770E-04  1.441E-02  0.000E+00  7.493E-03  1.191E-24  9.014E-06  1.342E-24  3.592E-20  0.000E+00  0.000E+00  0.000E+00  0.000E+00  0.000E+00  0.000E+00  0.000E+00  0.000E+00  0.000E+00  0.000E+00  0.000E+00  0.000E+00  0.000E+00  0.000E+00  0.000E+00  0.000E+00  0.000E+00  0.000E+00  0.000E+00  0.000E+00  0.000E+00  0.000E+00  0.000E+00  0.000E+00  0.000E+00  0.000E+00  0.000E+00
 84  2.600E+00 -2.649E+08  1.623E+01  3.117E-31  9.421E-01  3.566E-02  3.770E-04  1.441E-02  0.000E+00  7.493E-03  1.191E-24  9.014E-06  1.342E-24  3.592E-20  0.000E+00  0.000E+00  0.000E+00  0.000E+00  0.000E+00  0.000E+00  0.000E+00  0.000E+00  0.000E+00  0.000E+00  0.000E+00  0.000E+00  0.000E+00  0.000E+00  0.000E+00  0.000E+00  0.000E+00  0.000E+00  0.000E+00  0.000E+00  0.000E+00  0.000E+00  0.000E+00  0.000E+00  0.000E+00  0.000E+00  0.000E+00
 85  2.622E+00 -2.665E+08  1.495E+01  3.117E-31  9.421E-01  3.566E-02  3.770E-04  1.441E-02  0.000E+00  7.493E-03  1.191E-24  9.014E-06  1.342E-24  3.592E-20  0.000E+00  0.000E+00  0.000E+00  0.000E+00  0.000E+00  0.000E+00  0.000E+00  0.000E+00  0.000E+00  0.000E+00  0.000E+00  0.000E+00  0.000E+00  0.000E+00  0.000E+00  0.000E+00  0.000E+00  0.000E+00  0.000E+00  0.000E+00  0.000E+00  0.000E+00  0.000E+00  0.000E+00  0.000E+00  0.000E+00  0.000E+00
 86  2.644E+00 -2.681E+08  1.381E+01  2.859E-30  9.421E-01  3.566E-02  3.807E-04  1.441E-02  0.000E+00  7.491E-03  1.191E-24  9.013E-06  1.342E-24  3.592E-20  0.000E+00  0.000E+00  0.000E+00  0.000E+00  0.000E+00  0.000E+00  0.000E+00  0.000E+00  0.000E+00  0.000E+00  0.000E+00  0.000E+00  0.000E+00  0.000E+00  0.000E+00  0.000E+00  0.000E+00  0.000E+00  0.000E+00  0.000E+00  0.000E+00  0.000E+00  0.000E+00  0.000E+00  0.000E+00  0.000E+00  0.000E+00
 87  2.665E+00 -2.697E+08  1.279E+01  2.859E-30  9.421E-01  3.566E-02  3.807E-04  1.441E-02  0.000E+00  7.491E-03  1.191E-24  9.013E-06  1.342E-24  3.592E-20  0.000E+00  0.000E+00  0.000E+00  0.000E+00  0.000E+00  0.000E+00  0.000E+00  0.000E+00  0.000E+00  0.000E+00  0.000E+00  0.000E+00  0.000E+00  0.000E+00  0.000E+00  0.000E+00  0.000E+00  0.000E+00  0.000E+00  0.000E+00  0.000E+00  0.000E+00  0.000E+00  0.000E+00  0.000E+00  0.000E+00  0.000E+00
 88  2.687E+00 -2.714E+08  1.187E+01  3.135E-30  9.421E-01  3.566E-02  3.808E-04  1.441E-02  0.000E+00  7.491E-03  1.191E-24  9.013E-06  1.342E-24  3.592E-20  0.000E+00  0.000E+00  0.000E+00  0.000E+00  0.000E+00  0.000E+00  0.000E+00  0.000E+00  0.000E+00  0.000E+00  0.000E+00  0.000E+00  0.000E+00  0.000E+00  0.000E+00  0.000E+00  0.000E+00  0.000E+00  0.000E+00  0.000E+00  0.000E+00  0.000E+00  0.000E+00  0.000E+00  0.000E+00  0.000E+00  0.000E+00
 89  2.710E+00 -2.732E+08  1.096E+01  3.135E-30  9.421E-01  3.566E-02  3.808E-04  1.441E-02  0.000E+00  7.491E-03  1.191E-24  9.013E-06  1.342E-24  3.592E-20  0.000E+00  0.000E+00  0.000E+00  0.000E+00  0.000E+00  0.000E+00  0.000E+00  0.000E+00  0.000E+00  0.000E+00  0.000E+00  0.000E+00  0.000E+00  0.000E+00  0.000E+00  0.000E+00  0.000E+00  0.000E+00  0.000E+00  0.000E+00  0.000E+00  0.000E+00  0.000E+00  0.000E+00  0.000E+00  0.000E+00  0.000E+00
 90  2.733E+00 -2.753E+08  1.014E+01  3.135E-30  9.421E-01  3.566E-02  3.808E-04  1.441E-02  0.000E+00  7.491E-03  1.191E-24  9.013E-06  1.342E-24  3.592E-20  0.000E+00  0.000E+00  0.000E+00  0.000E+00  0.000E+00  0.000E+00  0.000E+00  0.000E+00  0.000E+00  0.000E+00  0.000E+00  0.000E+00  0.000E+00  0.000E+00  0.000E+00  0.000E+00  0.000E+00  0.000E+00  0.000E+00  0.000E+00  0.000E+00  0.000E+00  0.000E+00  0.000E+00  0.000E+00  0.000E+00  0.000E+00
 91  2.756E+00 -2.775E+08  9.390E+00  3.135E-30  9.421E-01  3.566E-02  3.808E-04  1.441E-02  0.000E+00  7.491E-03  1.191E-24  9.013E-06  1.342E-24  3.592E-20  0.000E+00  0.000E+00  0.000E+00  0.000E+00  0.000E+00  0.000E+00  0.000E+00  0.000E+00  0.000E+00  0.000E+00  0.000E+00  0.000E+00  0.000E+00  0.000E+00  0.000E+00  0.000E+00  0.000E+00  0.000E+00  0.000E+00  0.000E+00  0.000E+00  0.000E+00  0.000E+00  0.000E+00  0.000E+00  0.000E+00  0.000E+00
 92  2.780E+00 -2.797E+08  8.706E+00  4.188E-30  9.421E-01  3.566E-02  3.820E-04  1.441E-02  0.000E+00  7.490E-03  1.191E-24  9.013E-06  1.342E-24  3.592E-20  0.000E+00  0.000E+00  0.000E+00  0.000E+00  0.000E+00  0.000E+00  0.000E+00  0.000E+00  0.000E+00  0.000E+00  0.000E+00  0.000E+00  0.000E+00  0.000E+00  0.000E+00  0.000E+00  0.000E+00  0.000E+00  0.000E+00  0.000E+00  0.000E+00  0.000E+00  0.000E+00  0.000E+00  0.000E+00  0.000E+00  0.000E+00
 93  2.829E+00 -2.820E+08  7.439E+00  4.188E-30  9.421E-01  3.566E-02  3.820E-04  1.441E-02  0.000E+00  7.490E-03  1.191E-24  9.013E-06  1.342E-24  3.592E-20  0.000E+00  0.000E+00  0.000E+00  0.000E+00  0.000E+00  0.000E+00  0.000E+00  0.000E+00  0.000E+00  0.000E+00  0.000E+00  0.000E+00  0.000E+00  0.000E+00  0.000E+00  0.000E+00  0.000E+00  0.000E+00  0.000E+00  0.000E+00  0.000E+00  0.000E+00  0.000E+00  0.000E+00  0.000E+00  0.000E+00  0.000E+00
 94  2.876E+00 -2.844E+08  6.437E+00  4.188E-30  9.421E-01  3.566E-02  3.820E-04  1.441E-02  0.000E+00  7.490E-03  1.191E-24  9.013E-06  1.342E-24  3.592E-20  0.000E+00  0.000E+00  0.000E+00  0.000E+00  0.000E+00  0.000E+00  0.000E+00  0.000E+00  0.000E+00  0.000E+00  0.000E+00  0.000E+00  0.000E+00  0.000E+00  0.000E+00  0.000E+00  0.000E+00  0.000E+00  0.000E+00  0.000E+00  0.000E+00  0.000E+00  0.000E+00  0.000E+00  0.000E+00  0.000E+00  0.000E+00
 95  2.916E+00 -2.867E+08  5.697E+00  4.188E-30  9.421E-01  3.566E-02  3.820E-04  1.441E-02  0.000E+00  7.490E-03  1.191E-24  9.013E-06  1.342E-24  3.592E-20  0.000E+00  0.000E+00  0.000E+00  0.000E+00  0.000E+00  0.000E+00  0.000E+00  0.000E+00  0.000E+00  0.000E+00  0.000E+00  0.000E+00  0.000E+00  0.000E+00  0.000E+00  0.000E+00  0.000E+00  0.000E+00  0.000E+00  0.000E+00  0.000E+00  0.000E+00  0.000E+00  0.000E+00  0.000E+00  0.000E+00  0.000E+00
 96  2.955E+00 -2.891E+08  5.067E+00  4.188E-30  9.421E-01  3.566E-02  3.820E-04  1.441E-02  0.000E+00  7.490E-03  1.191E-24  9.013E-06  1.342E-24  3.592E-20  0.000E+00  0.000E+00  0.000E+00  0.000E+00  0.000E+00  0.000E+00  0.000E+00  0.000E+00  0.000E+00  0.000E+00  0.000E+00  0.000E+00  0.000E+00  0.000E+00  0.000E+00  0.000E+00  0.000E+00  0.000E+00  0.000E+00  0.000E+00  0.000E+00  0.000E+00  0.000E+00  0.000E+00  0.000E+00  0.000E+00  0.000E+00
 97  2.997E+00 -2.914E+08  4.482E+00  4.188E-30  9.421E-01  3.566E-02  3.820E-04  1.441E-02  0.000E+00  7.490E-03  1.191E-24  9.013E-06  1.342E-24  3.592E-20  0.000E+00  0.000E+00  0.000E+00  0.000E+00  0.000E+00  0.000E+00  0.000E+00  0.000E+00  0.000E+00  0.000E+00  0.000E+00  0.000E+00  0.000E+00  0.000E+00  0.000E+00  0.000E+00  0.000E+00  0.000E+00  0.000E+00  0.000E+00  0.000E+00  0.000E+00  0.000E+00  0.000E+00  0.000E+00  0.000E+00  0.000E+00
 98  3.037E+00 -2.938E+08  3.985E+00  4.188E-30  9.421E-01  3.566E-02  3.820E-04  1.441E-02  0.000E+00  7.490E-03  1.191E-24  9.013E-06  1.342E-24  3.592E-20  0.000E+00  0.000E+00  0.000E+00  0.000E+00  0.000E+00  0.000E+00  0.000E+00  0.000E+00  0.000E+00  0.000E+00  0.000E+00  0.000E+00  0.000E+00  0.000E+00  0.000E+00  0.000E+00  0.000E+00  0.000E+00  0.000E+00  0.000E+00  0.000E+00  0.000E+00  0.000E+00  0.000E+00  0.000E+00  0.000E+00  0.000E+00
 99  3.070E+00 -2.962E+08  3.614E+00  4.188E-30  9.421E-01  3.566E-02  3.820E-04  1.441E-02  0.000E+00  7.490E-03  1.191E-24  9.013E-06  1.342E-24  3.592E-20  0.000E+00  0.000E+00  0.000E+00  0.000E+00  0.000E+00  0.000E+00  0.000E+00  0.000E+00  0.000E+00  0.000E+00  0.000E+00  0.000E+00  0.000E+00  0.000E+00  0.000E+00  0.000E+00  0.000E+00  0.000E+00  0.000E+00  0.000E+00  0.000E+00  0.000E+00  0.000E+00  0.000E+00  0.000E+00  0.000E+00  0.000E+00
100  3.103E+00 -2.986E+08  3.290E+00  4.188E-30  9.421E-01  3.566E-02  3.820E-04  1.441E-02  0.000E+00  7.490E-03  1.191E-24  9.013E-06  1.342E-24  3.592E-20  0.000E+00  0.000E+00  0.000E+00  0.000E+00  0.000E+00  0.000E+00  0.000E+00  0.000E+00  0.000E+00  0.000E+00  0.000E+00  0.000E+00  0.000E+00  0.000E+00  0.000E+00  0.000E+00  0.000E+00  0.000E+00  0.000E+00  0.000E+00  0.000E+00  0.000E+00  0.000E+00  0.000E+00  0.000E+00  0.000E+00  0.000E+00
101  3.134E+00 -3.010E+08  3.005E+00  4.188E-30  9.421E-01  3.566E-02  3.820E-04  1.441E-02  0.000E+00  7.490E-03  1.191E-24  9.013E-06  1.342E-24  3.592E-20  0.000E+00  0.000E+00  0.000E+00  0.000E+00  0.000E+00  0.000E+00  0.000E+00  0.000E+00  0.000E+00  0.000E+00  0.000E+00  0.000E+00  0.000E+00  0.000E+00  0.000E+00  0.000E+00  0.000E+00  0.000E+00  0.000E+00  0.000E+00  0.000E+00  0.000E+00  0.000E+00  0.000E+00  0.000E+00  0.000E+00  0.000E+00
102  3.164E+00 -3.034E+08  2.754E+00  4.188E-30  9.421E-01  3.566E-02  3.820E-04  1.441E-02  0.000E+00  7.490E-03  1.191E-24  9.013E-06  1.342E-24  3.592E-20  0.000E+00  0.000E+00  0.000E+00  0.000E+00  0.000E+00  0.000E+00  0.000E+00  0.000E+00  0.000E+00  0.000E+00  0.000E+00  0.000E+00  0.000E+00  0.000E+00  0.000E+00  0.000E+00  0.000E+00  0.000E+00  0.000E+00  0.000E+00  0.000E+00  0.000E+00  0.000E+00  0.000E+00  0.000E+00  0.000E+00  0.000E+00
103  3.195E+00 -3.058E+08  2.513E+00  4.188E-30  9.421E-01  3.566E-02  3.820E-04  1.441E-02  0.000E+00  7.490E-03  1.191E-24  9.013E-06  1.342E-24  3.592E-20  0.000E+00  0.000E+00  0.000E+00  0.000E+00  0.000E+00  0.000E+00  0.000E+00  0.000E+00  0.000E+00  0.000E+00  0.000E+00  0.000E+00  0.000E+00  0.000E+00  0.000E+00  0.000E+00  0.000E+00  0.000E+00  0.000E+00  0.000E+00  0.000E+00  0.000E+00  0.000E+00  0.000E+00  0.000E+00  0.000E+00  0.000E+00
104  3.225E+00 -3.081E+08  2.298E+00  4.188E-30  9.421E-01  3.566E-02  3.820E-04  1.441E-02  0.000E+00  7.490E-03  1.191E-24  9.013E-06  1.342E-24  3.592E-20  0.000E+00  0.000E+00  0.000E+00  0.000E+00  0.000E+00  0.000E+00  0.000E+00  0.000E+00  0.000E+00  0.000E+00  0.000E+00  0.000E+00  0.000E+00  0.000E+00  0.000E+00  0.000E+00  0.000E+00  0.000E+00  0.000E+00  0.000E+00  0.000E+00  0.000E+00  0.000E+00  0.000E+00  0.000E+00  0.000E+00  0.000E+00
105  3.283E+00 -3.104E+08  1.934E+00  4.188E-30  9.421E-01  3.566E-02  3.820E-04  1.441E-02  0.000E+00  7.490E-03  1.191E-24  9.013E-06  1.342E-24  3.592E-20  0.000E+00  0.000E+00  0.000E+00  0.000E+00  0.000E+00  0.000E+00  0.000E+00  0.000E+00  0.000E+00  0.000E+00  0.000E+00  0.000E+00  0.000E+00  0.000E+00  0.000E+00  0.000E+00  0.000E+00  0.000E+00  0.000E+00  0.000E+00  0.000E+00  0.000E+00  0.000E+00  0.000E+00  0.000E+00  0.000E+00  0.000E+00
106  3.334E+00 -3.128E+08  1.656E+00  4.188E-30  9.421E-01  3.566E-02  3.820E-04  1.441E-02  0.000E+00  7.490E-03  1.191E-24  9.013E-06  1.342E-24  3.592E-20  0.000E+00  0.000E+00  0.000E+00  0.000E+00  0.000E+00  0.000E+00  0.000E+00  0.000E+00  0.000E+00  0.000E+00  0.000E+00  0.000E+00  0.000E+00  0.000E+00  0.000E+00  0.000E+00  0.000E+00  0.000E+00  0.000E+00  0.000E+00  0.000E+00  0.000E+00  0.000E+00  0.000E+00  0.000E+00  0.000E+00  0.000E+00
107  3.382E+00 -3.151E+08  1.424E+00  4.188E-30  9.421E-01  3.566E-02  3.820E-04  1.441E-02  0.000E+00  7.490E-03  1.191E-24  9.013E-06  1.342E-24  3.592E-20  0.000E+00  0.000E+00  0.000E+00  0.000E+00  0.000E+00  0.000E+00  0.000E+00  0.000E+00  0.000E+00  0.000E+00  0.000E+00  0.000E+00  0.000E+00  0.000E+00  0.000E+00  0.000E+00  0.000E+00  0.000E+00  0.000E+00  0.000E+00  0.000E+00  0.000E+00  0.000E+00  0.000E+00  0.000E+00  0.000E+00  0.000E+00
108  3.421E+00 -3.173E+08  1.256E+00  4.188E-30  9.421E-01  3.566E-02  3.820E-04  1.441E-02  0.000E+00  7.490E-03  1.191E-24  9.013E-06  1.342E-24  3.592E-20  0.000E+00  0.000E+00  0.000E+00  0.000E+00  0.000E+00  0.000E+00  0.000E+00  0.000E+00  0.000E+00  0.000E+00  0.000E+00  0.000E+00  0.000E+00  0.000E+00  0.000E+00  0.000E+00  0.000E+00  0.000E+00  0.000E+00  0.000E+00  0.000E+00  0.000E+00  0.000E+00  0.000E+00  0.000E+00  0.000E+00  0.000E+00
109  3.458E+00 -3.195E+08  1.110E+00  4.188E-30  9.421E-01  3.566E-02  3.820E-04  1.441E-02  0.000E+00  7.490E-03  1.191E-24  9.013E-06  1.342E-24  3.592E-20  0.000E+00  0.000E+00  0.000E+00  0.000E+00  0.000E+00  0.000E+00  0.000E+00  0.000E+00  0.000E+00  0.000E+00  0.000E+00  0.000E+00  0.000E+00  0.000E+00  0.000E+00  0.000E+00  0.000E+00  0.000E+00  0.000E+00  0.000E+00  0.000E+00  0.000E+00  0.000E+00  0.000E+00  0.000E+00  0.000E+00  0.000E+00
110  3.498E+00 -3.216E+08  9.663E-01  4.188E-30  9.421E-01  3.566E-02  3.820E-04  1.441E-02  0.000E+00  7.490E-03  1.191E-24  9.013E-06  1.342E-24  3.592E-20  0.000E+00  0.000E+00  0.000E+00  0.000E+00  0.000E+00  0.000E+00  0.000E+00  0.000E+00  0.000E+00  0.000E+00  0.000E+00  0.000E+00  0.000E+00  0.000E+00  0.000E+00  0.000E+00  0.000E+00  0.000E+00  0.000E+00  0.000E+00  0.000E+00  0.000E+00  0.000E+00  0.000E+00  0.000E+00  0.000E+00  0.000E+00
111  3.535E+00 -3.236E+08  8.441E-01  4.188E-30  9.421E-01  3.566E-02  3.820E-04  1.441E-02  0.000E+00  7.490E-03  1.191E-24  9.013E-06  1.342E-24  3.592E-20  0.000E+00  0.000E+00  0.000E+00  0.000E+00  0.000E+00  0.000E+00  0.000E+00  0.000E+00  0.000E+00  0.000E+00  0.000E+00  0.000E+00  0.000E+00  0.000E+00  0.000E+00  0.000E+00  0.000E+00  0.000E+00  0.000E+00  0.000E+00  0.000E+00  0.000E+00  0.000E+00  0.000E+00  0.000E+00  0.000E+00  0.000E+00
112  3.573E+00 -3.255E+08  7.273E-01  2.300E-30  9.421E-01  3.563E-02  4.744E-04  1.437E-02  0.000E+00  7.386E-03  1.189E-24  8.982E-06  1.341E-24  3.588E-20  0.000E+00  0.000E+00  0.000E+00  0.000E+00  0.000E+00  0.000E+00  0.000E+00  0.000E+00  0.000E+00  0.000E+00  0.000E+00  0.000E+00  0.000E+00  0.000E+00  0.000E+00  0.000E+00  0.000E+00  0.000E+00  0.000E+00  0.000E+00  0.000E+00  0.000E+00  0.000E+00  0.000E+00  0.000E+00  0.000E+00  0.000E+00
113  3.592E+00 -3.274E+08  6.660E-01  0.000E+00  9.879E-01  2.502E-35  1.214E-02  7.265E-30  0.000E+00  5.756E-67  0.000E+00  0.000E+00  0.000E+00  0.000E+00  0.000E+00  0.000E+00  0.000E+00  0.000E+00  0.000E+00  0.000E+00  0.000E+00  0.000E+00  0.000E+00  0.000E+00  0.000E+00  0.000E+00  0.000E+00  0.000E+00  0.000E+00  0.000E+00  0.000E+00  0.000E+00  0.000E+00  0.000E+00  0.000E+00  0.000E+00  0.000E+00  0.000E+00  0.000E+00  0.000E+00  0.000E+00
114  3.611E+00 -3.291E+08  6.154E-01  0.000E+00  9.879E-01  5.784E-36  1.214E-02  2.625E-30  0.000E+00  3.616E-67  0.000E+00  0.000E+00  0.000E+00  0.000E+00  0.000E+00  0.000E+00  0.000E+00  0.000E+00  0.000E+00  0.000E+00  0.000E+00  0.000E+00  0.000E+00  0.000E+00  0.000E+00  0.000E+00  0.000E+00  0.000E+00  0.000E+00  0.000E+00  0.000E+00  0.000E+00  0.000E+00  0.000E+00  0.000E+00  0.000E+00  0.000E+00  0.000E+00  0.000E+00  0.000E+00  0.000E+00
115  3.626E+00 -3.307E+08  5.727E-01  0.000E+00  9.879E-01  3.380E-36  1.214E-02  1.648E-30  0.000E+00  2.113E-67  0.000E+00  0.000E+00  0.000E+00  0.000E+00  0.000E+00  0.000E+00  0.000E+00  0.000E+00  0.000E+00  0.000E+00  0.000E+00  0.000E+00  0.000E+00  0.000E+00  0.000E+00  0.000E+00  0.000E+00  0.000E+00  0.000E+00  0.000E+00  0.000E+00  0.000E+00  0.000E+00  0.000E+00  0.000E+00  0.000E+00  0.000E+00  0.000E+00  0.000E+00  0.000E+00  0.000E+00
116  3.642E+00 -3.320E+08  5.323E-01  0.000E+00  9.879E-01  9.766E-37  1.214E-02  6.716E-31  0.000E+00  6.098E-68  0.000E+00  0.000E+00  0.000E+00  0.000E+00  0.000E+00  0.000E+00  0.000E+00  0.000E+00  0.000E+00  0.000E+00  0.000E+00  0.000E+00  0.000E+00  0.000E+00  0.000E+00  0.000E+00  0.000E+00  0.000E+00  0.000E+00  0.000E+00  0.000E+00  0.000E+00  0.000E+00  0.000E+00  0.000E+00  0.000E+00  0.000E+00  0.000E+00  0.000E+00  0.000E+00  0.000E+00
117  3.658E+00 -3.331E+08  4.920E-01  0.000E+00  9.879E-01  5.612E-37  1.214E-02  4.107E-31  0.000E+00  3.146E-68  0.000E+00  0.000E+00  0.000E+00  0.000E+00  0.000E+00  0.000E+00  0.000E+00  0.000E+00  0.000E+00  0.000E+00  0.000E+00  0.000E+00  0.000E+00  0.000E+00  0.000E+00  0.000E+00  0.000E+00  0.000E+00  0.000E+00  0.000E+00  0.000E+00  0.000E+00  0.000E+00  0.000E+00  0.000E+00  0.000E+00  0.000E+00  0.000E+00  0.000E+00  0.000E+00  0.000E+00
118  3.673E+00 -3.340E+08  4.547E-01  0.000E+00  9.879E-01  1.459E-37  1.214E-02  1.498E-31  0.000E+00  1.930E-69  0.000E+00  0.000E+00  0.000E+00  0.000E+00  0.000E+00  0.000E+00  0.000E+00  0.000E+00  0.000E+00  0.000E+00  0.000E+00  0.000E+00  0.000E+00  0.000E+00  0.000E+00  0.000E+00  0.000E+00  0.000E+00  0.000E+00  0.000E+00  0.000E+00  0.000E+00  0.000E+00  0.000E+00  0.000E+00  0.000E+00  0.000E+00  0.000E+00  0.000E+00  0.000E+00  0.000E+00
119  3.687E+00 -3.348E+08  4.224E-01  0.000E+00  9.879E-01  1.106E-37  1.214E-02  1.146E-31  0.000E+00  1.467E-69  0.000E+00  0.000E+00  0.000E+00  0.000E+00  0.000E+00  0.000E+00  0.000E+00  0.000E+00  0.000E+00  0.000E+00  0.000E+00  0.000E+00  0.000E+00  0.000E+00  0.000E+00  0.000E+00  0.000E+00  0.000E+00  0.000E+00  0.000E+00  0.000E+00  0.000E+00  0.000E+00  0.000E+00  0.000E+00  0.000E+00  0.000E+00  0.000E+00  0.000E+00  0.000E+00  0.000E+00
120  3.701E+00 -3.351E+08  3.927E-01  0.000E+00  9.879E-01  7.527E-38  1.214E-02  7.933E-32  0.000E+00  1.005E-69  0.000E+00  0.000E+00  0.000E+00  0.000E+00  0.000E+00  0.000E+00  0.000E+00  0.000E+00  0.000E+00  0.000E+00  0.000E+00  0.000E+00  0.000E+00  0.000E+00  0.000E+00  0.000E+00  0.000E+00  0.000E+00  0.000E+00  0.000E+00  0.000E+00  0.000E+00  0.000E+00  0.000E+00  0.000E+00  0.000E+00  0.000E+00  0.000E+00  0.000E+00  0.000E+00  0.000E+00
121  3.713E+00 -3.351E+08  3.655E-01  0.000E+00  9.879E-01  3.996E-38  1.214E-02  4.408E-32  0.000E+00  5.430E-70  0.000E+00  0.000E+00  0.000E+00  0.000E+00  0.000E+00  0.000E+00  0.000E+00  0.000E+00  0.000E+00  0.000E+00  0.000E+00  0.000E+00  0.000E+00  0.000E+00  0.000E+00  0.000E+00  0.000E+00  0.000E+00  0.000E+00  0.000E+00  0.000E+00  0.000E+00  0.000E+00  0.000E+00  0.000E+00  0.000E+00  0.000E+00  0.000E+00  0.000E+00  0.000E+00  0.000E+00
122  3.725E+00 -3.346E+08  3.406E-01  0.000E+00  9.879E-01  4.662E-39  1.214E-02  8.827E-33  0.000E+00  8.087E-71  0.000E+00  0.000E+00  0.000E+00  0.000E+00  0.000E+00  0.000E+00  0.000E+00  0.000E+00  0.000E+00  0.000E+00  0.000E+00  0.000E+00  0.000E+00  0.000E+00  0.000E+00  0.000E+00  0.000E+00  0.000E+00  0.000E+00  0.000E+00  0.000E+00  0.000E+00  0.000E+00  0.000E+00  0.000E+00  0.000E+00  0.000E+00  0.000E+00  0.000E+00  0.000E+00  0.000E+00
123  3.737E+00 -3.337E+08  3.173E-01  0.000E+00  9.879E-01  2.759E-39  1.214E-02  5.448E-33  0.000E+00  5.394E-71  0.000E+00  0.000E+00  0.000E+00  0.000E+00  0.000E+00  0.000E+00  0.000E+00  0.000E+00  0.000E+00  0.000E+00  0.000E+00  0.000E+00  0.000E+00  0.000E+00  0.000E+00  0.000E+00  0.000E+00  0.000E+00  0.000E+00  0.000E+00  0.000E+00  0.000E+00  0.000E+00  0.000E+00  0.000E+00  0.000E+00  0.000E+00  0.000E+00  0.000E+00  0.000E+00  0.000E+00
124  3.749E+00 -3.322E+08  2.947E-01  0.000E+00  9.879E-01  8.572E-40  1.214E-02  2.068E-33  0.000E+00  2.702E-71  0.000E+00  0.000E+00  0.000E+00  0.000E+00  0.000E+00  0.000E+00  0.000E+00  0.000E+00  0.000E+00  0.000E+00  0.000E+00  0.000E+00  0.000E+00  0.000E+00  0.000E+00  0.000E+00  0.000E+00  0.000E+00  0.000E+00  0.000E+00  0.000E+00  0.000E+00  0.000E+00  0.000E+00  0.000E+00  0.000E+00  0.000E+00  0.000E+00  0.000E+00  0.000E+00  0.000E+00
125  3.761E+00 -3.300E+08  2.724E-01  0.000E+00  9.879E-01  4.974E-40  1.214E-02  1.242E-33  0.000E+00  1.383E-71  0.000E+00  0.000E+00  0.000E+00  0.000E+00  0.000E+00  0.000E+00  0.000E+00  0.000E+00  0.000E+00  0.000E+00  0.000E+00  0.000E+00  0.000E+00  0.000E+00  0.000E+00  0.000E+00  0.000E+00  0.000E+00  0.000E+00  0.000E+00  0.000E+00  0.000E+00  0.000E+00  0.000E+00  0.000E+00  0.000E+00  0.000E+00  0.000E+00  0.000E+00  0.000E+00  0.000E+00
126  3.772E+00 -3.266E+08  2.518E-01  0.000E+00  9.879E-01  1.377E-40  1.214E-02  4.155E-34  0.000E+00  6.370E-73  0.000E+00  0.000E+00  0.000E+00  0.000E+00  0.000E+00  0.000E+00  0.000E+00  0.000E+00  0.000E+00  0.000E+00  0.000E+00  0.000E+00  0.000E+00  0.000E+00  0.000E+00  0.000E+00  0.000E+00  0.000E+00  0.000E+00  0.000E+00  0.000E+00  0.000E+00  0.000E+00  0.000E+00  0.000E+00  0.000E+00  0.000E+00  0.000E+00  0.000E+00  0.000E+00  0.000E+00
127  3.808E+00 -3.222E+08  1.930E-01  0.000E+00  9.879E-01  6.224E-42  1.214E-02  2.600E-35  0.000E+00  1.619E-74  0.000E+00  0.000E+00  0.000E+00  0.000E+00  0.000E+00  0.000E+00  0.000E+00  0.000E+00  0.000E+00  0.000E+00  0.000E+00  0.000E+00  0.000E+00  0.000E+00  0.000E+00  0.000E+00  0.000E+00  0.000E+00  0.000E+00  0.000E+00  0.000E+00  0.000E+00  0.000E+00  0.000E+00  0.000E+00  0.000E+00  0.000E+00  0.000E+00  0.000E+00  0.000E+00  0.000E+00
128  3.838E+00 -3.185E+08  1.491E-01  0.000E+00  9.879E-01  2.878E-43  1.214E-02  1.626E-36  0.000E+00  5.348E-76  0.000E+00  0.000E+00  0.000E+00  0.000E+00  0.000E+00  0.000E+00  0.000E+00  0.000E+00  0.000E+00  0.000E+00  0.000E+00  0.000E+00  0.000E+00  0.000E+00  0.000E+00  0.000E+00  0.000E+00  0.000E+00  0.000E+00  0.000E+00  0.000E+00  0.000E+00  0.000E+00  0.000E+00  0.000E+00  0.000E+00  0.000E+00  0.000E+00  0.000E+00  0.000E+00  0.000E+00
129  3.862E+00 -3.091E+08  1.174E-01  0.000E+00  9.879E-01  1.535E-44  1.214E-02  1.157E-37  0.000E+00  3.383E-77  0.000E+00  0.000E+00  0.000E+00  0.000E+00  0.000E+00  0.000E+00  0.000E+00  0.000E+00  0.000E+00  0.000E+00  0.000E+00  0.000E+00  0.000E+00  0.000E+00  0.000E+00  0.000E+00  0.000E+00  0.000E+00  0.000E+00  0.000E+00  0.000E+00  0.000E+00  0.000E+00  0.000E+00  0.000E+00  0.000E+00  0.000E+00  0.000E+00  0.000E+00  0.000E+00  0.000E+00
130  3.880E+00 -3.045E+08  9.572E-02  0.000E+00  9.879E-01  1.172E-45  1.214E-02  1.143E-38  0.000E+00  0.000E+00  0.000E+00  0.000E+00  0.000E+00  0.000E+00  0.000E+00  0.000E+00  0.000E+00  0.000E+00  0.000E+00  0.000E+00  0.000E+00  0.000E+00  0.000E+00  0.000E+00  0.000E+00  0.000E+00  0.000E+00  0.000E+00  0.000E+00  0.000E+00  0.000E+00  0.000E+00  0.000E+00  0.000E+00  0.000E+00  0.000E+00  0.000E+00  0.000E+00  0.000E+00  0.000E+00  0.000E+00
131  3.895E+00 -2.874E+08  7.881E-02  0.000E+00  9.879E-01  9.483E-47  1.214E-02  1.195E-39  0.000E+00  0.000E+00  0.000E+00  0.000E+00  0.000E+00  0.000E+00  0.000E+00  0.000E+00  0.000E+00  0.000E+00  0.000E+00  0.000E+00  0.000E+00  0.000E+00  0.000E+00  0.000E+00  0.000E+00  0.000E+00  0.000E+00  0.000E+00  0.000E+00  0.000E+00  0.000E+00  0.000E+00  0.000E+00  0.000E+00  0.000E+00  0.000E+00  0.000E+00  0.000E+00  0.000E+00  0.000E+00  0.000E+00
132  3.911E+00 -2.838E+08  6.312E-02  0.000E+00  9.879E-01  4.971E-48  1.214E-02  8.513E-41  0.000E+00  0.000E+00  0.000E+00  0.000E+00  0.000E+00  0.000E+00  0.000E+00  0.000E+00  0.000E+00  0.000E+00  0.000E+00  0.000E+00  0.000E+00  0.000E+00  0.000E+00  0.000E+00  0.000E+00  0.000E+00  0.000E+00  0.000E+00  0.000E+00  0.000E+00  0.000E+00  0.000E+00  0.000E+00  0.000E+00  0.000E+00  0.000E+00  0.000E+00  0.000E+00  0.000E+00  0.000E+00  0.000E+00
133  3.919E+00 -2.691E+08  5.488E-02  0.000E+00  9.879E-01  7.397E-49  1.214E-02  1.548E-41  0.000E+00  0.000E+00  0.000E+00  0.000E+00  0.000E+00  0.000E+00  0.000E+00  0.000E+00  0.000E+00  0.000E+00  0.000E+00  0.000E+00  0.000E+00  0.000E+00  0.000E+00  0.000E+00  0.000E+00  0.000E+00  0.000E+00  0.000E+00  0.000E+00  0.000E+00  0.000E+00  0.000E+00  0.000E+00  0.000E+00  0.000E+00  0.000E+00  0.000E+00  0.000E+00  0.000E+00  0.000E+00  0.000E+00
134  3.928E+00 -2.571E+08  4.712E-02  0.000E+00  9.879E-01  8.914E-50  1.214E-02  2.335E-42  0.000E+00  0.000E+00  0.000E+00  0.000E+00  0.000E+00  0.000E+00  0.000E+00  0.000E+00  0.000E+00  0.000E+00  0.000E+00  0.000E+00  0.000E+00  0.000E+00  0.000E+00  0.000E+00  0.000E+00  0.000E+00  0.000E+00  0.000E+00  0.000E+00  0.000E+00  0.000E+00  0.000E+00  0.000E+00  0.000E+00  0.000E+00  0.000E+00  0.000E+00  0.000E+00  0.000E+00  0.000E+00  0.000E+00
135  3.935E+00 -2.446E+08  4.120E-02  0.000E+00  9.879E-01  1.336E-50  1.214E-02  4.280E-43  0.000E+00  0.000E+00  0.000E+00  0.000E+00  0.000E+00  0.000E+00  0.000E+00  0.000E+00  0.000E+00  0.000E+00  0.000E+00  0.000E+00  0.000E+00  0.000E+00  0.000E+00  0.000E+00  0.000E+00  0.000E+00  0.000E+00  0.000E+00  0.000E+00  0.000E+00  0.000E+00  0.000E+00  0.000E+00  0.000E+00  0.000E+00  0.000E+00  0.000E+00  0.000E+00  0.000E+00  0.000E+00  0.000E+00
136  3.942E+00 -2.329E+08  3.547E-02  0.000E+00  9.879E-01  1.545E-51  1.214E-02  6.223E-44  0.000E+00  0.000E+00  0.000E+00  0.000E+00  0.000E+00  0.000E+00  0.000E+00  0.000E+00  0.000E+00  0.000E+00  0.000E+00  0.000E+00  0.000E+00  0.000E+00  0.000E+00  0.000E+00  0.000E+00  0.000E+00  0.000E+00  0.000E+00  0.000E+00  0.000E+00  0.000E+00  0.000E+00  0.000E+00  0.000E+00  0.000E+00  0.000E+00  0.000E+00  0.000E+00  0.000E+00  0.000E+00  0.000E+00
137  3.947E+00 -2.206E+08  3.114E-02  0.000E+00  9.879E-01  2.275E-52  1.214E-02  1.121E-44  0.000E+00  0.000E+00  0.000E+00  0.000E+00  0.000E+00  0.000E+00  0.000E+00  0.000E+00  0.000E+00  0.000E+00  0.000E+00  0.000E+00  0.000E+00  0.000E+00  0.000E+00  0.000E+00  0.000E+00  0.000E+00  0.000E+00  0.000E+00  0.000E+00  0.000E+00  0.000E+00  0.000E+00  0.000E+00  0.000E+00  0.000E+00  0.000E+00  0.000E+00  0.000E+00  0.000E+00  0.000E+00  0.000E+00
138  3.953E+00 -2.077E+08  2.691E-02  0.000E+00  9.879E-01  2.565E-53  1.214E-02  1.587E-45  0.000E+00  0.000E+00  0.000E+00  0.000E+00  0.000E+00  0.000E+00  0.000E+00  0.000E+00  0.000E+00  0.000E+00  0.000E+00  0.000E+00  0.000E+00  0.000E+00  0.000E+00  0.000E+00  0.000E+00  0.000E+00  0.000E+00  0.000E+00  0.000E+00  0.000E+00  0.000E+00  0.000E+00  0.000E+00  0.000E+00  0.000E+00  0.000E+00  0.000E+00  0.000E+00  0.000E+00  0.000E+00  0.000E+00
139  3.958E+00 -1.983E+08  2.293E-02  0.000E+00  9.879E-01  2.237E-54  1.214E-02  1.778E-46  0.000E+00  0.000E+00  0.000E+00  0.000E+00  0.000E+00  0.000E+00  0.000E+00  0.000E+00  0.000E+00  0.000E+00  0.000E+00  0.000E+00  0.000E+00  0.000E+00  0.000E+00  0.000E+00  0.000E+00  0.000E+00  0.000E+00  0.000E+00  0.000E+00  0.000E+00  0.000E+00  0.000E+00  0.000E+00  0.000E+00  0.000E+00  0.000E+00  0.000E+00  0.000E+00  0.000E+00  0.000E+00  0.000E+00
140  3.962E+00 -1.696E+08  2.024E-02  0.000E+00  9.879E-01  3.216E-55  1.214E-02  3.109E-47  0.000E+00  0.000E+00  0.000E+00  0.000E+00  0.000E+00  0.000E+00  0.000E+00  0.000E+00  0.000E+00  0.000E+00  0.000E+00  0.000E+00  0.000E+00  0.000E+00  0.000E+00  0.000E+00  0.000E+00  0.000E+00  0.000E+00  0.000E+00  0.000E+00  0.000E+00  0.000E+00  0.000E+00  0.000E+00  0.000E+00  0.000E+00  0.000E+00  0.000E+00  0.000E+00  0.000E+00  0.000E+00  0.000E+00
141  3.966E+00 -1.507E+08  1.759E-02  0.000E+00  9.879E-01  3.476E-56  1.214E-02  4.199E-48  0.000E+00  0.000E+00  0.000E+00  0.000E+00  0.000E+00  0.000E+00  0.000E+00  0.000E+00  0.000E+00  0.000E+00  0.000E+00  0.000E+00  0.000E+00  0.000E+00  0.000E+00  0.000E+00  0.000E+00  0.000E+00  0.000E+00  0.000E+00  0.000E+00  0.000E+00  0.000E+00  0.000E+00  0.000E+00  0.000E+00  0.000E+00  0.000E+00  0.000E+00  0.000E+00  0.000E+00  0.000E+00  0.000E+00
142  3.970E+00 -1.348E+08  1.555E-02  0.000E+00  9.879E-01  4.789E-57  1.214E-02  7.027E-49  0.000E+00  0.000E+00  0.000E+00  0.000E+00  0.000E+00  0.000E+00  0.000E+00  0.000E+00  0.000E+00  0.000E+00  0.000E+00  0.000E+00  0.000E+00  0.000E+00  0.000E+00  0.000E+00  0.000E+00  0.000E+00  0.000E+00  0.000E+00  0.000E+00  0.000E+00  0.000E+00  0.000E+00  0.000E+00  0.000E+00  0.000E+00  0.000E+00  0.000E+00  0.000E+00  0.000E+00  0.000E+00  0.000E+00
143  3.973E+00 -1.213E+08  1.358E-02  0.000E+00  9.879E-01  5.074E-58  1.214E-02  9.468E-50  0.000E+00  0.000E+00  0.000E+00  0.000E+00  0.000E+00  0.000E+00  0.000E+00  0.000E+00  0.000E+00  0.000E+00  0.000E+00  0.000E+00  0.000E+00  0.000E+00  0.000E+00  0.000E+00  0.000E+00  0.000E+00  0.000E+00  0.000E+00  0.000E+00  0.000E+00  0.000E+00  0.000E+00  0.000E+00  0.000E+00  0.000E+00  0.000E+00  0.000E+00  0.000E+00  0.000E+00  0.000E+00  0.000E+00
144  3.975E+00 -1.095E+08  1.206E-02  0.000E+00  9.879E-01  6.799E-59  1.214E-02  1.566E-50  0.000E+00  0.000E+00  0.000E+00  0.000E+00  0.000E+00  0.000E+00  0.000E+00  0.000E+00  0.000E+00  0.000E+00  0.000E+00  0.000E+00  0.000E+00  0.000E+00  0.000E+00  0.000E+00  0.000E+00  0.000E+00  0.000E+00  0.000E+00  0.000E+00  0.000E+00  0.000E+00  0.000E+00  0.000E+00  0.000E+00  0.000E+00  0.000E+00  0.000E+00  0.000E+00  0.000E+00  0.000E+00  0.000E+00
145  3.978E+00 -9.919E+07  1.058E-02  0.000E+00  9.879E-01  7.944E-60  1.214E-02  2.049E-51  0.000E+00  0.000E+00  0.000E+00  0.000E+00  0.000E+00  0.000E+00  0.000E+00  0.000E+00  0.000E+00  0.000E+00  0.000E+00  0.000E+00  0.000E+00  0.000E+00  0.000E+00  0.000E+00  0.000E+00  0.000E+00  0.000E+00  0.000E+00  0.000E+00  0.000E+00  0.000E+00  0.000E+00  0.000E+00  0.000E+00  0.000E+00  0.000E+00  0.000E+00  0.000E+00  0.000E+00  0.000E+00  0.000E+00
146  3.980E+00 -9.026E+07  9.348E-03  0.000E+00  9.879E-01  1.182E-60  1.214E-02  2.867E-52  0.000E+00  0.000E+00  0.000E+00  0.000E+00  0.000E+00  0.000E+00  0.000E+00  0.000E+00  0.000E+00  0.000E+00  0.000E+00  0.000E+00  0.000E+00  0.000E+00  0.000E+00  0.000E+00  0.000E+00  0.000E+00  0.000E+00  0.000E+00  0.000E+00  0.000E+00  0.000E+00  0.000E+00  0.000E+00  0.000E+00  0.000E+00  0.000E+00  0.000E+00  0.000E+00  0.000E+00  0.000E+00  0.000E+00
147  3.982E+00 -8.223E+07  8.152E-03  0.000E+00  9.879E-01  1.155E-61  1.214E-02  3.233E-53  0.000E+00  0.000E+00  0.000E+00  0.000E+00  0.000E+00  0.000E+00  0.000E+00  0.000E+00  0.000E+00  0.000E+00  0.000E+00  0.000E+00  0.000E+00  0.000E+00  0.000E+00  0.000E+00  0.000E+00  0.000E+00  0.000E+00  0.000E+00  0.000E+00  0.000E+00  0.000E+00  0.000E+00  0.000E+00  0.000E+00  0.000E+00  0.000E+00  0.000E+00  0.000E+00  0.000E+00  0.000E+00  0.000E+00
148  3.984E+00 -7.511E+07  7.280E-03  0.000E+00  9.879E-01  2.374E-62  1.214E-02  5.525E-54  0.000E+00  0.000E+00  0.000E+00  0.000E+00  0.000E+00  0.000E+00  0.000E+00  0.000E+00  0.000E+00  0.000E+00  0.000E+00  0.000E+00  0.000E+00  0.000E+00  0.000E+00  0.000E+00  0.000E+00  0.000E+00  0.000E+00  0.000E+00  0.000E+00  0.000E+00  0.000E+00  0.000E+00  0.000E+00  0.000E+00  0.000E+00  0.000E+00  0.000E+00  0.000E+00  0.000E+00  0.000E+00  0.000E+00
149  3.986E+00 -6.879E+07  6.429E-03  0.000E+00  9.879E-01  4.676E-63  1.214E-02  8.849E-55  0.000E+00  0.000E+00  0.000E+00  0.000E+00  0.000E+00  0.000E+00  0.000E+00  0.000E+00  0.000E+00  0.000E+00  0.000E+00  0.000E+00  0.000E+00  0.000E+00  0.000E+00  0.000E+00  0.000E+00  0.000E+00  0.000E+00  0.000E+00  0.000E+00  0.000E+00  0.000E+00  0.000E+00  0.000E+00  0.000E+00  0.000E+00  0.000E+00  0.000E+00  0.000E+00  0.000E+00  0.000E+00  0.000E+00
150  3.987E+00 -6.313E+07  5.737E-03  0.000E+00  9.879E-01  6.610E-64  1.214E-02  1.389E-55  0.000E+00  0.000E+00  0.000E+00  0.000E+00  0.000E+00  0.000E+00  0.000E+00  0.000E+00  0.000E+00  0.000E+00  0.000E+00  0.000E+00  0.000E+00  0.000E+00  0.000E+00  0.000E+00  0.000E+00  0.000E+00  0.000E+00  0.000E+00  0.000E+00  0.000E+00  0.000E+00  0.000E+00  0.000E+00  0.000E+00  0.000E+00  0.000E+00  0.000E+00  0.000E+00  0.000E+00  0.000E+00  0.000E+00
151  3.988E+00 -5.803E+07  5.060E-03  0.000E+00  9.879E-01  1.446E-64  1.214E-02  2.497E-56  0.000E+00  0.000E+00  0.000E+00  0.000E+00  0.000E+00  0.000E+00  0.000E+00  0.000E+00  0.000E+00  0.000E+00  0.000E+00  0.000E+00  0.000E+00  0.000E+00  0.000E+00  0.000E+00  0.000E+00  0.000E+00  0.000E+00  0.000E+00  0.000E+00  0.000E+00  0.000E+00  0.000E+00  0.000E+00  0.000E+00  0.000E+00  0.000E+00  0.000E+00  0.000E+00  0.000E+00  0.000E+00  0.000E+00
152  3.989E+00 -5.343E+07  4.529E-03  0.000E+00  9.879E-01  2.110E-65  1.214E-02  4.056E-57  0.000E+00  0.000E+00  0.000E+00  0.000E+00  0.000E+00  0.000E+00  0.000E+00  0.000E+00  0.000E+00  0.000E+00  0.000E+00  0.000E+00  0.000E+00  0.000E+00  0.000E+00  0.000E+00  0.000E+00  0.000E+00  0.000E+00  0.000E+00  0.000E+00  0.000E+00  0.000E+00  0.000E+00  0.000E+00  0.000E+00  0.000E+00  0.000E+00  0.000E+00  0.000E+00  0.000E+00  0.000E+00  0.000E+00
153  3.991E+00 -4.795E+07  4.010E-03  0.000E+00  9.879E-01  6.136E-66  1.214E-02  8.568E-58  0.000E+00  0.000E+00  0.000E+00  0.000E+00  0.000E+00  0.000E+00  0.000E+00  0.000E+00  0.000E+00  0.000E+00  0.000E+00  0.000E+00  0.000E+00  0.000E+00  0.000E+00  0.000E+00  0.000E+00  0.000E+00  0.000E+00  0.000E+00  0.000E+00  0.000E+00  0.000E+00  0.000E+00  0.000E+00  0.000E+00  0.000E+00  0.000E+00  0.000E+00  0.000E+00  0.000E+00  0.000E+00  0.000E+00
154  3.992E+00 -4.198E+07  3.209E-03  0.000E+00  9.879E-01  1.277E-67  1.214E-02  4.331E-59  0.000E+00  0.000E+00  0.000E+00  0.000E+00  0.000E+00  0.000E+00  0.000E+00  0.000E+00  0.000E+00  0.000E+00  0.000E+00  0.000E+00  0.000E+00  0.000E+00  0.000E+00  0.000E+00  0.000E+00  0.000E+00  0.000E+00  0.000E+00  0.000E+00  0.000E+00  0.000E+00  0.000E+00  0.000E+00  0.000E+00  0.000E+00  0.000E+00  0.000E+00  0.000E+00  0.000E+00  0.000E+00  0.000E+00
155  3.993E+00 -3.685E+07  2.838E-03  0.000E+00  9.879E-01  1.463E-68  1.214E-02  4.741E-60  0.000E+00  0.000E+00  0.000E+00  0.000E+00  0.000E+00  0.000E+00  0.000E+00  0.000E+00  0.000E+00  0.000E+00  0.000E+00  0.000E+00  0.000E+00  0.000E+00  0.000E+00  0.000E+00  0.000E+00  0.000E+00  0.000E+00  0.000E+00  0.000E+00  0.000E+00  0.000E+00  0.000E+00  0.000E+00  0.000E+00  0.000E+00  0.000E+00  0.000E+00  0.000E+00  0.000E+00  0.000E+00  0.000E+00
156  3.994E+00 -3.159E+07  2.553E-03  0.000E+00  9.879E-01  0.000E+00  1.214E-02  8.174E-61  0.000E+00  0.000E+00  0.000E+00  0.000E+00  0.000E+00  0.000E+00  0.000E+00  0.000E+00  0.000E+00  0.000E+00  0.000E+00  0.000E+00  0.000E+00  0.000E+00  0.000E+00  0.000E+00  0.000E+00  0.000E+00  0.000E+00  0.000E+00  0.000E+00  0.000E+00  0.000E+00  0.000E+00  0.000E+00  0.000E+00  0.000E+00  0.000E+00  0.000E+00  0.000E+00  0.000E+00  0.000E+00  0.000E+00
157  3.994E+00 -2.897E+07  2.273E-03  0.000E+00  9.879E-01  0.000E+00  1.214E-02  0.000E+00  0.000E+00  0.000E+00  0.000E+00  0.000E+00  0.000E+00  0.000E+00  0.000E+00  0.000E+00  0.000E+00  0.000E+00  0.000E+00  0.000E+00  0.000E+00  0.000E+00  0.000E+00  0.000E+00  0.000E+00  0.000E+00  0.000E+00  0.000E+00  0.000E+00  0.000E+00  0.000E+00  0.000E+00  0.000E+00  0.000E+00  0.000E+00  0.000E+00  0.000E+00  0.000E+00  0.000E+00  0.000E+00  0.000E+00
158  3.995E+00 -2.577E+07  2.076E-03  0.000E+00  9.879E-01  0.000E+00  1.214E-02  0.000E+00  0.000E+00  0.000E+00  0.000E+00  0.000E+00  0.000E+00  0.000E+00  0.000E+00  0.000E+00  0.000E+00  0.000E+00  0.000E+00  0.000E+00  0.000E+00  0.000E+00  0.000E+00  0.000E+00  0.000E+00  0.000E+00  0.000E+00  0.000E+00  0.000E+00  0.000E+00  0.000E+00  0.000E+00  0.000E+00  0.000E+00  0.000E+00  0.000E+00  0.000E+00  0.000E+00  0.000E+00  0.000E+00  0.000E+00
159  3.995E+00 -2.310E+07  1.840E-03  0.000E+00  9.879E-01  0.000E+00  1.214E-02  0.000E+00  0.000E+00  0.000E+00  0.000E+00  0.000E+00  0.000E+00  0.000E+00  0.000E+00  0.000E+00  0.000E+00  0.000E+00  0.000E+00  0.000E+00  0.000E+00  0.000E+00  0.000E+00  0.000E+00  0.000E+00  0.000E+00  0.000E+00  0.000E+00  0.000E+00  0.000E+00  0.000E+00  0.000E+00  0.000E+00  0.000E+00  0.000E+00  0.000E+00  0.000E+00  0.000E+00  0.000E+00  0.000E+00  0.000E+00
160  3.996E+00 -2.087E+07  1.647E-03  0.000E+00  9.879E-01  0.000E+00  1.214E-02  0.000E+00  0.000E+00  0.000E+00  0.000E+00  0.000E+00  0.000E+00  0.000E+00  0.000E+00  0.000E+00  0.000E+00  0.000E+00  0.000E+00  0.000E+00  0.000E+00  0.000E+00  0.000E+00  0.000E+00  0.000E+00  0.000E+00  0.000E+00  0.000E+00  0.000E+00  0.000E+00  0.000E+00  0.000E+00  0.000E+00  0.000E+00  0.000E+00  0.000E+00  0.000E+00  0.000E+00  0.000E+00  0.000E+00  0.000E+00
161  3.996E+00 -1.823E+07  1.456E-03  0.000E+00  9.879E-01  0.000E+00  1.214E-02  0.000E+00  0.000E+00  0.000E+00  0.000E+00  0.000E+00  0.000E+00  0.000E+00  0.000E+00  0.000E+00  0.000E+00  0.000E+00  0.000E+00  0.000E+00  0.000E+00  0.000E+00  0.000E+00  0.000E+00  0.000E+00  0.000E+00  0.000E+00  0.000E+00  0.000E+00  0.000E+00  0.000E+00  0.000E+00  0.000E+00  0.000E+00  0.000E+00  0.000E+00  0.000E+00  0.000E+00  0.000E+00  0.000E+00  0.000E+00
162  3.997E+00 -1.545E+07  1.456E-03  0.000E+00  9.879E-01  0.000E+00  1.214E-02  0.000E+00  0.000E+00  0.000E+00  0.000E+00  0.000E+00  0.000E+00  0.000E+00  0.000E+00  0.000E+00  0.000E+00  0.000E+00  0.000E+00  0.000E+00  0.000E+00  0.000E+00  0.000E+00  0.000E+00  0.000E+00  0.000E+00  0.000E+00  0.000E+00  0.000E+00  0.000E+00  0.000E+00  0.000E+00  0.000E+00  0.000E+00  0.000E+00  0.000E+00  0.000E+00  0.000E+00  0.000E+00  0.000E+00  0.000E+00
