4148.38237661 1.62797e-15
4153.01563941 1.56346e-15
4157.64890221 1.56487e-15
4162.28216501 1.65766e-15
4166.91542781 1.51891e-15
4171.54869061 1.52871e-15
4176.18195341 1.52245e-15
4180.81521621 1.40488e-15
4185.44847901 1.32316e-15
4190.08174181 1.28834e-15
4194.71500461 1.38265e-15
4199.34826741 1.35712e-15
4203.98153021 1.38441e-15
4208.614793 1.22868e-15
4213.2480558 1.27246e-15
4217.8813186 1.24447e-15
4222.5145814 1.17968e-15
4227.1478442 1.08785e-15
4231.781107 1.21427e-15
4236.4143698 1.1434e-15
4241.0476326 1.03124e-15
4245.6808954 1.0487e-15
4250.3141582 9.88763e-16
4254.947421 9.71137e-16
4259.5806838 1.00771e-15
4264.2139466 9.85171e-16
4268.8472094 9.42412e-16
4273.4804722 8.9951e-16
4278.11373499 8.96903e-16
4282.74699779 8.4121e-16
4287.38026059 7.58931e-16
4292.01352339 7.34e-16
4296.64678619 6.81384e-16
4301.28004899 6.90855e-16
4305.91331179 6.34646e-16
4310.54657459 6.58772e-16
4315.17983739 6.34138e-16
4319.81310019 5.75051e-16
4324.44636299 5.24716e-16
4329.07962579 5.80108e-16
4333.71288859 5.20712e-16
4338.34615139 5.38158e-16
4342.97941419 5.43504e-16
4347.61267698 5.33969e-16
4352.24593978 5.64418e-16
4356.87920258 5.58098e-16
4361.51246538 5.40774e-16
4366.14572818 5.63628e-16
4370.77899098 5.92412e-16
4375.41225378 6.11446e-16
4380.04551658 5.82463e-16
4384.67877938 6.71249e-16
4389.31204218 7.33269e-16
4393.94530498 6.88305e-16
4398.57856778 7.18798e-16
4403.21183058 7.80805e-16
4407.84509338 8.19553e-16
4412.47835618 8.11797e-16
4417.11161897 7.561e-16
4421.74488177 8.112e-16
4426.37814457 8.64846e-16
4431.01140737 8.35252e-16
4435.64467017 9.08322e-16
4440.27793297 9.18755e-16
4444.91119577 9.37934e-16
4449.54445857 9.88757e-16
4454.17772137 1.01055e-15
4458.81098417 1.00862e-15
4463.44424697 1.00779e-15
4468.07750977 1.05522e-15
4472.71077257 1.07509e-15
4477.34403537 1.08831e-15
4481.97729817 1.13283e-15
4486.61056096 1.20265e-15
4491.24382376 1.22073e-15
4495.87708656 1.30871e-15
4500.51034936 1.39775e-15
4505.14361216 1.39896e-15
4509.77687496 1.32603e-15
4514.41013776 1.4095e-15
4519.04340056 1.46425e-15
4523.67666336 1.48511e-15
4528.30992616 1.47717e-15
4532.94318896 1.48293e-15
4537.57645176 1.51786e-15
4542.20971456 1.52078e-15
4546.84297736 1.57699e-15
4551.47624015 1.5445e-15
4556.10950295 1.59951e-15
4560.74276575 1.67621e-15
4565.37602855 1.61007e-15
4570.00929135 1.6388e-15
4574.64255415 1.66252e-15
4579.27581695 1.63554e-15
4583.90907975 1.59828e-15
4588.54234255 1.65855e-15
4593.17560535 1.58026e-15
4597.80886815 1.55785e-15
4602.44213095 1.60562e-15
4607.07539375 1.62439e-15
4611.70865655 1.61492e-15
4616.34191935 1.54288e-15
4620.97518214 1.51415e-15
4625.60844494 1.57572e-15
4630.24170774 1.66086e-15
4634.87497054 1.64707e-15
4639.50823334 1.60387e-15
4644.14149614 1.62108e-15
4648.77475894 1.60517e-15
4653.40802174 1.49055e-15
4658.04128454 1.50076e-15
4662.67454734 1.44118e-15
4667.30781014 1.3845e-15
4671.94107294 1.39602e-15
4676.57433574 1.31565e-15
4681.20759854 1.2774e-15
4685.84086134 1.18711e-15
4690.47412413 1.14523e-15
4695.10738693 1.09077e-15
4699.74064973 1.11077e-15
4704.37391253 1.04156e-15
4709.00717533 9.43695e-16
4713.64043813 9.28826e-16
4718.27370093 9.17874e-16
4722.90696373 8.57337e-16
4727.54022653 8.73984e-16
4732.17348933 8.53627e-16
4736.80675213 8.13687e-16
4741.44001493 7.70552e-16
4746.07327773 7.68373e-16
4750.70654053 7.61145e-16
4755.33980333 7.02848e-16
4759.97306612 7.0692e-16
4764.60632892 6.99964e-16
4769.23959172 7.09413e-16
4773.87285452 7.01523e-16
4778.50611732 7.01624e-16
4783.13938012 7.3956e-16
4787.77264292 7.28777e-16
4792.40590572 7.12895e-16
4797.03916852 7.54307e-16
4801.67243132 7.38515e-16
4806.30569412 7.19061e-16
4810.93895692 7.33831e-16
4815.57221972 7.66947e-16
4820.20548252 7.55661e-16
4824.83874532 7.43301e-16
4829.47200811 7.87207e-16
4834.10527091 7.6626e-16
4838.73853371 7.42949e-16
4843.37179651 8.47094e-16
4848.00505931 9.08155e-16
4852.63832211 9.17231e-16
4857.27158491 9.17885e-16
4861.90484771 8.48328e-16
4866.53811051 7.52187e-16
4871.17137331 7.64106e-16
4875.80463611 7.57106e-16
4880.43789891 7.6669e-16
4885.07116171 8.20543e-16
4889.70442451 8.34407e-16
4894.33768731 8.54095e-16
4898.9709501 9.21404e-16
4903.6042129 9.19655e-16
4908.2374757 9.23e-16
4912.8707385 9.63892e-16
4917.5040013 1.00686e-15
4922.1372641 1.01041e-15
4926.7705269 1.00793e-15
4931.4037897 1.0108e-15
4936.0370525 1.07263e-15
4940.6703153 1.06782e-15
4945.3035781 1.05634e-15
4949.9368409 1.04718e-15
4954.5701037 1.0524e-15
4959.2033665 1.00354e-15
4963.8366293 9.87229e-16
4968.46989209 9.76351e-16
4973.10315489 9.51993e-16
4977.73641769 9.33608e-16
4982.36968049 9.25809e-16
4987.00294329 8.77865e-16
4991.63620609 8.49468e-16
4996.26946889 8.25088e-16
5000.90273169 8.12716e-16
5005.53599449 7.95431e-16
5010.16925729 7.91453e-16
5014.80252009 7.7045e-16
5019.43578289 4.00108e-16
5024.06904569 4.28299e-16
5028.70230849 7.65002e-16
5033.33557128 7.88536e-16
5037.96883408 7.80461e-16
5042.60209688 7.89193e-16
5047.23535968 7.85622e-16
5051.86862248 7.95315e-16
5056.50188528 8.15263e-16
5061.13514808 8.43132e-16
5065.76841088 8.34933e-16
5070.40167368 8.27828e-16
5075.03493648 8.63359e-16
5079.66819928 8.74874e-16
5084.30146208 8.83141e-16
5088.93472488 8.82325e-16
5093.56798768 8.82343e-16
5098.20125048 9.2628e-16
5102.83451327 9.43263e-16
5107.46777607 9.625e-16
5112.10103887 9.74182e-16
5116.73430167 9.79334e-16
5121.36756447 9.87623e-16
5126.00082727 9.7918e-16
5130.63409007 9.96764e-16
5135.26735287 9.81869e-16
5139.90061567 9.77286e-16
5144.53387847 1.00214e-15
5149.16714127 9.96001e-16
5153.80040407 9.9637e-16
5158.43366687 9.96375e-16
5163.06692967 9.67289e-16
5167.70019247 9.82006e-16
5172.33345526 9.72799e-16
5176.96671806 9.82019e-16
5181.59998086 9.72533e-16
5186.23324366 1.00856e-15
5190.86650646 1.02381e-15
5195.49976926 1.03072e-15
5200.13303206 1.04447e-15
5204.76629486 1.04957e-15
5209.39955766 1.08713e-15
5214.03282046 1.10987e-15
5218.66608326 1.10413e-15
5223.29934606 1.13029e-15
5227.93260886 1.15381e-15
5232.56587166 1.17483e-15
5237.19913446 1.18187e-15
5241.83239725 1.19731e-15
5246.46566005 1.2196e-15
5251.09892285 1.24143e-15
5255.73218565 1.27259e-15
5260.36544845 1.3026e-15
5264.99871125 1.31779e-15
5269.63197405 1.33468e-15
5274.26523685 1.383e-15
5278.89849965 1.40396e-15
5283.53176245 1.37553e-15
5288.16502525 1.40601e-15
5292.79828805 1.38362e-15
5297.43155085 1.42061e-15
5302.06481365 1.44763e-15
5306.69807645 1.46031e-15
5311.33133924 1.44112e-15
5315.96460204 1.40295e-15
5320.59786484 1.43157e-15
5325.23112764 1.42011e-15
5329.86439044 1.43534e-15
5334.49765324 1.45564e-15
5339.13091604 1.44547e-15
5343.76417884 1.42214e-15
5348.39744164 1.41872e-15
5353.03070444 1.4205e-15
5357.66396724 1.41673e-15
5362.29723004 1.40634e-15
5366.93049284 1.40296e-15
5371.56375564 1.40957e-15
5376.19701844 1.40868e-15
5380.83028123 1.40514e-15
5385.46354403 1.36598e-15
5390.09680683 1.34916e-15
5394.73006963 1.33301e-15
5399.36333243 1.33767e-15
5403.99659523 1.29783e-15
5408.62985803 1.27676e-15
5413.26312083 1.28263e-15
5417.89638363 1.26788e-15
5422.52964643 1.26221e-15
5427.16290923 1.25466e-15
5431.79617203 1.2523e-15
5436.42943483 1.25492e-15
5441.06269763 1.24636e-15
5445.69596042 1.2397e-15
5450.32922322 1.26123e-15
5454.96248602 1.27379e-15
5459.59574882 1.30225e-15
5464.22901162 1.3119e-15
5468.86227442 1.30927e-15
5473.49553722 1.31352e-15
5478.12880002 1.33032e-15
5482.76206282 1.35743e-15
5487.39532562 1.36328e-15
5492.02858842 1.37329e-15
5496.66185122 1.36583e-15
5501.29511402 1.3591e-15
5505.92837682 1.34304e-15
5510.56163962 1.3375e-15
5515.19490241 1.34149e-15
5519.82816521 1.32023e-15
5524.46142801 1.31882e-15
5529.09469081 1.3131e-15
5533.72795361 1.32973e-15
5538.36121641 1.30744e-15
5542.99447921 1.29969e-15
5547.62774201 1.2975e-15
5552.26100481 1.2699e-15
5556.89426761 1.25729e-15
5561.52753041 1.26307e-15
5566.16079321 1.26411e-15
5570.79405601 1.24526e-15
5575.42731881 1.23227e-15
5580.06058161 1.24161e-15
5584.6938444 1.22115e-15
5589.3271072 1.20293e-15
5593.96037 1.21796e-15
5598.5936328 1.22129e-15
5603.2268956 1.20635e-15
5607.8601584 1.23529e-15
5612.4934212 1.22894e-15
5617.126684 1.23557e-15
5621.7599468 1.22415e-15
5626.3932096 1.23374e-15
5631.0264724 1.19721e-15
5635.6597352 1.18947e-15
5640.292998 1.22727e-15
5644.9262608 1.19952e-15
5649.5595236 1.20661e-15
5654.19278639 1.20138e-15
5658.82604919 1.18502e-15
5663.45931199 1.189e-15
5668.09257479 1.17691e-15
5672.72583759 1.168e-15
5677.35910039 1.15836e-15
5681.99236319 1.15041e-15
5686.62562599 1.14827e-15
5691.25888879 1.1313e-15
5695.89215159 1.11429e-15
5700.52541439 1.10969e-15
5705.15867719 1.0965e-15
5709.79193999 1.08279e-15
5714.42520279 1.05462e-15
5719.05846559 1.04648e-15
5723.69172838 1.0479e-15
5728.32499118 1.04161e-15
5732.95825398 1.02835e-15
5737.59151678 1.02004e-15
5742.22477958 1.028e-15
5746.85804238 1.00822e-15
5751.49130518 1.01636e-15
5756.12456798 1.01084e-15
5760.75783078 9.96957e-16
5765.39109358 1.00373e-15
5770.02435638 9.85734e-16
5774.65761918 9.95191e-16
5779.29088198 9.9927e-16
5783.92414478 1.00236e-15
5788.55740758 1.00157e-15
5793.19067037 1.01232e-15
5797.82393317 1.02005e-15
5802.45719597 1.01589e-15
5807.09045877 1.01064e-15
5811.72372157 1.02274e-15
5816.35698437 1.03485e-15
5820.99024717 1.04848e-15
5825.62350997 1.08612e-15
5830.25677277 1.13427e-15
5834.89003557 1.17734e-15
5839.52329837 1.22597e-15
5844.15656117 1.2587e-15
5848.78982397 1.29478e-15
5853.42308677 1.3339e-15
5858.05634957 1.34142e-15
5862.68961236 1.3497e-15
5867.32287516 1.3508e-15
5871.95613796 1.35486e-15
5876.58940076 1.3764e-15
5881.22266356 1.36903e-15
5885.85592636 1.32274e-15
5890.48918916 1.31433e-15
5895.12245196 1.2962e-15
5899.75571476 1.27576e-15
5904.38897756 1.27083e-15
5909.02224036 1.28085e-15
5913.65550316 1.31171e-15
5918.28876596 1.33204e-15
5922.92202876 1.33872e-15
5927.55529155 1.31468e-15
5932.18855435 1.25763e-15
5936.82181715 1.24306e-15
5941.45507995 1.25177e-15
5946.08834275 1.30958e-15
5950.72160555 1.35291e-15
5955.35486835 1.35305e-15
5959.98813115 1.33693e-15
5964.62139395 1.31965e-15
5969.25465675 1.30003e-15
5973.88791955 1.28089e-15
5978.52118235 1.26626e-15
5983.15444515 1.25377e-15
5987.78770795 1.25145e-15
5992.42097075 1.24745e-15
5997.05423354 1.2244e-15
6001.68749634 1.21111e-15
6006.32075914 1.19942e-15
6010.95402194 1.16824e-15
6015.58728474 1.13759e-15
6020.22054754 1.12602e-15
6024.85381034 1.10682e-15
6029.48707314 1.08481e-15
6034.12033594 1.07408e-15
6038.75359874 1.05255e-15
6043.38686154 1.06194e-15
6048.02012434 1.05317e-15
6052.65338714 1.06073e-15
6057.28664994 1.05323e-15
6061.91991274 1.04439e-15
6066.55317553 1.03889e-15
6071.18643833 1.03977e-15
6075.81970113 1.05042e-15
6080.45296393 1.05495e-15
6085.08622673 1.06538e-15
6089.71948953 1.04841e-15
6094.35275233 1.04746e-15
6098.98601513 1.04039e-15
6103.61927793 1.04823e-15
6108.25254073 1.04368e-15
6112.88580353 1.01621e-15
6117.51906633 1.01921e-15
6122.15232913 1.00694e-15
6126.78559193 1.00317e-15
6131.41885473 9.97717e-16
6136.05211752 1.00635e-15
6140.68538032 9.86765e-16
6145.31864312 9.96052e-16
6149.95190592 1.00551e-15
6154.58516872 1.00439e-15
6159.21843152 1.01714e-15
6163.85169432 1.01254e-15
6168.48495712 1.03219e-15
6173.11821992 1.04724e-15
6177.75148272 1.0364e-15
6182.38474552 1.04344e-15
6187.01800832 1.05758e-15
6191.65127112 1.06675e-15
6196.28453392 1.05251e-15
6200.91779672 1.05276e-15
6205.55105951 1.05599e-15
6210.18432231 1.03441e-15
6214.81758511 9.76318e-16
6219.45084791 9.43818e-16
6224.08411071 9.10019e-16
6228.71737351 8.70899e-16
6233.35063631 8.41801e-16
6237.98389911 8.15901e-16
6242.61716191 7.8365e-16
6247.25042471 7.57389e-16
6251.88368751 7.40361e-16
6256.51695031 7.35782e-16
6261.15021311 7.26934e-16
6265.78347591 7.37934e-16
6270.41673871 7.18995e-16
6275.0500015 7.25138e-16
6279.6832643 7.27863e-16
6284.3165271 7.34256e-16
6288.9497899 7.50493e-16
6293.5830527 7.68177e-16
6298.2163155 7.71163e-16
6302.8495783 7.52443e-16
6307.4828411 7.76212e-16
6312.1161039 7.92804e-16
6316.7493667 8.20241e-16
6321.3826295 8.43031e-16
6326.0158923 8.39495e-16
6330.6491551 8.49441e-16
6335.2824179 8.48854e-16
6339.9156807 8.75809e-16
6344.54894349 8.90289e-16
6349.18220629 9.24719e-16
6353.81546909 9.5732e-16
6358.44873189 9.72513e-16
6363.08199469 9.80072e-16
6367.71525749 1.00757e-15
6372.34852029 1.04396e-15
6376.98178309 1.0502e-15
6381.61504589 1.07403e-15
6386.24830869 1.08669e-15
6390.88157149 1.11431e-15
6395.51483429 1.12063e-15
6400.14809709 1.14115e-15
6404.78135989 1.15273e-15
6409.41462268 1.16558e-15
6414.04788548 1.18974e-15
6418.68114828 1.19201e-15
6423.31441108 1.17917e-15
6427.94767388 1.20058e-15
6432.58093668 1.19508e-15
6437.21419948 1.20473e-15
6441.84746228 1.21067e-15
6446.48072508 1.21342e-15
6451.11398788 1.2303e-15
6455.74725068 1.23766e-15
6460.38051348 1.23381e-15
6465.01377628 1.24346e-15
6469.64703908 1.23534e-15
6474.28030188 1.23158e-15
6478.91356467 1.24437e-15
6483.54682747 1.24129e-15
6488.18009027 1.22209e-15
6492.81335307 1.1946e-15
6497.44661587 1.20063e-15
6502.07987867 1.19007e-15
6506.71314147 1.16388e-15
6511.34640427 1.09083e-15
6515.97966707 7.95592e-16
6520.61292987 9.07475e-16
6525.24619267 1.05739e-15
6529.87945547 1.07628e-15
6534.51271827 1.0941e-15
6539.14598107 1.09874e-15
6543.77924387 1.11616e-15
6548.41250666 1.12482e-15
6553.04576946 1.12654e-15
6557.67903226 1.12715e-15
6562.31229506 1.14858e-15
6566.94555786 1.127e-15
6571.57882066 1.11972e-15
6576.21208346 1.14003e-15
6580.84534626 1.14634e-15
6585.47860906 1.14902e-15
6590.11187186 1.2158e-15
6594.74513466 1.262e-15
6599.37839746 1.32157e-15
6604.01166026 1.74041e-15
6608.64492306 2.29624e-15
6613.27818586 2.35678e-15
6617.91144865 2.06936e-15
6622.54471145 1.67791e-15
6627.17797425 1.50805e-15
6631.81123705 1.53172e-15
6636.44449985 1.50285e-15
6641.07776265 1.37211e-15
6645.71102545 1.21519e-15
6650.34428825 1.19068e-15
6654.97755105 1.17818e-15
6659.61081385 1.18496e-15
6664.24407665 1.17101e-15
6668.87733945 1.18146e-15
6673.51060225 1.18409e-15
6678.14386505 1.20481e-15
6682.77712785 1.19609e-15
6687.41039064 1.18024e-15
6692.04365344 1.16746e-15
6696.67691624 1.17425e-15
6701.31017904 1.1608e-15
6705.94344184 1.16935e-15
6710.57670464 1.17323e-15
6715.20996744 1.16672e-15
6719.84323024 1.15329e-15
6724.47649304 1.15663e-15
6729.10975584 1.14767e-15
6733.74301864 1.12586e-15
6738.37628144 1.12258e-15
6743.00954424 1.14058e-15
6747.64280704 1.12006e-15
6752.27606984 1.11316e-15
6756.90933263 1.17281e-15
6761.54259543 1.24266e-15
6766.17585823 1.2463e-15
6770.80912103 1.21632e-15
6775.44238383 1.21122e-15
6780.07564663 1.19781e-15
6784.70890943 1.16162e-15
6789.34217223 1.12001e-15
6793.97543503 1.08475e-15
6798.60869783 1.06876e-15
6803.24196063 1.06824e-15
6807.87522343 1.07006e-15
6812.50848623 1.05468e-15
6817.14174903 1.04762e-15
6821.77501183 1.04934e-15
6826.40827462 1.04766e-15
6831.04153742 1.03771e-15
6835.67480022 1.03135e-15
6840.30806302 1.03714e-15
6844.94132582 1.0205e-15
6849.57458862 1.00832e-15
6854.20785142 1.00163e-15
6858.84111422 9.91934e-16
6863.47437702 9.77396e-16
6868.10763982 9.81703e-16
6872.74090262 9.8094e-16
6877.37416542 9.63138e-16
6882.00742822 9.43003e-16
6886.64069102 8.83043e-16
6891.27395381 8.17058e-16
6895.90721661 8.0335e-16
6900.54047941 8.44839e-16
6905.17374221 8.66939e-16
6909.80700501 8.77814e-16
6914.44026781 8.86703e-16
6919.07353061 8.98059e-16
6923.70679341 8.95743e-16
6928.34005621 8.9863e-16
6932.97331901 9.13767e-16
6937.60658181 9.27756e-16
6942.23984461 9.25959e-16
6946.87310741 9.28486e-16
6951.50637021 9.26333e-16
6956.13963301 9.2166e-16
6960.7728958 9.1179e-16
6965.4061586 9.13043e-16
6970.0394214 8.8813e-16
6974.6726842 9.06041e-16
6979.305947 9.1575e-16
6983.9392098 9.35769e-16
6988.5724726 9.55163e-16
6993.2057354 9.46864e-16
6997.8389982 9.78937e-16
7002.472261 9.96852e-16
7007.1055238 1.01304e-15
7011.7387866 1.0242e-15
7016.3720494 1.0328e-15
7021.0053122 1.07799e-15
7025.638575 1.0864e-15
7030.27183779 1.0907e-15
7034.90510059 1.0994e-15
7039.53836339 1.10054e-15
7044.17162619 1.09158e-15
7048.80488899 1.10008e-15
7053.43815179 1.10976e-15
7058.07141459 1.10076e-15
7062.70467739 1.08882e-15
7067.33794019 1.07672e-15
7071.97120299 1.06256e-15
7076.60446579 1.06443e-15
7081.23772859 1.05929e-15
7085.87099139 1.0477e-15
7090.50425419 1.0444e-15
7095.13751699 1.04576e-15
7099.77077978 1.01664e-15
7104.40404258 1.02724e-15
7109.03730538 1.02358e-15
7113.67056818 1.03119e-15
7118.30383098 1.02032e-15
7122.93709378 1.02997e-15
7127.57035658 1.0264e-15
7132.20361938 1.02599e-15
7136.83688218 1.00996e-15
7141.47014498 1.00789e-15
7146.10340778 1.00784e-15
7150.73667058 9.68163e-16
7155.36993338 9.68382e-16
7160.00319618 9.39214e-16
7164.63645898 9.18484e-16
7169.26972177 9.19226e-16
7173.90298457 9.30614e-16
7178.53624737 9.37377e-16
7183.16951017 9.35077e-16
7187.80277297 9.2102e-16
7192.43603577 9.09022e-16
7197.06929857 8.98402e-16
7201.70256137 9.20331e-16
7206.33582417 9.18421e-16
7210.96908697 9.35856e-16
7215.60234977 9.54419e-16
7220.23561257 9.64937e-16
7224.86887537 9.79851e-16
7229.50213817 9.96644e-16
7234.13540097 1.01097e-15
7238.76866376 1.02248e-15
7243.40192656 1.01504e-15
7248.03518936 1.01233e-15
7252.66845216 1.0105e-15
7257.30171496 1.01168e-15
7261.93497776 1.02241e-15
7266.56824056 1.03125e-15
7271.20150336 1.01726e-15
7275.83476616 1.00963e-15
7280.46802896 9.97561e-16
7285.10129176 1.01574e-15
7289.73455456 1.01363e-15
7294.36781736 9.68121e-16
7299.00108016 9.66099e-16
7303.63434295 9.79132e-16
7308.26760575 9.58813e-16
7312.90086855 9.54145e-16
7317.53413135 9.62192e-16
7322.16739415 9.49998e-16
7326.80065695 9.17499e-16
7331.43391975 9.31095e-16
7336.06718255 9.46585e-16
7340.70044535 9.33093e-16
7345.33370815 9.37347e-16
7349.96697095 9.41601e-16
7354.60023375 9.15284e-16
7359.23349655 9.31354e-16
7363.86675935 9.27845e-16
7368.50002215 9.16507e-16
7373.13328494 9.16506e-16
7377.76654774 9.30401e-16
7382.39981054 9.36983e-16
7387.03307334 9.56062e-16
7391.66633614 9.38941e-16
7396.29959894 9.31744e-16
7400.93286174 9.55767e-16
7405.56612454 9.467e-16
7410.19938734 9.52299e-16
7414.83265014 9.46443e-16
7419.46591294 9.67043e-16
7424.09917574 9.53367e-16
7428.73243854 9.61294e-16
7433.36570134 9.64824e-16
7437.99896414 9.921e-16
7442.63222693 9.70626e-16
7447.26548973 9.75217e-16
7451.89875253 9.76989e-16
7456.53201533 9.6454e-16
7461.16527813 1.00112e-15
7465.79854093 9.90717e-16
7470.43180373 9.74466e-16
7475.06506653 9.51145e-16
7479.69832933 9.67216e-16
7484.33159213 9.74761e-16
7488.96485493 9.68375e-16
7493.59811773 9.62766e-16
7498.23138053 9.55813e-16
7502.86464333 9.36497e-16
7507.49790613 9.19122e-16
7512.13116892 9.18281e-16
7516.76443172 8.98672e-16
7521.39769452 8.96692e-16
7526.03095732 8.79085e-16
7530.66422012 8.9339e-16
7535.29748292 8.75416e-16
7539.93074572 8.84616e-16
7544.56400852 8.54899e-16
7549.19727132 8.52457e-16
7553.83053412 8.47893e-16
7558.46379692 8.41027e-16
7563.09705972 8.22273e-16
7567.73032252 8.23434e-16
7572.36358532 8.30562e-16
7576.99684812 8.50743e-16
7581.63011091 8.29013e-16
7586.26337371 8.24122e-16
7590.89663651 8.11853e-16
7595.52989931 8.19335e-16
7600.16316211 7.44352e-16
7604.79642491 6.18865e-16
7609.42968771 4.61294e-16
7614.06295051 3.13688e-16
7618.69621331 3.03812e-16
7623.32947611 3.76176e-16
7627.96273891 4.68568e-16
7632.59600171 5.11194e-16
7637.22926451 4.84248e-16
7641.86252731 4.58077e-16
7646.49579011 4.65266e-16
7651.1290529 4.9548e-16
7655.7623157 5.38573e-16
7660.3955785 5.82907e-16
7665.0288413 6.17225e-16
7669.6621041 6.53157e-16
7674.2953669 6.9358e-16
7678.9286297 7.13318e-16
7683.5618925 7.35218e-16
7688.1951553 7.44035e-16
7692.8284181 7.59395e-16
7697.4616809 7.76285e-16
7702.0949437 7.84447e-16
7706.7282065 8.13116e-16
7711.3614693 8.15357e-16
7715.9947321 8.10427e-16
7720.62799489 8.15942e-16
7725.26125769 8.15081e-16
7729.89452049 8.37406e-16
7734.52778329 8.27371e-16
7739.16104609 8.48763e-16
7743.79430889 8.28425e-16
7748.42757169 8.30919e-16
7753.06083449 8.24437e-16
7757.69409729 8.32398e-16
7762.32736009 8.3231e-16
7766.96062289 8.49687e-16
7771.59388569 8.16677e-16
7776.22714849 8.12872e-16
7780.86041129 8.29935e-16
7785.49367408 8.32741e-16
7790.12693688 8.5805e-16
7794.76019968 8.74666e-16
7799.39346248 8.91624e-16
7804.02672528 8.8251e-16
7808.65998808 9.12082e-16
7813.29325088 9.19716e-16
7817.92651368 9.48889e-16
7822.55977648 9.74657e-16
7827.19303928 9.75074e-16
7831.82630208 9.59352e-16
7836.45956488 9.7959e-16
7841.09282768 9.72446e-16
7845.72609048 9.75499e-16
7850.35935328 9.76587e-16
7854.99261607 9.84703e-16
7859.62587887 9.97682e-16
7864.25914167 9.8917e-16
7868.89240447 9.83712e-16
7873.52566727 9.75196e-16
7878.15893007 9.78168e-16
7882.79219287 9.65111e-16
7887.42545567 9.64575e-16
7892.05871847 9.59485e-16
7896.69198127 9.51491e-16
7901.32524407 9.34774e-16
7905.95850687 9.30664e-16
7910.59176967 9.17761e-16
7915.22503247 9.29118e-16
7919.85829527 9.40056e-16
7924.49155806 9.45972e-16
7929.12482086 9.22148e-16
7933.75808366 9.15601e-16
7938.39134646 9.17541e-16
7943.02460926 8.84635e-16
7947.65787206 8.81654e-16
7952.29113486 8.91638e-16
7956.92439766 8.86776e-16
7961.55766046 8.6903e-16
7966.19092326 8.59282e-16
7970.82418606 8.51104e-16
7975.45744886 8.41057e-16
7980.09071166 8.47709e-16
7984.72397446 8.48001e-16
7989.35723726 8.42569e-16
7993.99050005 8.38591e-16
7998.62376285 8.35462e-16
8003.25702565 8.23418e-16
8007.89028845 8.1216e-16
8012.52355125 7.98009e-16
8017.15681405 7.98467e-16
8021.79007685 8.18484e-16
8026.42333965 8.06233e-16
8031.05660245 8.00192e-16
8035.68986525 7.96144e-16
8040.32312805 7.84043e-16
8044.95639085 7.85639e-16
8049.58965365 7.80622e-16
8054.22291645 7.82673e-16
8058.85617925 7.86163e-16
8063.48944204 7.63725e-16
8068.12270484 7.44404e-16
8072.75596764 7.52985e-16
8077.38923044 7.45357e-16
8082.02249324 7.49742e-16
8086.65575604 7.56889e-16
8091.28901884 7.53923e-16
8095.92228164 7.54735e-16
8100.55554444 7.45885e-16
8105.18880724 7.18617e-16
8109.82207004 7.06394e-16
8114.45533284 7.08807e-16
8119.08859564 7.0407e-16
8123.72185844 7.04322e-16
8128.35512124 6.83413e-16
8132.98838403 6.82641e-16
8137.62164683 6.43469e-16
8142.25490963 6.0979e-16
8146.88817243 5.93854e-16
8151.52143523 5.78205e-16
8156.15469803 5.49144e-16
8160.78796083 5.21787e-16
8165.42122363 4.97491e-16
8170.05448643 4.96147e-16
8174.68774923 4.88814e-16
8179.32101203 4.72847e-16
8183.95427483 4.47877e-16
8188.58753763 4.49726e-16
8193.22080043 4.42766e-16
8197.85406323 4.14216e-16
8202.48732602 4.36164e-16
8207.12058882 4.44898e-16
8211.75385162 4.56126e-16
8216.38711442 4.5157e-16
8221.02037722 4.4141e-16
8225.65364002 4.24836e-16
8230.28690282 4.097e-16
8234.92016562 3.89861e-16
8239.55342842 4.17015e-16
8244.18669122 4.4609e-16
8248.81995402 4.48141e-16
8253.45321682 4.49814e-16
8258.08647962 4.38102e-16
8262.71974242 4.21683e-16
8267.35300521 4.256e-16
8271.98626801 4.1357e-16
8276.61953081 4.35048e-16
8281.25279361 4.23409e-16
8285.88605641 4.11208e-16
8290.51931921 4.07873e-16
8295.15258201 4.02108e-16
8299.78584481 3.95537e-16
8304.41910761 3.91434e-16
8309.05237041 4.02129e-16
8313.68563321 4.15284e-16
8318.31889601 4.20075e-16
8322.95215881 4.13207e-16
8327.58542161 4.06302e-16
8332.21868441 3.84663e-16
8336.8519472 3.83378e-16
8341.48521 4.05106e-16
8346.1184728 4.33102e-16
8350.7517356 4.44016e-16
8355.3849984 4.20227e-16
8360.0182612 4.20363e-16
8364.651524 4.1078e-16
8369.2847868 4.00254e-16
8373.9180496 4.1792e-16
8378.5513124 4.50493e-16
8383.1845752 4.66972e-16
8387.817838 4.48938e-16
8392.4511008 4.37816e-16
8397.0843636 4.48356e-16
8401.7176264 4.7132e-16
8406.35088919 4.69054e-16
8410.98415199 4.73914e-16
8415.61741479 4.9639e-16
8420.25067759 4.77358e-16
8424.88394039 4.865e-16
8429.51720319 4.82575e-16
8434.15046599 4.83905e-16
8438.78372879 4.98598e-16
8443.41699159 5.10495e-16
8448.05025439 5.47602e-16
8452.68351719 5.32369e-16
8457.31677999 5.54587e-16
8461.95004279 5.58885e-16
8466.58330559 5.54092e-16
8471.21656839 5.63441e-16
8475.84983118 5.61652e-16
8480.48309398 5.85148e-16
8485.11635678 5.84901e-16
8489.74961958 5.8796e-16
8494.38288238 6.02222e-16
8499.01614518 6.28731e-16
8503.64940798 6.23458e-16
8508.28267078 6.19962e-16
8512.91593358 6.15505e-16
8517.54919638 5.89326e-16
8522.18245918 6.18117e-16
8526.81572198 6.35319e-16
8531.44898478 6.52485e-16
8536.08224758 6.67324e-16
8540.71551038 6.81974e-16
8545.34877317 6.73482e-16
8549.98203597 6.69891e-16
8554.61529877 6.72999e-16
8559.24856157 6.84862e-16
8563.88182437 7.19158e-16
8568.51508717 7.41653e-16
8573.14834997 7.59397e-16
8577.78161277 7.72136e-16
8582.41487557 7.77313e-16
8587.04813837 7.6473e-16
8591.68140117 7.51927e-16
8596.31466397 7.90424e-16
8600.94792677 8.11801e-16
8605.58118957 8.05408e-16
8610.21445237 8.42806e-16
8614.84771516 8.62497e-16
8619.48097796 8.27779e-16
8624.11424076 8.21698e-16
8628.74750356 8.24944e-16
8633.38076636 8.02181e-16
8638.01402916 7.94736e-16
8642.64729196 8.31455e-16
8647.28055476 8.60167e-16
8651.91381756 8.53868e-16
8656.54708036 8.54886e-16
8661.18034316 8.41285e-16
8665.81360596 8.30942e-16
8670.44686876 8.08008e-16
8675.08013156 8.20086e-16
8679.71339436 8.37421e-16
8684.34665715 8.52334e-16
8688.97991995 8.46145e-16
8693.61318275 7.82362e-16
8698.24644555 8.13711e-16
8702.87970835 8.34749e-16
8707.51297115 8.38214e-16
8712.14623395 8.21779e-16
8716.77949675 8.15056e-16
8721.41275955 8.41168e-16
8726.04602235 8.79494e-16
8730.67928515 8.59618e-16
8735.31254795 8.36402e-16
8739.94581075 8.23172e-16
8744.57907355 8.09815e-16
8749.21233634 7.92207e-16
8753.84559914 8.03775e-16
8758.47886194 8.14173e-16
8763.11212474 8.36377e-16
8767.74538754 8.57076e-16
8772.37865034 8.51976e-16
8777.01191314 8.27682e-16
8781.64517594 8.08564e-16
8786.27843874 8.00284e-16
8790.91170154 8.00226e-16
8795.54496434 7.96575e-16
8800.17822714 8.09301e-16
8804.81148994 8.4802e-16
8809.44475274 8.20484e-16
8814.07801554 8.15088e-16
8818.71127833 8.01073e-16
8823.34454113 7.74405e-16
8827.97780393 8.00932e-16
8832.61106673 8.12261e-16
8837.24432953 8.26032e-16
8841.87759233 8.57293e-16
8846.51085513 8.48338e-16
8851.14411793 8.03779e-16
8855.77738073 7.85643e-16
8860.41064353 7.57008e-16
8865.04390633 7.93116e-16
8869.67716913 8.07097e-16
8874.31043193 8.03042e-16
8878.94369473 8.14236e-16
8883.57695753 7.87035e-16
8888.21022032 7.39295e-16
8892.84348312 7.55165e-16
8897.47674592 7.46706e-16
8902.11000872 7.3706e-16
8906.74327152 7.33441e-16
8911.37653432 7.33374e-16
8916.00979712 7.38287e-16
8920.64305992 7.45122e-16
8925.27632272 7.69233e-16
8929.90958552 7.74168e-16
8934.54284832 7.51564e-16
8939.17611112 7.21244e-16
8943.80937392 6.80652e-16
8948.44263672 6.6309e-16
8953.07589952 6.64607e-16
8957.70916231 6.66516e-16
8962.34242511 6.90511e-16
8966.97568791 6.8828e-16
8971.60895071 6.3098e-16
8976.24221351 6.03886e-16
8980.87547631 6.20423e-16
8985.50873911 6.07132e-16
8990.14200191 6.2067e-16
8994.77526471 6.51778e-16
8999.40852751 6.53062e-16
9004.04179031 6.42246e-16
9008.67505311 6.12965e-16
9013.30831591 5.83126e-16
9017.94157871 5.91847e-16
9022.57484151 5.48342e-16
9027.2081043 5.30759e-16
9031.8413671 5.62693e-16
9036.4746299 6.17115e-16
9041.1078927 6.10546e-16
9045.7411555 5.66288e-16
9050.3744183 5.24042e-16
9055.0076811 5.23899e-16
9059.6409439 5.39833e-16
9064.2742067 5.74392e-16
9068.9074695 5.95373e-16
9073.5407323 6.01214e-16
9078.1739951 5.43338e-16
9082.8072579 5.20781e-16
9087.4405207 5.31836e-16
9092.0737835 5.43711e-16
9096.70704629 5.97699e-16
9101.34030909 6.30673e-16
9105.97357189 6.64552e-16
9110.60683469 6.82664e-16
9115.24009749 6.71633e-16
9119.87336029 6.81429e-16
9124.50662309 6.48108e-16
9129.13988589 6.30651e-16
9133.77314869 6.1669e-16
9138.40641149 6.18354e-16
9143.03967429 6.88349e-16
9147.67293709 6.87127e-16
9152.30619989 6.94805e-16
9156.93946269 7.42217e-16
9161.57272548 7.21996e-16
9166.20598828 6.61123e-16
9170.83925108 6.69604e-16
9175.47251388 6.94635e-16
9180.10577668 7.00059e-16
9184.73903948 7.11719e-16
9189.37230228 6.99808e-16
9194.00556508 7.14991e-16
9198.63882788 7.38956e-16
9203.27209068 7.64219e-16
9207.90535348 7.77796e-16
9212.53861628 7.92785e-16
9217.17187908 7.50088e-16
9221.80514188 7.12909e-16
9226.43840468 7.15301e-16
9231.07166747 7.28401e-16
9235.70493027 7.66519e-16
9240.33819307 7.90568e-16
9244.97145587 7.64393e-16
9249.60471867 7.21604e-16
9254.23798147 6.84344e-16
9258.87124427 6.88949e-16
9263.50450707 7.06392e-16
9268.13776987 6.70954e-16
9272.77103267 6.7622e-16
9277.40429547 7.1051e-16
9282.03755827 6.92638e-16
9286.67082107 6.85043e-16
9291.30408387 6.7976e-16
9295.93734667 6.51246e-16
9300.57060946 6.21425e-16
9305.20387226 6.18723e-16
9309.83713506 5.7541e-16
9314.47039786 5.19607e-16
9319.10366066 5.26243e-16
9323.73692346 5.08887e-16
9328.37018626 5.21816e-16
9333.00344906 5.67143e-16
9337.63671186 5.6352e-16
9342.26997466 5.14957e-16
9346.90323746 4.83902e-16
9351.53650026 4.72725e-16
9356.16976306 4.7531e-16
9360.80302586 4.83449e-16
9365.43628866 4.59853e-16
9370.06955145 4.95731e-16
9374.70281425 5.73271e-16
9379.33607705 6.04771e-16
9383.96933985 5.82335e-16
9388.60260265 5.62228e-16
9393.23586545 6.05322e-16
9397.86912825 6.02151e-16
9402.50239105 5.66437e-16
9407.13565385 5.77333e-16
9411.76891665 5.83326e-16
9416.40217945 5.94016e-16
9421.03544225 6.13155e-16
9425.66870505 6.19778e-16
9430.30196785 6.15406e-16
9434.93523065 5.61879e-16
9439.56849344 5.17827e-16
9444.20175624 4.94639e-16
9448.83501904 5.09457e-16
9453.46828184 5.08358e-16
9458.10154464 5.03647e-16
9462.73480744 5.31148e-16
9467.36807024 5.58224e-16
9472.00133304 5.46995e-16
9476.63459584 5.60831e-16
9481.26785864 5.8861e-16
9485.90112144 5.51223e-16
9490.53438424 5.23536e-16
9495.16764704 5.15112e-16
9499.80090984 5.17849e-16
9504.43417264 5.20503e-16
9509.06743543 4.8925e-16
9513.70069823 4.92308e-16
9518.33396103 5.23597e-16
9522.96722383 5.4763e-16
9527.60048663 5.43918e-16
9532.23374943 5.27737e-16
9536.86701223 5.26907e-16
9541.50027503 5.51658e-16
9546.13353783 5.43206e-16
9550.76680063 5.44278e-16
9555.40006343 5.66827e-16
9560.03332623 5.48977e-16
9564.66658903 5.70236e-16
9569.29985183 5.95376e-16
9573.93311463 6.15987e-16
9578.56637742 7.03933e-16
9583.19964022 7.43456e-16
9587.83290302 7.06011e-16
9592.46616582 6.33325e-16
9597.09942862 5.83654e-16
9601.73269142 5.59219e-16
9606.36595422 5.47563e-16
9610.99921702 5.47432e-16
9615.63247982 5.76256e-16
9620.26574262 6.04624e-16
9624.89900542 5.99565e-16
9629.53226822 5.58669e-16
9634.16553102 5.32261e-16
9638.79879382 5.92073e-16
9643.43205661 5.53275e-16
9648.06531941 5.12244e-16
9652.69858221 4.7774e-16
9657.33184501 5.17507e-16
9661.96510781 5.32754e-16
9666.59837061 5.07482e-16
9671.23163341 5.02463e-16
9675.86489621 5.60545e-16
9680.49815901 5.53553e-16
9685.13142181 5.71651e-16
9689.76468461 5.35522e-16
9694.39794741 5.27398e-16
9699.03121021 5.14966e-16
9703.66447301 5.29885e-16
9708.29773581 5.10572e-16
9712.9309986 5.17928e-16
9717.5642614 5.20365e-16
9722.1975242 4.90774e-16
9726.830787 5.33881e-16
9731.4640498 5.31947e-16
9736.0973126 5.22288e-16
9740.7305754 5.82505e-16
9745.3638382 5.37119e-16
9749.997101 5.13783e-16
9754.6303638 5.03369e-16
9759.2636266 4.98759e-16
9763.8968894 4.88617e-16
9768.5301522 4.80832e-16
9773.163415 4.88306e-16
9777.7966778 4.99653e-16
9782.42994059 5.00144e-16
9787.06320339 4.93257e-16
9791.69646619 5.0777e-16
9796.32972899 4.92404e-16
9800.96299179 4.99588e-16
9805.59625459 5.16691e-16
9810.22951739 5.15345e-16
9814.86278019 4.7646e-16
9819.49604299 4.83626e-16
9824.12930579 4.85522e-16
9828.76256859 4.66938e-16
9833.39583139 4.92389e-16
9838.02909419 4.9267e-16
9842.66235699 4.99346e-16
9847.29561979 5.14779e-16
9851.92888258 5.18088e-16
9856.56214538 5.23396e-16
9861.19540818 5.03885e-16
9865.82867098 4.63918e-16
9870.46193378 4.40141e-16
9875.09519658 5.21227e-16
9879.72845938 4.9918e-16
9884.36172218 4.90408e-16
9888.99498498 4.47274e-16
9893.62824778 4.13974e-16
9898.26151058 3.9407e-16
9902.89477338 4.11385e-16
9907.52803618 4.32714e-16
9912.16129898 4.56512e-16
9916.79456178 4.48514e-16
9921.42782457 4.3233e-16
9926.06108737 4.50793e-16
9930.69435017 4.61624e-16
9935.32761297 4.36165e-16
9939.96087577 4.14176e-16
9944.59413857 4.57581e-16
9949.22740137 4.7418e-16
9953.86066417 4.24248e-16
9958.49392697 4.56124e-16
9963.12718977 4.93564e-16
9967.76045257 4.54056e-16
9972.39371537 4.20906e-16
9977.02697817 4.71518e-16
9981.66024097 4.70731e-16
9986.29350377 3.93579e-16
9990.92676656 4.71403e-16
9995.56002936 4.22765e-16
10000.1932922 4.22364e-16
10004.826555 4.67955e-16
10009.4598178 4.46965e-16
10014.0930806 4.64225e-16
10018.7263434 4.76718e-16
10023.3596062 4.41822e-16
10027.992869 4.20592e-16
10032.6261318 4.25017e-16
10037.2593946 4.25972e-16
10041.8926574 4.08231e-16
10046.5259202 4.65107e-16
10051.159183 4.80542e-16
10055.7924458 4.81195e-16
10060.4257086 4.8735e-16
10065.0589714 4.80049e-16
10069.6922342 4.13267e-16
10074.325497 3.71079e-16
10078.9587598 4.71958e-16
10083.5920226 4.80819e-16
10088.2252854 4.3906e-16
10092.8585481 3.91096e-16
10097.4918109 4.66798e-16
10102.1250737 4.76881e-16
10106.7583365 4.68843e-16
10111.3915993 4.77486e-16
10116.0248621 4.4396e-16
10120.6581249 5.02039e-16
10125.2913877 5.15766e-16
10129.9246505 4.64268e-16
10134.5579133 4.39628e-16
10139.1911761 4.00656e-16
10143.8244389 3.44591e-16
10148.4577017 3.52258e-16
10153.0909645 4.49074e-16
10157.7242273 3.99389e-16
10162.3574901 3.33435e-16
10166.9907529 3.90121e-16
10171.6240157 3.70667e-16
10176.2572785 3.75104e-16
10180.8905413 3.29323e-16
10185.5238041 2.90377e-16
10190.1570669 3.83996e-16
10194.7903297 3.56282e-16
10199.4235925 2.64938e-16
10204.0568553 2.99426e-16
10208.6901181 3.21688e-16
10213.3233809 3.43849e-16
10217.9566437 3.7928e-16
10222.5899065 4.24436e-16
10227.2231693 4.60279e-16
10231.8564321 3.73672e-16
10236.4896949 4.1891e-16
10241.1229577 3.26017e-16
10245.7562205 3.54091e-16
10250.3894833 3.50937e-16
10255.0227461 3.42708e-16
10259.6560089 2.87552e-16
10264.2892717 2.67447e-16
10268.9225345 3.69719e-16
10273.5557973 3.29043e-16
10278.1890601 3.09471e-16
10282.8223229 4.00566e-16
10287.4555857 4.08655e-16
10292.0888485 4.12397e-16
10296.7221113 4.86262e-16
10301.3553741 4.86836e-16
10305.9886369 3.311e-16
10310.6218997 3.52051e-16
10315.2551625 4.74101e-16
10319.8884253 4.85336e-16
10324.5216881 4.52484e-16
10329.1549509 4.86564e-16
10333.7882137 3.64231e-16
10338.4214765 3.72058e-16
10343.0547393 3.73049e-16
10347.6880021 5.16163e-16
10352.3212649 4.62571e-16
10356.9545277 3.20167e-16
10361.5877905 3.29287e-16
10366.2210533 3.99643e-16
10370.8543161 4.87279e-16
10375.4875789 5.19018e-16
10380.1208417 4.60019e-16
10384.7541045 5.02155e-16
10389.3873673 5.8607e-16
10394.0206301 3.73037e-16
10398.6538929 4.14918e-16
10403.2871557 4.95168e-16
