                    Fe/He      Si/S    O/Si/S   O/Ne/Mg   O/Ne/Mg   O/Ne/Mg   O/Ne/Mg       O/C He/C_core  He/C_env  He/C_env  He/N_env  He/N_env  He/N_env
           Mass     0.083     0.034      0.14      0.38      0.55      0.64       0.4      0.36     0.087      0.38       0.4      0.23      0.15     0.083
           V_in         0   1.3e+03   1.4e+03   1.7e+03   2.1e+03   2.5e+03     3e+03   3.3e+03   3.9e+03     4e+03   4.8e+03   5.9e+03   7.1e+03   8.5e+03
          V_out   1.3e+03   1.4e+03   1.7e+03   2.1e+03   2.5e+03     3e+03   3.3e+03   3.9e+03     4e+03   4.8e+03   5.9e+03   7.1e+03   8.5e+03   1.1e+04
             ff      0.48      0.02     0.028     0.074      0.11      0.12     0.077      0.07     0.017         1         1         1         1         1
       rho_100d   1.9e-14   5.9e-14   4.3e-14   7.4e-14   6.2e-14   4.2e-14   2.8e-14   1.3e-14   9.2e-15     6e-15   3.1e-15   1.1e-15   4.2e-16   9.4e-17
 -------------------------------------------------------------------------
           56Ni      0.65      0.21   1.5e-06     2e-07     2e-07     2e-07     2e-07   6.8e-08   6.9e-08   6.9e-08   6.9e-08   2.2e-08   2.2e-08   2.2e-08
           57Ni     0.033    0.0033   1.6e-05   2.2e-07   2.2e-07   2.2e-07   2.2e-07   1.6e-08   5.3e-09   5.3e-09   5.3e-09   1.2e-09   1.2e-09   1.2e-09
           44Ti   0.00043   2.9e-05   7.8e-07   5.1e-11   5.1e-11   5.1e-11   5.1e-11   3.5e-12   3.9e-13   3.9e-13   3.9e-13   4.8e-14   4.8e-14   4.8e-14
 -------------------------------------------------------------------------
              2      0.23   1.3e-05   4.5e-06   3.4e-06   3.4e-06   3.4e-06   3.4e-06     0.017      0.38      0.38      0.38      0.99      0.99      0.99
              6   1.5e-06   9.9e-06     0.003     0.018     0.018     0.018     0.018      0.31      0.39      0.39      0.39   0.00037   0.00037   0.00037
              7   5.5e-07   1.4e-07   6.5e-06   2.4e-05   2.4e-05   2.4e-05   2.4e-05   1.5e-05   0.00085   0.00085   0.00085     0.009     0.009     0.009
              8     2e-05   0.00065       0.7       0.6       0.6       0.6       0.6      0.65      0.21      0.21      0.21   0.00028   0.00028   0.00028
             10   1.9e-05   5.8e-06     0.007      0.29      0.29      0.29      0.29     0.016     0.014     0.014     0.014    0.0012    0.0012    0.0012
             11     6e-07   6.9e-07     6e-05    0.0078    0.0078    0.0078    0.0078   0.00018   0.00015   0.00015   0.00015   0.00015   0.00015   0.00015
             12   1.8e-05   0.00013     0.037      0.07      0.07      0.07      0.07    0.0058   0.00098   0.00098   0.00098   0.00072   0.00072   0.00072
             14   0.00033       0.4       0.2    0.0054    0.0054    0.0054    0.0054   0.00091   0.00083   0.00083   0.00083   0.00082   0.00082   0.00082
             16   0.00027      0.23     0.038   0.00032   0.00032   0.00032   0.00032   0.00029   0.00041   0.00041   0.00041   0.00042   0.00042   0.00042
             18   0.00023     0.044    0.0051   8.5e-05   8.5e-05   8.5e-05   8.5e-05   8.5e-05    0.0001    0.0001    0.0001   0.00011   0.00011   0.00011
             19   0.00014   3.5e-05   0.00011   9.4e-06   9.4e-06   9.4e-06   9.4e-06   5.8e-06   5.7e-06   5.7e-06   5.7e-06   4.4e-06   4.4e-06   4.4e-06
             20    0.0027      0.04     0.002   3.8e-05   3.8e-05   3.8e-05   3.8e-05   4.5e-05   7.1e-05   7.1e-05   7.1e-05   7.4e-05   7.4e-05   7.4e-05
             21   1.6e-05   5.8e-08   8.9e-07   6.4e-07   6.4e-07   6.4e-07   6.4e-07   4.4e-07   1.2e-07   1.2e-07   1.2e-07   5.3e-08   5.3e-08   5.3e-08
             22   8.4e-07   2.4e-06   2.6e-05   5.4e-06   5.4e-06   5.4e-06   5.4e-06   4.9e-06   3.5e-06   3.5e-06   3.5e-06   3.4e-06   3.4e-06   3.4e-06
             24    0.0012    0.0011   0.00012   1.5e-05   1.5e-05   1.5e-05   1.5e-05   1.7e-05   1.9e-05   1.9e-05   1.9e-05     2e-05     2e-05     2e-05
             26    0.0019     0.054    0.0023    0.0009    0.0009    0.0009    0.0009    0.0011    0.0014    0.0014    0.0014    0.0014    0.0014    0.0014
             27   0.00089    0.0048   0.00016   0.00015   0.00015   0.00015   0.00015   0.00014   1.2e-05   1.2e-05   1.2e-05   4.5e-06   4.5e-06   4.5e-06
             28     0.041    0.0042   0.00055   0.00043   0.00043   0.00043   0.00043   0.00028   7.7e-05   7.7e-05   7.7e-05   8.2e-05   8.2e-05   8.2e-05
