3.800000000000000000e+03 1.304909928444046116e-16
3.803041410184666802e+03 1.320615357741214730e-16
3.806082820369334058e+03 1.162805734734340770e-16
3.809124230554000860e+03 5.194713198399382091e-17
3.812165640738668117e+03 1.127765961872107907e-16
3.815207050923334918e+03 9.173269288717793366e-17
3.818248461108002175e+03 5.346412380454159107e-17
3.821289871292668977e+03 9.791563271548824652e-17
3.824331281477335779e+03 8.627507740264852957e-17
3.827372691662003035e+03 1.123483894794234019e-16
3.830414101846669837e+03 6.541490043210688551e-17
3.833455512031337094e+03 8.462065299701291479e-17
3.836496922216003895e+03 8.316978604460525253e-17
3.839538332400671152e+03 1.044117009385533699e-16
3.842579742585337954e+03 5.965851054607390098e-17
3.845621152770005210e+03 7.167628604394975714e-17
3.848662562954672012e+03 1.013394868072136554e-16
3.851703973139338814e+03 1.151735209989870365e-16
3.854745383324006070e+03 1.265030133237684534e-16
3.857786793508672872e+03 8.976228773848200505e-17
3.860828203693340129e+03 8.137554252898531781e-17
3.863869613878006930e+03 1.157477024538221306e-16
3.866911024062674187e+03 1.274504078867917456e-16
3.869952434247340989e+03 8.549364610926685117e-17
3.872993844432007791e+03 1.001936681464539103e-16
3.876035254616675047e+03 9.167183685996907708e-17
3.879076664801341849e+03 9.630294788208824919e-17
3.882118074986009105e+03 7.938293089378030306e-17
3.885159485170675907e+03 9.136155831420492068e-17
3.888200895355343164e+03 1.020407410886723165e-16
3.891242305540009966e+03 9.396679717509963540e-17
3.894283715724676767e+03 1.012758978703545928e-16
3.897325125909344024e+03 2.202735424089350863e-16
3.900366536094010826e+03 2.125165814563026321e-16
3.903407946278678082e+03 1.327442064636619856e-16
3.906449356463344884e+03 1.267618529120474665e-16
3.909490766648012141e+03 5.109673446365561225e-17
3.912532176832678942e+03 1.114531819959220827e-16
3.915573587017346199e+03 1.591890138830246622e-16
3.918614997202013001e+03 2.055607325909477714e-16
3.921656407386679803e+03 2.322999104374212168e-16
3.924697817571347059e+03 1.651442504250523382e-16
3.927739227756013861e+03 1.485244309094089702e-16
3.930780637940681117e+03 1.750268996107911630e-16
3.933822048125347919e+03 1.848432700010908121e-16
3.936863458310015176e+03 1.716047184525277571e-16
3.939904868494681978e+03 2.085467099059525032e-16
3.942946278679349234e+03 2.008138538807155827e-16
3.945987688864016036e+03 2.143364254475528644e-16
3.949029099048682838e+03 1.966585507794951437e-16
3.952070509233350094e+03 2.102061129345784958e-16
3.955111919418016896e+03 2.213035095143381544e-16
3.958153329602684153e+03 2.265410803768035351e-16
3.961194739787350954e+03 1.787471406891995640e-16
3.964236149972018211e+03 2.095699910894470084e-16
3.967277560156685013e+03 2.094110631109524489e-16
3.970318970341351815e+03 2.010359384475078104e-16
3.973360380526019071e+03 2.173038393832631946e-16
3.976401790710685873e+03 2.130861009872238399e-16
3.979443200895353129e+03 1.899896692217509918e-16
3.982484611080019931e+03 2.006474446274490562e-16
3.985526021264687188e+03 2.074976287030320128e-16
3.988567431449353990e+03 1.872370339108289708e-16
3.991608841634020791e+03 1.457375463278451645e-16
3.994650251818688048e+03 1.874918614282407064e-16
3.997691662003354850e+03 2.570811600598546896e-16
4.000733072188022106e+03 2.697063288670708226e-16
4.003774482372688908e+03 2.044760329118203696e-16
4.006815892557356165e+03 1.490232772137042142e-16
4.009857302742022966e+03 1.550594014271773049e-16
4.012898712926689768e+03 1.871579315136455689e-16
4.015940123111357025e+03 1.660958461090673719e-16
4.018981533296023827e+03 2.001541240866086791e-16
4.022022943480691083e+03 2.112537271792690013e-16
4.025064353665357885e+03 2.248480693133646189e-16
4.028105763850025141e+03 2.503792568838237284e-16
4.031147174034691943e+03 2.141102841209308685e-16
4.034188584219359200e+03 2.449806941161956538e-16
4.037229994404026002e+03 2.924066917719727508e-16
4.040271404588692803e+03 2.773142468567121713e-16
4.043312814773360060e+03 2.938157191021531203e-16
4.046354224958026862e+03 3.429774660395917816e-16
4.049395635142694118e+03 3.274821565712332865e-16
4.052437045327360920e+03 3.088052643291788146e-16
4.055478455512028177e+03 3.082035946018710740e-16
4.058519865696694978e+03 2.925445848491046937e-16
4.061561275881362235e+03 2.958365856417223371e-16
4.064602686066029037e+03 2.824397859604318901e-16
4.067644096250695839e+03 3.181310732953090134e-16
4.070685506435363095e+03 3.237887665657485360e-16
4.073726916620029897e+03 3.299183371813527504e-16
4.076768326804697153e+03 2.950989206867096304e-16
4.079809736989363955e+03 3.410923644127962538e-16
4.082851147174031212e+03 3.229021027330205353e-16
4.085892557358698014e+03 3.439497676747708914e-16
4.088933967543364815e+03 2.984780398419903506e-16
4.091975377728032072e+03 3.331172195836846575e-16
4.095016787912698874e+03 3.242237516506489306e-16
4.098058198097365675e+03 3.156400660357066010e-16
4.101099608282032932e+03 3.299171114976625579e-16
4.104141018466700189e+03 3.527321136903758996e-16
4.107182428651367445e+03 3.487959857095224531e-16
4.110223838836033792e+03 3.404875535080872576e-16
4.113265249020701049e+03 3.428741404702542168e-16
4.116306659205368305e+03 3.550375802506332763e-16
4.119348069390034652e+03 3.432681354122610709e-16
4.122389479574701909e+03 3.312729894298516298e-16
4.125430889759369165e+03 3.175552278528538328e-16
4.128472299944036422e+03 3.918166388232592822e-16
4.131513710128702769e+03 4.523408130767568382e-16
4.134555120313370026e+03 4.645256826360128978e-16
4.137596530498037282e+03 3.643212442343746912e-16
4.140637940682703629e+03 3.326247254796337476e-16
4.143679350867370886e+03 3.121058669201241374e-16
4.146720761052038142e+03 3.026908872452165466e-16
4.149762171236705399e+03 2.838706259405339113e-16
4.152803581421371746e+03 3.074277023317463893e-16
4.155844991606039002e+03 3.013619307756020049e-16
4.158886401790706259e+03 2.926814423900545739e-16
4.161927811975372606e+03 3.208053910577285867e-16
4.164969222160039863e+03 3.041447899718548957e-16
4.168010632344707119e+03 2.966081766552105177e-16
4.171052042529374376e+03 2.858073599463368848e-16
4.174093452714040723e+03 3.055335268800705147e-16
4.177134862898707979e+03 2.891290527577873188e-16
4.180176273083375236e+03 3.153660883019621585e-16
4.183217683268041583e+03 2.979603302902636418e-16
4.186259093452708839e+03 2.860458614400465410e-16
4.189300503637376096e+03 2.650029919759433520e-16
4.192341913822043352e+03 2.965091743432770541e-16
4.195383324006709699e+03 2.862016474676127194e-16
4.198424734191376956e+03 2.754695374576978781e-16
4.201466144376044213e+03 2.530135615209498511e-16
4.204507554560710560e+03 2.394042178868434694e-16
4.207548964745377816e+03 2.251923263221050837e-16
4.210590374930045073e+03 2.283654229162123192e-16
4.213631785114712329e+03 2.049257324151225239e-16
4.216673195299378676e+03 2.009266858000258492e-16
4.219714605484045933e+03 1.970684272448083315e-16
4.222756015668713189e+03 1.925139453010574256e-16
4.225797425853379536e+03 1.595067469902927821e-16
4.228838836038046793e+03 1.814658033704006349e-16
4.231880246222714050e+03 1.590314308092266871e-16
4.234921656407381306e+03 1.659861767281614157e-16
4.237963066592047653e+03 1.424341031031531184e-16
4.241004476776714910e+03 1.644460610520293251e-16
4.244045886961382166e+03 1.550464408250402357e-16
4.247087297146048513e+03 1.501534319315970551e-16
4.250128707330715770e+03 1.611774507202628710e-16
4.253170117515383026e+03 1.447040250343542313e-16
4.256211527700050283e+03 1.620298552400392491e-16
4.259252937884716630e+03 1.741458207391865243e-16
4.262294348069383886e+03 2.037096647154303078e-16
4.265335758254051143e+03 2.009788009084832138e-16
4.268377168438718400e+03 1.905388582324149931e-16
4.271418578623384747e+03 2.160326252298954189e-16
4.274459988808052003e+03 2.208592487878591759e-16
4.277501398992719260e+03 2.405509476172284884e-16
4.280542809177385607e+03 2.262735343885781020e-16
4.283584219362052863e+03 2.370246563421869299e-16
4.286625629546720120e+03 2.344927577550983751e-16
4.289667039731387376e+03 2.319150282713808201e-16
4.292708449916053723e+03 1.960161750880038450e-16
4.295749860100720980e+03 2.145933855752124087e-16
4.298791270285388237e+03 2.716177246072725791e-16
4.301832680470054584e+03 2.537650977930284229e-16
4.304874090654721840e+03 2.513384312916455392e-16
4.307915500839389097e+03 2.751729466645646033e-16
4.310956911024056353e+03 2.636757344455973377e-16
4.313998321208722700e+03 2.595775109486662512e-16
4.317039731393389957e+03 2.531415655913110261e-16
4.320081141578057213e+03 2.565518969283450437e-16
4.323122551762724470e+03 2.568347322318453821e-16
4.326163961947390817e+03 2.736650528299861088e-16
4.329205372132058073e+03 2.660075825224981640e-16
4.332246782316725330e+03 2.452006675063174434e-16
4.335288192501391677e+03 2.461347754130943554e-16
4.338329602686058934e+03 2.645916780024281925e-16
4.341371012870726190e+03 2.484701409731454164e-16
4.344412423055393447e+03 2.549829533032712391e-16
4.347453833240059794e+03 2.527577387578960559e-16
4.350495243424727050e+03 2.682977571579387695e-16
4.353536653609394307e+03 2.519426599153327640e-16
4.356578063794060654e+03 2.383144717050135449e-16
4.359619473978727910e+03 2.400798238886543642e-16
4.362660884163395167e+03 2.390926271809503603e-16
4.365702294348062424e+03 2.258319109803105096e-16
4.368743704532728771e+03 2.882247165160730374e-16
4.371785114717396027e+03 4.305831592531770590e-16
4.374826524902063284e+03 4.827283459858445604e-16
4.377867935086729631e+03 3.464680303959853932e-16
4.380909345271396887e+03 2.668175047193996817e-16
4.383950755456064144e+03 2.571500467686929949e-16
4.386992165640731400e+03 2.458428714111152680e-16
4.390033575825397747e+03 2.541650398627206030e-16
4.393074986010065004e+03 2.353648871402498450e-16
4.396116396194732260e+03 2.217199098683732066e-16
4.399157806379398608e+03 2.033384611109232532e-16
4.402199216564065864e+03 1.940880993380442444e-16
4.405240626748733121e+03 1.906817603226461098e-16
4.408282036933400377e+03 1.962057004747011394e-16
4.411323447118066724e+03 1.802728312891808246e-16
4.414364857302733981e+03 1.823507389361671160e-16
4.417406267487401237e+03 1.757358259312624118e-16
4.420447677672067584e+03 1.666876441078881308e-16
4.423489087856734841e+03 1.883714104879591423e-16
4.426530498041402097e+03 1.907919366465332220e-16
4.429571908226069354e+03 1.836554010656790998e-16
4.432613318410735701e+03 1.970592462359772864e-16
4.435654728595402958e+03 1.728172608448846147e-16
4.438696138780070214e+03 1.808488007059831680e-16
4.441737548964736561e+03 1.834829254835591787e-16
4.444778959149403818e+03 2.196606346083011388e-16
4.447820369334071074e+03 2.241748895142373116e-16
4.450861779518738331e+03 2.145935719905815333e-16
4.453903189703404678e+03 2.264692761613014581e-16
4.456944599888071934e+03 2.438253472514140623e-16
4.459986010072739191e+03 2.479869551214065005e-16
4.463027420257405538e+03 2.421727089173385534e-16
4.466068830442072795e+03 2.413821925440146316e-16
4.469110240626740051e+03 2.596236236031462008e-16
4.472151650811407308e+03 2.484804448473227416e-16
4.475193060996073655e+03 2.457352105573900351e-16
4.478234471180740911e+03 2.513230723268946787e-16
4.481275881365408168e+03 2.739675617391551326e-16
4.484317291550074515e+03 2.437315725226736682e-16
4.487358701734741771e+03 2.582753009155076783e-16
4.490400111919409028e+03 2.373403575017077969e-16
4.493441522104076284e+03 2.559843489223163861e-16
4.496482932288742631e+03 2.611592296887625997e-16
4.499524342473409888e+03 2.633324020738951478e-16
4.502565752658077145e+03 2.603478620026667548e-16
4.505607162842743492e+03 2.784763077008320206e-16
4.508648573027410748e+03 2.668358636316930691e-16
4.511689983212078005e+03 2.440686289808336583e-16
4.514731393396745261e+03 2.588135445249874174e-16
4.517772803581411608e+03 2.578230104232788661e-16
4.520814213766078865e+03 2.575130388731707327e-16
4.523855623950746121e+03 2.559737617385408283e-16
4.526897034135412468e+03 2.611355967070791167e-16
4.529938444320079725e+03 2.588861539867842472e-16
4.532979854504746982e+03 2.576112666623026663e-16
4.536021264689414238e+03 2.635657934308752244e-16
4.539062674874080585e+03 2.748289671688756936e-16
4.542104085058747842e+03 2.877280968432069244e-16
4.545145495243415098e+03 2.911073327472898961e-16
4.548186905428082355e+03 2.973239800980346938e-16
4.551228315612748702e+03 2.959304406813879038e-16
4.554269725797415958e+03 3.006036478753625284e-16
4.557311135982083215e+03 2.793435238223113055e-16
4.560352546166750471e+03 2.946992657600855476e-16
4.563393956351416819e+03 3.308911826391837316e-16
4.566435366536084075e+03 3.153105832728243329e-16
4.569476776720751332e+03 3.126509908767407312e-16
4.572518186905417679e+03 3.277144080808662393e-16
4.575559597090084935e+03 3.408751687729166671e-16
4.578601007274752192e+03 3.697108116180496603e-16
4.581642417459419448e+03 3.872612124759995323e-16
4.584683827644085795e+03 3.784883308435984034e-16
4.587725237828753052e+03 3.958216656509029248e-16
4.590766648013420308e+03 3.987827767223575215e-16
4.593808058198086655e+03 4.170075135679480113e-16
4.596849468382753912e+03 4.307395796590629950e-16
4.599890878567421169e+03 4.160586495127797801e-16
4.602932288752088425e+03 3.901145348645901664e-16
4.605973698936754772e+03 4.013299805906503919e-16
4.609015109121422029e+03 4.064448218022097564e-16
4.612056519306089285e+03 3.995009308046164922e-16
4.615097929490755632e+03 4.085705256716584155e-16
4.618139339675422889e+03 4.220988583291052895e-16
4.621180749860090145e+03 4.287871431013943566e-16
4.624222160044757402e+03 4.350857630087277789e-16
4.627263570229423749e+03 4.263472326956234737e-16
4.630304980414091006e+03 4.278759809321403772e-16
4.633346390598758262e+03 4.162052174154592913e-16
4.636387800783424609e+03 4.139979730735200637e-16
4.639429210968091866e+03 3.828036979197642305e-16
4.642470621152759122e+03 3.678719339648993155e-16
4.645512031337426379e+03 3.651766160913194136e-16
4.648553441522092726e+03 3.782076333346672661e-16
4.651594851706759982e+03 3.651626500086848828e-16
4.654636261891427239e+03 3.406374551828635923e-16
4.657677672076093586e+03 3.251369219780374181e-16
4.660719082260760842e+03 3.400641132167713414e-16
4.663760492445428099e+03 3.389846228302284103e-16
4.666801902630095356e+03 3.530604878282832558e-16
4.669843312814761703e+03 3.482536730599270297e-16
4.672884722999428959e+03 3.568963195887739229e-16
4.675926133184096216e+03 3.533549157539294693e-16
4.678967543368762563e+03 3.380110346800558205e-16
4.682008953553429819e+03 3.367234554378741033e-16
4.685050363738097076e+03 3.050386395587231126e-16
4.688091773922764332e+03 3.019259096872889839e-16
4.691133184107430679e+03 3.071398579507033259e-16
4.694174594292097936e+03 3.021950680416728793e-16
4.697216004476765193e+03 2.863965761369468198e-16
4.700257414661431540e+03 2.818055023992486663e-16
4.703298824846098796e+03 2.502984050563851012e-16
4.706340235030766053e+03 2.466234875940987951e-16
4.709381645215433309e+03 2.358177738129231553e-16
4.712423055400099656e+03 2.284214709201049796e-16
4.715464465584766913e+03 2.260934721427782010e-16
4.718505875769434169e+03 1.962630507183362978e-16
4.721547285954100516e+03 1.845641279053363873e-16
4.724588696138767773e+03 1.928350664366500808e-16
4.727630106323435029e+03 1.683182505462635328e-16
4.730671516508102286e+03 1.551665020336962120e-16
4.733712926692768633e+03 1.482684200643502730e-16
4.736754336877435890e+03 1.364286849121655351e-16
4.739795747062103146e+03 1.240992383167811324e-16
4.742837157246769493e+03 1.070895334861388002e-16
4.745878567431436750e+03 1.277686017872209905e-16
4.748919977616104006e+03 1.424759270641801047e-16
4.751961387800771263e+03 1.300410883168505681e-16
4.755002797985437610e+03 1.327992615237141924e-16
4.758044208170104866e+03 1.276074959596274982e-16
4.761085618354772123e+03 1.248960178839808760e-16
4.764127028539438470e+03 1.512335905644640600e-16
4.767168438724105727e+03 1.847392121535021797e-16
4.770209848908772983e+03 2.094895810718297294e-16
4.773251259093440240e+03 2.411978114163870887e-16
4.776292669278106587e+03 2.787636704060355802e-16
4.779334079462773843e+03 3.167170532518305273e-16
4.782375489647441100e+03 3.277698764772354975e-16
4.785416899832107447e+03 3.361774961274482683e-16
4.788458310016774703e+03 3.566494263565074062e-16
4.791499720201441960e+03 3.561668030601477558e-16
4.794541130386109216e+03 3.661757111097639989e-16
4.797582540570775564e+03 3.788409499550270747e-16
4.800623950755442820e+03 3.982093692710356576e-16
4.803665360940110077e+03 4.248074187043942902e-16
4.806706771124777333e+03 4.189139857497002816e-16
4.809748181309443680e+03 4.123419566089262428e-16
4.812789591494110937e+03 4.186270214326064141e-16
4.815831001678778193e+03 4.160428219294483005e-16
4.818872411863445450e+03 4.404476347057934576e-16
4.821913822048111797e+03 4.401728273007891974e-16
4.824955232232779053e+03 4.237060637194617694e-16
4.827996642417445400e+03 4.333412786780031042e-16
4.831038052602112657e+03 4.388451149108718953e-16
4.834079462786779914e+03 4.152001482058936379e-16
4.837120872971447170e+03 3.977717959648971638e-16
4.840162283156114427e+03 3.882531910373839559e-16
4.843203693340780774e+03 3.649647776924843247e-16
4.846245103525448030e+03 3.632562154146751391e-16
4.849286513710115287e+03 3.534870257965451937e-16
4.852327923894781634e+03 3.657709991520774662e-16
4.855369334079448890e+03 3.612990590993995561e-16
4.858410744264116147e+03 3.345785576619455696e-16
4.861452154448783403e+03 3.315104365592730236e-16
4.864493564633449751e+03 3.304962358913623690e-16
4.867534974818117007e+03 3.205083896383463232e-16
4.870576385002784264e+03 3.204332020020620505e-16
4.873617795187450611e+03 3.317251339919843715e-16
4.876659205372117867e+03 3.420563453254405216e-16
4.879700615556785124e+03 3.375223894087030701e-16
4.882742025741452380e+03 3.349382512699388979e-16
4.885783435926118727e+03 3.400784650168655270e-16
4.888824846110785984e+03 3.538916337379528805e-16
4.891866256295453240e+03 3.391833229041577137e-16
4.894907666480119588e+03 3.752511641447486310e-16
4.897949076664786844e+03 3.482057011238777339e-16
4.900990486849454101e+03 3.872026889547270258e-16
4.904031897034121357e+03 3.452544439973207896e-16
4.907073307218787704e+03 3.687050124663990521e-16
4.910114717403454961e+03 3.806318247805256345e-16
4.913156127588122217e+03 3.929311094630680907e-16
4.916197537772788564e+03 3.759753568855703865e-16
4.919238947957455821e+03 3.605998310571972801e-16
4.922280358142123077e+03 3.576531518344231429e-16
4.925321768326790334e+03 3.190277944238420093e-16
4.928363178511456681e+03 3.011102193130869775e-16
4.931404588696123938e+03 2.887789384250100388e-16
4.934445998880791194e+03 2.878403439243259306e-16
4.937487409065457541e+03 2.835719859939860186e-16
4.940528819250124798e+03 2.605403552467123773e-16
4.943570229434792054e+03 2.701077534236584250e-16
4.946611639619459311e+03 2.759887908826979756e-16
4.949653049804125658e+03 2.779298996598592312e-16
4.952694459988792914e+03 2.648571595859808464e-16
4.955735870173460171e+03 2.801675955789086952e-16
4.958777280358126518e+03 2.863364812058612375e-16
4.961818690542793775e+03 2.840291381505750775e-16
4.964860100727461031e+03 2.809662198423963376e-16
4.967901510912128288e+03 3.004200510487929395e-16
4.970942921096794635e+03 3.067559797490962445e-16
4.973984331281461891e+03 3.041920161590565655e-16
4.977025741466129148e+03 3.012102278434716908e-16
4.980067151650795495e+03 3.087860402540065629e-16
4.983108561835462751e+03 3.199501278247352613e-16
4.986149972020130008e+03 3.359511387314967331e-16
4.989191382204797264e+03 3.419411286410319656e-16
4.992232792389463611e+03 3.629734967498189376e-16
4.995274202574130868e+03 3.541150251102341724e-16
4.998315612758798125e+03 3.772257666775955370e-16
5.001357022943464472e+03 3.828442131466455598e-16
5.004398433128131728e+03 3.780790221217010634e-16
5.007439843312798985e+03 4.170140512394101400e-16
5.010481253497466241e+03 4.345792639479005865e-16
5.013522663682133498e+03 4.293123725879016222e-16
5.016564073866799845e+03 4.727193980050089589e-16
5.019605484051467101e+03 4.730542652505342230e-16
5.022646894236133448e+03 4.686478609790424737e-16
5.025688304420800705e+03 4.640335156105830017e-16
5.028729714605467962e+03 4.831052581572615917e-16
5.031771124790135218e+03 4.910579190566912878e-16
5.034812534974802475e+03 4.856445678639301365e-16
5.037853945159468822e+03 4.830145445613453183e-16
5.040895355344136078e+03 5.112415088537128499e-16
5.043936765528802425e+03 4.866886314300604362e-16
5.046978175713469682e+03 5.043098942176929744e-16
5.050019585898136938e+03 4.901289236311900883e-16
5.053060996082804195e+03 4.786324558891852779e-16
5.056102406267471451e+03 5.044978673821840211e-16
5.059143816452137798e+03 5.022400893012528807e-16
5.062185226636805055e+03 4.898921081358137782e-16
5.065226636821471402e+03 4.901647278440247041e-16
5.068268047006138659e+03 4.846505357859404423e-16
5.071309457190805915e+03 4.915425154864349418e-16
5.074350867375473172e+03 4.876639130002933237e-16
5.077392277560140428e+03 4.902260555350106928e-16
5.080433687744806775e+03 5.150706128197842862e-16
5.083475097929474032e+03 5.009722465494309150e-16
5.086516508114140379e+03 4.880397590426117638e-16
5.089557918298807635e+03 4.710039872514245383e-16
5.092599328483474892e+03 4.663273774377538509e-16
5.095640738668142149e+03 4.714364599512542840e-16
5.098682148852809405e+03 4.763902586557960935e-16
5.101723559037475752e+03 4.656664001294680381e-16
5.104764969222143009e+03 4.541547315684748127e-16
5.107806379406810265e+03 4.252982756975137641e-16
5.110847789591476612e+03 4.044267824009675202e-16
5.113889199776143869e+03 3.980267002243493629e-16
5.116930609960811125e+03 3.766348625940261857e-16
5.119972020145478382e+03 3.569092769294078328e-16
5.123013430330144729e+03 3.586229334302298698e-16
5.126054840514811985e+03 3.739957874058545117e-16
5.129096250699479242e+03 3.375483761439496113e-16
5.132137660884145589e+03 3.319723917317001248e-16
5.135179071068812846e+03 3.311365217136740773e-16
5.138220481253480102e+03 3.353754729414020070e-16
5.141261891438147359e+03 3.325400613895735196e-16
5.144303301622813706e+03 3.220911784699793840e-16
5.147344711807480962e+03 3.410697500665348796e-16
5.150386121992148219e+03 3.391875093421434504e-16
5.153427532176814566e+03 3.401776623668403428e-16
5.156468942361481822e+03 3.501787336790688161e-16
5.159510352546149079e+03 3.592398992731964295e-16
5.162551762730816336e+03 3.820406551659178818e-16
5.165593172915482683e+03 3.748782213253455490e-16
5.168634583100149939e+03 3.864641337320526922e-16
5.171675993284817196e+03 3.945471174308430277e-16
5.174717403469483543e+03 3.951435798639708408e-16
5.177758813654150799e+03 4.129500743455149642e-16
5.180800223838818056e+03 4.149403831590504648e-16
5.183841634023485312e+03 4.116304012813416133e-16
5.186883044208151659e+03 4.228065848705065940e-16
5.189924454392818916e+03 4.255028379693868756e-16
5.192965864577486172e+03 4.383784872216326429e-16
5.196007274762152520e+03 4.411879349780570976e-16
5.199048684946819776e+03 4.420929355902279630e-16
5.202090095131487033e+03 4.369246720685533881e-16
5.205131505316154289e+03 4.256486221096812144e-16
5.208172915500820636e+03 4.198782865897695350e-16
5.211214325685487893e+03 4.456372349505935276e-16
5.214255735870155149e+03 4.209515060248184632e-16
5.217297146054821496e+03 4.168378065405166510e-16
5.220338556239488753e+03 4.170543759478640482e-16
5.223379966424156009e+03 4.302835544520039804e-16
5.226421376608823266e+03 4.348830088811420404e-16
5.229462786793489613e+03 4.558749964648615891e-16
5.232504196978156870e+03 4.524464969955428032e-16
5.235545607162824126e+03 4.434068753516076920e-16
5.238587017347490473e+03 4.554004802371129284e-16
5.241628427532157730e+03 4.525937819112400073e-16
5.244669837716824986e+03 4.300935733786458005e-16
5.247711247901492243e+03 4.350068963564901668e-16
5.250752658086159499e+03 4.449661369698510732e-16
5.253794068270825846e+03 4.147459006622746964e-16
5.256835478455493103e+03 4.141550923335991153e-16
5.259876888640159450e+03 4.377306753576088336e-16
5.262918298824826707e+03 4.277201953793099027e-16
5.265959709009493963e+03 4.288802323622822280e-16
5.269001119194161220e+03 4.229384213873966570e-16
5.272042529378828476e+03 4.328741556937057049e-16
5.275083939563494823e+03 4.538503407834491289e-16
5.278125349748162080e+03 4.449941235854257731e-16
5.281166759932828427e+03 4.358262184637215042e-16
5.284208170117495683e+03 4.522106351244833256e-16
5.287249580302162940e+03 4.535404469882596082e-16
5.290290990486830196e+03 4.257242241665950993e-16
5.293332400671497453e+03 4.342179049388659087e-16
5.296373810856163800e+03 4.411000922835397151e-16
5.299415221040831057e+03 4.454550962147127134e-16
5.302456631225497404e+03 4.348247191823126594e-16
5.305498041410164660e+03 4.448687524784333285e-16
5.308539451594831917e+03 4.497141843856932075e-16
5.311580861779499173e+03 4.431843533200684797e-16
5.314622271964166430e+03 4.327108266736619239e-16
5.317663682148832777e+03 4.397609862967707157e-16
5.320705092333500033e+03 4.428598487237140102e-16
5.323746502518166380e+03 4.569824395831715548e-16
5.326787912702833637e+03 4.710097805910772808e-16
5.329829322887500894e+03 4.740707408782122168e-16
5.332870733072168150e+03 4.829688472640458333e-16
5.335912143256835407e+03 4.734500116425969721e-16
5.338953553441501754e+03 4.885866773199596798e-16
5.341994963626169010e+03 4.930347542462843059e-16
5.345036373810836267e+03 4.933144258574457692e-16
5.348077783995502614e+03 4.999463428107787906e-16
5.351119194180169870e+03 4.973865137281651377e-16
5.354160604364837127e+03 5.018566166250137773e-16
5.357202014549504383e+03 4.921259119123544553e-16
5.360243424734170731e+03 4.819008591782633601e-16
5.363284834918837987e+03 4.805134901012311229e-16
5.366326245103505244e+03 4.928839652196150403e-16
5.369367655288171591e+03 4.895658715978933187e-16
5.372409065472838847e+03 4.946970447662199580e-16
5.375450475657506104e+03 5.036356928207125073e-16
5.378491885842173360e+03 5.105277410141616974e-16
5.381533296026839707e+03 5.162234544313029789e-16
5.384574706211506964e+03 5.188012292825001865e-16
5.387616116396174220e+03 5.323800675757167163e-16
5.390657526580840567e+03 5.121799179087547735e-16
5.393698936765507824e+03 5.075558004121670778e-16
5.396740346950175081e+03 5.216002223233864627e-16
5.399781757134842337e+03 5.140600483088125844e-16
5.402823167319508684e+03 5.032995670463627683e-16
5.405864577504175941e+03 5.109126320063287477e-16
5.408905987688843197e+03 5.097288899777793704e-16
5.411947397873509544e+03 5.042495822870879560e-16
5.414988808058176801e+03 5.086131485642697211e-16
5.418030218242844057e+03 5.292026243832747776e-16
5.421071628427511314e+03 5.123189429155154262e-16
5.424113038612177661e+03 5.127432134429977576e-16
5.427154448796844918e+03 5.428720122275382077e-16
5.430195858981512174e+03 5.451694639426860205e-16
5.433237269166178521e+03 5.485945797186152576e-16
5.436278679350845778e+03 5.400587626559661525e-16
5.439320089535513034e+03 5.328730132280069612e-16
5.442361499720180291e+03 5.607165578107203756e-16
5.445402909904846638e+03 5.456929142094445881e-16
5.448444320089513894e+03 5.393068941008777855e-16
5.451485730274181151e+03 5.387059213238400195e-16
5.454527140458847498e+03 5.365998952558713750e-16
5.457568550643514754e+03 5.265309008512217741e-16
5.460609960828182011e+03 5.304724636117476591e-16
5.463651371012849268e+03 5.434506023850424315e-16
5.466692781197515615e+03 5.182377420971203818e-16
5.469734191382182871e+03 5.178924113974711170e-16
5.472775601566850128e+03 5.118867442585643431e-16
5.475817011751516475e+03 5.208292457504060685e-16
5.478858421936183731e+03 5.175152130052575707e-16
5.481899832120850988e+03 4.932546485462288755e-16
5.484941242305518244e+03 5.113729687992156738e-16
5.487982652490184591e+03 5.073738732723219352e-16
5.491024062674851848e+03 5.023272853126269725e-16
5.494065472859519105e+03 5.194787472763262222e-16
5.497106883044185452e+03 5.044377321426761667e-16
5.500148293228852708e+03 5.070795377593207983e-16
5.503189703413519965e+03 5.094262533615669224e-16
5.506231113598187221e+03 5.040625469234982665e-16
5.509272523782854478e+03 4.907749973358055769e-16
5.512313933967520825e+03 4.942818898762686186e-16
5.515355344152188081e+03 5.084509555318332928e-16
5.518396754336854428e+03 5.192485492073763972e-16
5.521438164521521685e+03 5.411867147434407636e-16
5.524479574706188941e+03 5.293119310805378507e-16
5.527520984890856198e+03 5.248247505284772959e-16
5.530562395075523455e+03 5.194602700786333738e-16
5.533603805260189802e+03 5.432631550063112819e-16
5.536645215444857058e+03 5.590419869182314961e-16
5.539686625629523405e+03 5.532704730087704460e-16
5.542728035814190662e+03 5.559064843426034909e-16
5.545769445998857918e+03 5.604594104101191679e-16
5.548810856183525175e+03 5.729018162401737209e-16
5.551852266368192431e+03 5.845922855186745485e-16
5.554893676552858778e+03 5.803033761101603689e-16
5.557935086737526035e+03 5.715879455286613088e-16
5.560976496922192382e+03 5.756763692716820801e-16
5.564017907106859639e+03 5.770408292018439994e-16
5.567059317291526895e+03 5.827991454409225419e-16
5.570100727476194152e+03 5.859524540417363800e-16
5.573142137660861408e+03 5.234402124270085176e-16
5.576183547845527755e+03 5.575516017446946395e-16
5.579224958030195012e+03 6.178790503164898783e-16
5.582266368214861359e+03 5.679357947342305746e-16
5.585307778399528615e+03 5.774123276287238811e-16
5.588349188584195872e+03 5.513673868774724883e-16
5.591390598768863128e+03 5.737062319876069321e-16
5.594432008953530385e+03 5.621254792417114490e-16
5.597473419138196732e+03 5.626809395059493649e-16
5.600514829322863989e+03 5.584256832072344821e-16
5.603556239507531245e+03 5.452142595963973242e-16
5.606597649692197592e+03 5.475795871858248941e-16
5.609639059876864849e+03 5.583178394694830174e-16
5.612680470061532105e+03 5.441095679433378164e-16
5.615721880246199362e+03 5.428033881843350073e-16
5.618763290430865709e+03 5.419435345802453779e-16
5.621804700615532965e+03 5.241527209332135276e-16
5.624846110800200222e+03 5.281796663400381153e-16
5.627887520984866569e+03 5.349938648198353477e-16
5.630928931169533826e+03 5.151880937107425774e-16
5.633970341354201082e+03 5.059695707788900922e-16
5.637011751538868339e+03 4.952329370447946447e-16
5.640053161723534686e+03 4.942024355871878055e-16
5.643094571908201942e+03 4.910734201716757419e-16
5.646135982092869199e+03 4.701977387451768464e-16
5.649177392277535546e+03 4.690999295292119365e-16
5.652218802462202802e+03 4.794572504367421975e-16
5.655260212646870059e+03 4.831853567493146536e-16
5.658301622831537316e+03 4.968367401070302796e-16
5.661343033016203663e+03 4.821594034852417519e-16
5.664384443200870919e+03 4.830094901245941967e-16
5.667425853385538176e+03 4.792804826763668966e-16
5.670467263570204523e+03 4.763796395401503261e-16
5.673508673754871779e+03 4.932729141059117497e-16
5.676550083939539036e+03 4.988907348015503769e-16
5.679591494124206292e+03 4.860176526305250098e-16
5.682632904308872639e+03 4.886496970783039681e-16
5.685674314493539896e+03 4.907275883527371708e-16
5.688715724678207152e+03 4.848560259389316144e-16
5.691757134862873500e+03 4.785991869655894093e-16
5.694798545047540756e+03 4.781106643475025486e-16
5.697839955232208013e+03 4.678057438364690949e-16
5.700881365416875269e+03 4.748478774775080989e-16
5.703922775601541616e+03 4.689943004068655326e-16
5.706964185786208873e+03 4.627572492775631077e-16
5.710005595970876129e+03 4.565922793668843705e-16
5.713047006155542476e+03 4.582451825168191860e-16
5.716088416340209733e+03 4.575157571163153732e-16
5.719129826524876989e+03 4.429401685972413991e-16
5.722171236709544246e+03 4.295442544412185597e-16
5.725212646894210593e+03 4.083179048298032391e-16
5.728254057078877850e+03 4.084052509704437496e-16
5.731295467263545106e+03 3.900199504129719717e-16
5.734336877448211453e+03 3.771549259290607420e-16
5.737378287632878710e+03 3.578806209720888351e-16
5.740419697817545966e+03 3.386703426282686119e-16
5.743461108002213223e+03 3.258211344114222799e-16
5.746502518186880479e+03 3.241310580471708944e-16
5.749543928371546826e+03 3.049622568872102527e-16
5.752585338556214083e+03 2.853788961265513702e-16
5.755626748740880430e+03 2.770742362004205953e-16
5.758668158925547687e+03 2.687301358215141810e-16
5.761709569110214943e+03 2.381877951536412455e-16
5.764750979294882200e+03 2.300775917246588622e-16
5.767792389479549456e+03 2.175284976159241759e-16
5.770833799664215803e+03 1.995095560005235697e-16
5.773875209848883060e+03 1.990613350075888474e-16
5.776916620033549407e+03 1.831168406535420549e-16
5.779958030218216663e+03 1.773401927048166685e-16
5.782999440402883920e+03 1.678522425862795873e-16
5.786040850587551176e+03 1.788490457666497244e-16
5.789082260772218433e+03 1.847977358540411576e-16
5.792123670956884780e+03 1.880464083233807433e-16
5.795165081141552037e+03 1.861356025820641461e-16
5.798206491326218384e+03 1.921393916251223802e-16
5.801247901510885640e+03 1.967385806072969281e-16
5.804289311695552897e+03 2.108915745773297062e-16
5.807330721880220153e+03 2.152129618142076518e-16
5.810372132064887410e+03 2.216542456763675775e-16
5.813413542249553757e+03 2.213603830846467244e-16
5.816454952434221013e+03 2.398803051327394643e-16
5.819496362618887360e+03 2.432505617065412247e-16
5.822537772803554617e+03 2.683112375173270729e-16
5.825579182988221874e+03 2.772736637761520684e-16
5.828620593172889130e+03 2.865742599265089909e-16
5.831662003357556387e+03 3.066127576547678172e-16
5.834703413542222734e+03 3.203223833159535555e-16
5.837744823726889990e+03 3.270850464997445476e-16
5.840786233911557247e+03 3.385688956165216177e-16
5.843827644096223594e+03 3.574481145206662867e-16
5.846869054280890850e+03 3.843421696240226835e-16
5.849910464465558107e+03 3.901158222257432169e-16
5.852951874650225363e+03 4.007578632754653256e-16
5.855993284834891710e+03 4.310552544724220675e-16
5.859034695019558967e+03 4.446807920749477569e-16
5.862076105204225314e+03 4.630227167608426387e-16
5.865117515388892571e+03 4.714805264798355372e-16
5.868158925573559827e+03 4.674555680874629574e-16
5.871200335758227084e+03 4.860674409279526581e-16
5.874241745942894340e+03 5.080488362122649910e-16
5.877283156127560687e+03 5.247430543662302978e-16
5.880324566312227944e+03 5.285281622601823080e-16
5.883365976496894291e+03 5.567659851131346898e-16
5.886407386681561547e+03 5.733463857298849719e-16
5.889448796866228804e+03 5.542762469948617852e-16
5.892490207050896061e+03 5.710762301482767521e-16
5.895531617235563317e+03 6.003439204104118803e-16
5.898573027420230574e+03 6.084154286858791854e-16
5.901614437604896921e+03 6.361049357597347023e-16
5.904655847789563268e+03 6.364393199285086600e-16
5.907697257974230524e+03 6.363496756947011222e-16
5.910738668158897781e+03 6.247456559000858934e-16
5.913780078343565037e+03 6.498219203804183361e-16
5.916821488528232294e+03 6.898788014666347131e-16
5.919862898712899550e+03 7.313975154861722803e-16
5.922904308897565897e+03 7.253052861069949075e-16
5.925945719082232245e+03 6.753610773155526811e-16
5.928987129266899501e+03 6.558425823361458512e-16
5.932028539451566758e+03 6.617666399009518245e-16
5.935069949636234014e+03 6.432406369357277545e-16
5.938111359820901271e+03 6.517719257183851437e-16
5.941152770005568527e+03 6.660017643370699434e-16
5.944194180190234874e+03 6.638103048079042612e-16
5.947235590374901221e+03 6.547476616050270146e-16
5.950277000559568478e+03 6.660426471647616151e-16
5.953318410744235734e+03 6.823783074085153727e-16
5.956359820928902991e+03 6.718660818041665276e-16
5.959401231113570248e+03 6.655843236906709255e-16
5.962442641298237504e+03 6.629670012260879008e-16
5.965484051482903851e+03 6.685019215180168388e-16
5.968525461667571108e+03 6.605148074263296415e-16
5.971566871852237455e+03 6.817824385060747040e-16
5.974608282036904711e+03 6.634604097625465193e-16
5.977649692221571968e+03 6.642514620559491404e-16
5.980691102406239224e+03 6.846469888030406821e-16
5.983732512590906481e+03 6.669131100898412544e-16
5.986773922775572828e+03 6.623628733555886321e-16
5.989815332960240085e+03 6.679794851349204125e-16
5.992856743144906432e+03 6.758873166174817945e-16
5.995898153329573688e+03 6.636639964693921679e-16
5.998939563514240945e+03 6.501443912856481784e-16
6.001980973698908201e+03 6.564347402774289044e-16
6.005022383883575458e+03 6.654755296429080443e-16
6.008063794068241805e+03 6.547653946620966857e-16
6.011105204252909061e+03 6.422720145853743275e-16
6.014146614437575408e+03 6.304221879956124119e-16
6.017188024622242665e+03 6.261538431854524095e-16
6.020229434806909921e+03 6.168349084689969089e-16
6.023270844991577178e+03 6.057711782397334735e-16
6.026312255176244435e+03 6.036757391476183953e-16
6.029353665360910782e+03 5.869725406002899051e-16
6.032395075545578038e+03 5.867995466003521323e-16
6.035436485730244385e+03 5.908631086334946446e-16
6.038477895914911642e+03 5.737025240479371574e-16
6.041519306099578898e+03 5.873339540510296159e-16
6.044560716284246155e+03 5.752389725565853308e-16
6.047602126468913411e+03 5.616320170025753239e-16
6.050643536653579758e+03 5.655067887530320650e-16
6.053684946838247015e+03 5.674658266825236497e-16
6.056726357022913362e+03 5.479990213523702914e-16
6.059767767207580619e+03 5.319364718254512185e-16
6.062809177392247875e+03 5.259144864956262211e-16
6.065850587576915132e+03 5.345712777851242032e-16
6.068891997761582388e+03 5.422869279332112918e-16
6.071933407946248735e+03 5.348285511259055925e-16
6.074974818130915992e+03 5.294958862972707904e-16
6.078016228315582339e+03 5.139583566673422013e-16
6.081057638500249595e+03 5.053668122153740036e-16
6.084099048684916852e+03 5.011179312607150223e-16
6.087140458869584108e+03 5.086039260404621789e-16
6.090181869054251365e+03 5.142789253012766717e-16
6.093223279238917712e+03 5.012031205836998474e-16
6.096264689423584969e+03 5.005109494787438357e-16
6.099306099608251316e+03 4.859542023442611775e-16
6.102347509792918572e+03 4.821756756904043268e-16
6.105388919977585829e+03 4.842010514162565448e-16
6.108430330162253085e+03 4.904526841329439693e-16
6.111471740346920342e+03 4.854951283298136233e-16
6.114513150531586689e+03 4.850169171638576941e-16
6.117554560716253945e+03 4.727051023041536820e-16
6.120595970900920292e+03 4.757897183042001458e-16
6.123637381085587549e+03 4.775912488067640722e-16
6.126678791270254806e+03 4.786987852343186977e-16
6.129720201454922062e+03 4.740848569349238638e-16
6.132761611639589319e+03 4.601086551291072848e-16
6.135803021824255666e+03 4.574812449814272200e-16
6.138844432008922922e+03 4.628242108424105841e-16
6.141885842193589269e+03 4.606003272372864123e-16
6.144927252378256526e+03 4.641733900221131399e-16
6.147968662562923782e+03 4.682928623868739346e-16
6.151010072747591039e+03 4.823090488429657939e-16
6.154051482932258295e+03 4.681920591465007641e-16
6.157092893116925552e+03 4.808792999480295124e-16
6.160134303301591899e+03 4.696553501339408631e-16
6.163175713486258246e+03 4.740327056915962682e-16
6.166217123670925503e+03 4.616981364624948985e-16
6.169258533855592759e+03 4.570336567440240292e-16
6.172299944040260016e+03 4.670651752335813154e-16
6.175341354224927272e+03 4.638331130344785237e-16
6.178382764409594529e+03 4.582368309397161626e-16
6.181424174594260876e+03 4.643800541168350673e-16
6.184465584778927223e+03 4.627433041494849785e-16
6.187506994963594479e+03 4.636485683029654542e-16
6.190548405148261736e+03 4.541241143812981867e-16
6.193589815332928993e+03 4.641957030740892976e-16
6.196631225517596249e+03 4.526299886764176411e-16
6.199672635702263506e+03 4.563609302676906933e-16
6.202714045886929853e+03 4.615462543267686101e-16
6.205755456071597109e+03 4.521758794206004357e-16
6.208796866256263456e+03 4.595831274498433306e-16
6.211838276440930713e+03 4.629524057063873906e-16
6.214879686625597969e+03 4.461219662866920709e-16
6.217921096810265226e+03 4.389048306920537790e-16
6.220962506994932482e+03 4.370173975378128393e-16
6.224003917179598830e+03 4.304786863064569366e-16
6.227045327364266086e+03 4.193573252560471542e-16
6.230086737548932433e+03 4.234827765849896587e-16
6.233128147733599690e+03 4.228340117391612851e-16
6.236169557918266946e+03 4.352896811198613475e-16
6.239210968102934203e+03 4.444702076820168984e-16
6.242252378287601459e+03 4.286276463705486995e-16
6.245293788472267806e+03 4.322460265315263118e-16
6.248335198656935063e+03 4.311888936645865918e-16
6.251376608841601410e+03 4.191228703758954957e-16
6.254418019026268666e+03 4.309099586092393997e-16
6.257459429210935923e+03 4.313092342189111902e-16
6.260500839395603180e+03 4.191719401721724535e-16
6.263542249580270436e+03 3.953946439812593605e-16
6.266583659764936783e+03 3.916374734202477117e-16
6.269625069949604040e+03 3.952417860780385413e-16
6.272666480134270387e+03 3.767406831896063863e-16
6.275707890318937643e+03 3.633474767537692250e-16
6.278749300503604900e+03 3.432550440900423738e-16
6.281790710688272156e+03 3.372311694634161176e-16
6.284832120872939413e+03 3.443220447144637772e-16
6.287873531057605760e+03 3.400540771673255521e-16
6.290914941242273017e+03 3.145205640308688253e-16
6.293956351426939364e+03 2.947613903652090996e-16
6.296997761611606620e+03 2.931719174245327232e-16
6.300039171796273877e+03 2.946777016944130816e-16
6.303080581980941133e+03 2.711776207403407188e-16
6.306121992165608390e+03 2.594978655958993807e-16
6.309163402350274737e+03 2.537652355139046198e-16
6.312204812534941993e+03 2.484108718133362895e-16
6.315246222719608340e+03 2.222371758077494933e-16
6.318287632904275597e+03 2.047039579578535930e-16
6.321329043088942854e+03 1.877505128379867649e-16
6.324370453273610110e+03 1.848421540722245779e-16
6.327411863458277367e+03 1.623707592228436951e-16
6.330453273642943714e+03 1.412784671069716046e-16
6.333494683827610970e+03 1.550768761454889639e-16
6.336536094012277317e+03 1.589156422590096962e-16
6.339577504196944574e+03 1.413407469512229787e-16
6.342618914381611830e+03 1.454206712987873066e-16
6.345660324566279087e+03 1.535172232751354009e-16
6.348701734750946343e+03 1.481729295434259594e-16
6.351743144935612690e+03 1.486791593671126833e-16
6.354784555120279947e+03 1.368265395684347373e-16
6.357825965304946294e+03 1.313019676078942311e-16
6.360867375489613551e+03 1.305584420715486437e-16
6.363908785674280807e+03 1.326381182398301091e-16
6.366950195858948064e+03 1.349040650336035426e-16
6.369991606043615320e+03 1.128585327460118118e-16
6.373033016228281667e+03 1.294591079894492420e-16
6.376074426412948924e+03 1.245526570727589115e-16
6.379115836597615271e+03 1.305389984279452724e-16
6.382157246782282527e+03 1.232044451621629302e-16
6.385198656966949784e+03 1.466669546348043932e-16
6.388240067151617041e+03 1.331472229473328812e-16
6.391281477336284297e+03 1.413755425419353829e-16
6.394322887520951554e+03 1.494754301127637711e-16
6.397364297705617901e+03 1.577426882553361752e-16
6.400405707890284248e+03 1.578963310789322408e-16
6.403447118074951504e+03 1.610822271138285904e-16
6.406488528259618761e+03 1.703886962764763235e-16
6.409529938444286017e+03 1.790299359007622141e-16
6.412571348628953274e+03 1.811006413621395677e-16
6.415612758813620530e+03 1.931384202791199741e-16
6.418654168998286877e+03 1.992749080006039427e-16
6.421695579182953225e+03 1.973130050911970506e-16
6.424736989367620481e+03 2.103968233727866162e-16
6.427778399552287738e+03 2.339997474066003994e-16
6.430819809736954994e+03 2.494751750615020555e-16
6.433861219921622251e+03 2.689920009891401101e-16
6.436902630106289507e+03 2.885507918449583331e-16
6.439944040290955854e+03 3.219550048757682337e-16
6.442985450475622201e+03 3.581699170375283471e-16
6.446026860660289458e+03 3.929104665085164965e-16
6.449068270844956714e+03 4.201655439474914711e-16
6.452109681029623971e+03 4.445696343827692058e-16
6.455151091214291228e+03 4.683575879007055675e-16
6.458192501398958484e+03 4.794209356327554271e-16
6.461233911583624831e+03 4.824013854413023553e-16
6.464275321768292088e+03 4.843011786383287373e-16
6.467316731952958435e+03 5.070451354864459633e-16
6.470358142137625691e+03 5.004590790037061663e-16
6.473399552322292948e+03 5.206962410458756802e-16
6.476440962506960204e+03 5.405605868191932626e-16
6.479482372691627461e+03 5.487142203924214463e-16
6.482523782876293808e+03 5.521272597424283955e-16
6.485565193060961064e+03 5.499899224393838327e-16
6.488606603245627412e+03 5.616637625327980286e-16
6.491648013430294668e+03 5.732390492999201593e-16
6.494689423614961925e+03 5.620992969812810911e-16
6.497730833799629181e+03 5.671290482753338946e-16
6.500772243984296438e+03 5.811172383842116751e-16
6.503813654168962785e+03 6.028417987131921660e-16
6.506855064353630041e+03 6.130317392825458041e-16
6.509896474538296388e+03 6.076131754278521689e-16
6.512937884722963645e+03 6.036775971997784905e-16
6.515979294907630901e+03 6.056714765304034380e-16
6.519020705092298158e+03 6.114314091133000296e-16
6.522062115276965415e+03 6.092658435801287604e-16
6.525103525461631762e+03 6.048916646815783169e-16
6.528144935646299018e+03 6.170523790736028759e-16
6.531186345830965365e+03 6.158719673779596953e-16
6.534227756015632622e+03 6.129248147054709211e-16
6.537269166200299878e+03 6.172186132908963166e-16
6.540310576384967135e+03 6.244991567025588961e-16
6.543351986569634391e+03 6.009175104230597581e-16
6.546393396754300738e+03 5.951593641487119042e-16
6.549434806938967995e+03 5.712175104743498480e-16
6.552476217123634342e+03 5.373288564275642134e-16
6.555517627308301599e+03 5.276265026766678603e-16
6.558559037492968855e+03 5.059697576033460640e-16
6.561600447677636112e+03 4.917941966285550055e-16
6.564641857862303368e+03 4.732853165848372378e-16
6.567683268046969715e+03 4.621618616536572261e-16
6.570724678231636972e+03 4.588718157652539155e-16
6.573766088416303319e+03 4.500553445465274604e-16
6.576807498600970575e+03 4.450129650088984160e-16
6.579848908785637832e+03 4.435160787290978707e-16
6.582890318970305088e+03 4.490010355438518606e-16
6.585931729154972345e+03 4.314304207078417494e-16
6.588973139339638692e+03 4.328539842744848673e-16
6.592014549524305949e+03 4.530510499355858034e-16
6.595055959708972296e+03 4.701092970977010436e-16
6.598097369893639552e+03 4.738167629315839939e-16
6.601138780078306809e+03 4.812442900957407181e-16
6.604180190262974065e+03 4.655312767892414127e-16
6.607221600447641322e+03 4.754724239659394026e-16
6.610263010632307669e+03 5.095306620559536452e-16
6.613304420816974925e+03 5.015792937642775801e-16
6.616345831001641272e+03 5.294719440549629252e-16
6.619387241186308529e+03 5.017012173576122091e-16
6.622428651370975786e+03 4.910113063506738635e-16
6.625470061555643042e+03 5.307078803488281653e-16
6.628511471740310299e+03 5.449492432543002665e-16
6.631552881924976646e+03 5.705060943169811426e-16
6.634594292109643902e+03 5.991369537619596888e-16
6.637635702294310249e+03 5.835543263891214348e-16
6.640677112478977506e+03 5.698891080502932353e-16
6.643718522663644762e+03 6.014027421998480591e-16
6.646759932848312019e+03 6.133747337099646004e-16
6.649801343032979275e+03 6.053361135337856513e-16
6.652842753217646532e+03 6.245804042533625891e-16
6.655884163402312879e+03 6.479796605848298142e-16
6.658925573586979226e+03 6.391548083538641923e-16
6.661966983771646483e+03 6.395249025728879782e-16
6.665008393956313739e+03 6.534262318183769819e-16
6.668049804140980996e+03 6.572064388313674863e-16
6.671091214325648252e+03 6.546544040125386224e-16
6.674132624510315509e+03 6.543038273091164703e-16
6.677174034694981856e+03 6.747256705705301516e-16
6.680215444879648203e+03 6.772763709281927680e-16
6.683256855064315459e+03 6.868179106363589733e-16
6.686298265248982716e+03 7.004558953421240405e-16
6.689339675433649973e+03 6.891091782822807402e-16
6.692381085618317229e+03 6.921348062269394164e-16
6.695422495802984486e+03 6.991046270526603659e-16
6.698463905987650833e+03 6.817559317802918263e-16
6.701505316172318089e+03 6.610512170238305818e-16
6.704546726356984436e+03 6.857325640436898916e-16
6.707588136541651693e+03 6.742948362782165433e-16
6.710629546726318949e+03 6.838232507150009859e-16
6.713670956910986206e+03 6.736676374723517965e-16
6.716712367095653462e+03 6.587868061800659870e-16
6.719753777280319810e+03 6.742932252838147679e-16
6.722795187464987066e+03 6.809428217664483631e-16
6.725836597649653413e+03 6.773838763187233598e-16
6.728878007834320670e+03 6.802464217410553754e-16
6.731919418018987926e+03 6.587526578439426843e-16
6.734960828203655183e+03 6.602546872469937441e-16
6.738002238388322439e+03 6.477605997940743577e-16
6.741043648572988786e+03 6.365969723674733235e-16
6.744085058757656043e+03 6.549229235587563191e-16
6.747126468942322390e+03 6.553019279040584671e-16
6.750167879126989646e+03 6.367224281313608587e-16
6.753209289311656903e+03 6.286940143575019145e-16
6.756250699496324160e+03 6.281913190704387678e-16
6.759292109680991416e+03 6.374088222207005945e-16
6.762333519865657763e+03 6.276541416505524045e-16
6.765374930050325020e+03 6.199084270647567798e-16
6.768416340234991367e+03 6.192663253522725167e-16
6.771457750419658623e+03 6.147837708097122882e-16
6.774499160604325880e+03 6.089128885670172450e-16
6.777540570788993136e+03 6.113874133906056539e-16
6.780581980973660393e+03 6.016473685041301059e-16
6.783623391158326740e+03 5.998502817676754969e-16
6.786664801342993997e+03 6.011808804699496631e-16
6.789706211527660344e+03 5.758966932988443877e-16
6.792747621712327600e+03 6.085952890915659539e-16
6.795789031896994857e+03 6.040046227866895156e-16
6.798830442081662113e+03 5.791715018373340886e-16
6.801871852266329370e+03 5.667362599618738575e-16
6.804913262450995717e+03 5.933266141968499024e-16
6.807954672635662973e+03 5.736724408753781067e-16
6.810996082820329320e+03 5.776405336737578334e-16
6.814037493004996577e+03 5.659539476056506969e-16
6.817078903189663833e+03 5.513673033398205470e-16
6.820120313374331090e+03 5.446022296344588241e-16
6.823161723558998347e+03 5.456936280964353820e-16
6.826203133743664694e+03 5.549613711329041484e-16
6.829244543928331950e+03 5.390234064899579865e-16
6.832285954112998297e+03 5.451297651209194473e-16
6.835327364297665554e+03 5.366650241890941895e-16
6.838368774482332810e+03 5.122658787143755267e-16
6.841410184667000067e+03 5.122552203801822818e-16
6.844451594851667323e+03 5.293143632931826993e-16
6.847493005036333670e+03 5.163536893398077566e-16
6.850534415221000927e+03 5.044952831534437356e-16
6.853575825405667274e+03 5.129974125819127783e-16
6.856617235590334531e+03 4.961328421508580703e-16
6.859658645775001787e+03 4.838793114327816469e-16
6.862700055959669044e+03 4.827427347430941654e-16
6.865741466144336300e+03 4.656086797897139675e-16
6.868782876329002647e+03 4.526171016567472100e-16
6.871824286513669904e+03 4.581181096763165481e-16
6.874865696698336251e+03 4.711445302356307533e-16
6.877907106883003507e+03 4.653904119063272244e-16
6.880948517067670764e+03 4.733642720514675775e-16
6.883989927252338020e+03 4.445335140560631472e-16
6.887031337437005277e+03 4.298397800895926975e-16
6.890072747621672534e+03 4.191924591152977354e-16
6.893114157806338881e+03 4.188311921466766218e-16
6.896155567991005228e+03 4.377276281809256513e-16
6.899196978175672484e+03 4.419455639795197438e-16
6.902238388360339741e+03 4.217350637107211631e-16
6.905279798545006997e+03 4.113910333490623092e-16
6.908321208729674254e+03 4.268482089599303339e-16
6.911362618914341510e+03 4.077031592671619960e-16
6.914404029099007857e+03 4.010110585978348341e-16
6.917445439283674204e+03 4.077536165392904391e-16
6.920486849468341461e+03 3.868642893064625377e-16
6.923528259653008718e+03 3.812381789470493100e-16
6.926569669837675974e+03 3.706409889682859113e-16
6.929611080022343231e+03 3.578673929576770911e-16
6.932652490207010487e+03 3.476477991301871161e-16
6.935693900391676834e+03 3.348297452385533681e-16
6.938735310576343181e+03 3.079984478881882544e-16
6.941776720761010438e+03 2.886339602523674950e-16
6.944818130945677694e+03 2.979860400557303207e-16
6.947859541130344951e+03 2.840723059733567141e-16
6.950900951315012207e+03 2.802437565273309125e-16
6.953942361499679464e+03 2.710053579859089203e-16
6.956983771684345811e+03 2.684663382969341775e-16
6.960025181869013068e+03 2.803129117055507858e-16
6.963066592053679415e+03 2.725255878636680511e-16
6.966108002238346671e+03 2.749919355705213685e-16
6.969149412423013928e+03 2.879966073512223768e-16
6.972190822607681184e+03 3.012732171605319273e-16
6.975232232792348441e+03 2.936670755846401320e-16
6.978273642977014788e+03 2.980657139634001498e-16
6.981315053161682044e+03 3.067966698159066206e-16
6.984356463346348391e+03 3.166676522747643406e-16
6.987397873531015648e+03 3.171680987062133700e-16
6.990439283715682905e+03 3.179698764341595195e-16
6.993480693900350161e+03 3.329326607965991698e-16
6.996522104085017418e+03 3.376963702829940459e-16
6.999563514269683765e+03 3.521986737839596494e-16
7.002604924454351021e+03 3.541268228401270702e-16
7.005646334639017368e+03 3.727312367512935133e-16
7.008687744823684625e+03 3.844276454028798894e-16
7.011729155008351881e+03 3.947070598306172115e-16
7.014770565193019138e+03 4.034457963796724585e-16
7.017811975377686394e+03 4.077099953400961525e-16
7.020853385562352742e+03 4.394643206438882951e-16
7.023894795747019998e+03 4.439630496897545281e-16
7.026936205931686345e+03 4.504353827472027010e-16
7.029977616116353602e+03 4.701008548217866881e-16
7.033019026301020858e+03 4.736911797721258883e-16
7.036060436485688115e+03 4.957556141055876264e-16
7.039101846670355371e+03 5.077957669471776774e-16
7.042143256855021718e+03 5.021703858785159952e-16
7.045184667039688975e+03 5.088317095702938716e-16
7.048226077224355322e+03 5.087504489993766338e-16
7.051267487409022579e+03 5.183438990538592079e-16
7.054308897593689835e+03 5.243507744835922151e-16
7.057350307778357092e+03 5.197739207493987769e-16
7.060391717963024348e+03 5.213389284816802070e-16
7.063433128147690695e+03 5.167205486292721776e-16
7.066474538332357952e+03 5.052796758025471072e-16
7.069515948517024299e+03 5.298324643158328910e-16
7.072557358701691555e+03 5.219015232868401220e-16
7.075598768886358812e+03 5.200235549258948683e-16
7.078640179071026068e+03 5.160196522519220940e-16
7.081681589255693325e+03 5.347750286053246772e-16
7.084722999440359672e+03 5.195177318603955451e-16
7.087764409625026929e+03 5.145814376092099128e-16
7.090805819809693276e+03 5.805942911731792952e-16
7.093847229994360532e+03 5.472273838219393788e-16
7.096888640179027789e+03 5.171770759072941594e-16
7.099930050363695045e+03 5.285631168727562675e-16
7.102971460548362302e+03 5.138514043112095530e-16
7.106012870733028649e+03 5.171199485901698967e-16
7.109054280917695905e+03 5.076532892681601055e-16
7.112095691102362252e+03 5.214943484000497905e-16
7.115137101287029509e+03 5.415298173378485356e-16
7.118178511471696766e+03 5.397749606951160152e-16
7.121219921656364022e+03 5.321315805429225158e-16
7.124261331841031279e+03 5.074376253635779563e-16
7.127302742025697626e+03 5.329405476586650121e-16
7.130344152210364882e+03 5.205506122655827208e-16
7.133385562395031229e+03 5.107899095353315217e-16
7.136426972579698486e+03 4.958031551822194875e-16
7.139468382764365742e+03 5.149915121548427228e-16
7.142509792949032999e+03 5.149514412192207701e-16
7.145551203133700255e+03 5.016266720773012452e-16
7.148592613318367512e+03 4.837066864873399756e-16
7.151634023503033859e+03 4.862288206412298565e-16
7.154675433687700206e+03 4.736365833997579507e-16
7.157716843872367463e+03 4.580334767372307036e-16
7.160758254057034719e+03 4.639629606058696388e-16
7.163799664241701976e+03 4.648290402963824151e-16
7.166841074426369232e+03 4.464880542143165661e-16
7.169882484611036489e+03 4.636616629204242290e-16
7.172923894795702836e+03 4.656064156050231242e-16
7.175965304980369183e+03 4.550074541420299853e-16
7.179006715165036439e+03 4.644521660354300192e-16
7.182048125349703696e+03 4.556814239990944479e-16
7.185089535534370953e+03 4.596743916240783649e-16
7.188130945719038209e+03 4.986508375533022213e-16
7.191172355903705466e+03 5.311436549411289093e-16
7.194213766088371813e+03 4.914078263459974980e-16
7.197255176273039069e+03 4.635483907451761575e-16
7.200296586457705416e+03 4.529786710574982760e-16
7.203337996642372673e+03 4.555117692403614186e-16
7.206379406827039929e+03 4.532992825900485915e-16
7.209420817011707186e+03 4.695847605815531513e-16
7.212462227196374442e+03 4.615963096257104683e-16
7.215503637381040789e+03 4.582519738520889954e-16
7.218545047565708046e+03 4.568105658899648870e-16
7.221586457750374393e+03 4.453374797197424855e-16
7.224627867935041650e+03 4.473565455835997580e-16
7.227669278119708906e+03 4.578935946727243642e-16
7.230710688304376163e+03 4.625088163277091216e-16
7.233752098489043419e+03 4.474553550748417246e-16
7.236793508673709766e+03 4.709126873862830414e-16
7.239834918858377023e+03 4.880485834544300605e-16
7.242876329043043370e+03 4.645629942817007824e-16
7.245917739227710626e+03 4.522711161787339578e-16
7.248959149412377883e+03 4.510068018346463036e-16
7.252000559597045140e+03 4.715124252974556841e-16
7.255041969781712396e+03 4.581205497946826169e-16
7.258083379966378743e+03 4.585926235217583260e-16
7.261124790151046000e+03 4.800613128483170117e-16
7.264166200335712347e+03 4.708994580084201818e-16
7.267207610520379603e+03 4.804710378807832636e-16
7.270249020705046860e+03 4.736032581854197930e-16
7.273290430889714116e+03 4.838290934597788425e-16
7.276331841074381373e+03 4.885339666435874051e-16
7.279373251259047720e+03 4.881706498333638660e-16
7.282414661443714976e+03 4.858472464226061178e-16
7.285456071628381324e+03 4.694110102706223671e-16
7.288497481813048580e+03 4.750064859491162660e-16
7.291538891997715837e+03 4.904112876153581676e-16
7.294580302182383093e+03 4.964904255951115688e-16
7.297621712367050350e+03 4.905574170115603024e-16
7.300663122551716697e+03 5.088194555500587585e-16
7.303704532736383953e+03 4.909537081596651546e-16
7.306745942921050300e+03 4.866433659567800472e-16
7.309787353105717557e+03 4.921556884237606378e-16
7.312828763290384813e+03 4.911670182109996401e-16
7.315870173475052070e+03 4.935859496878982656e-16
7.318911583659719327e+03 5.194668635104520431e-16
7.321952993844385674e+03 5.135622574187023564e-16
7.324994404029052930e+03 4.965780640002090565e-16
7.328035814213719277e+03 5.072152900604028294e-16
7.331077224398386534e+03 5.139077700660670119e-16
7.334118634583053790e+03 5.023018365832862008e-16
7.337160044767721047e+03 5.145024601505887438e-16
7.340201454952388303e+03 5.190686325596275517e-16
7.343242865137054650e+03 5.005631234348254384e-16
7.346284275321721907e+03 4.861181003337354409e-16
7.349325685506388254e+03 4.829854607846956349e-16
7.352367095691055511e+03 4.934860135033229839e-16
7.355408505875722767e+03 4.867861123348137862e-16
7.358449916060390024e+03 5.041814415290999518e-16
7.361491326245057280e+03 4.958506260836442695e-16
7.364532736429723627e+03 4.919727031811125553e-16
7.367574146614390884e+03 5.069480165191729942e-16
7.370615556799057231e+03 5.097775398725044205e-16
7.373656966983724487e+03 5.205415493771250838e-16
7.376698377168391744e+03 5.084705225176562469e-16
7.379739787353059000e+03 4.987221178190685584e-16
7.382781197537726257e+03 5.048932204676904050e-16
7.385822607722393514e+03 5.034091790471645731e-16
7.388864017907059861e+03 5.036411089744557105e-16
7.391905428091726208e+03 5.029053698877255361e-16
7.394946838276393464e+03 4.904100593388878258e-16
7.397988248461060721e+03 5.022943245412363958e-16
7.401029658645727977e+03 4.956945203330247793e-16
7.404071068830395234e+03 4.777303857921841831e-16
7.407112479015062490e+03 4.637571997592601399e-16
7.410153889199728837e+03 4.623375290767399609e-16
7.413195299384395184e+03 4.710780993615658978e-16
7.416236709569062441e+03 4.912258249332666659e-16
7.419278119753729698e+03 4.935540522061450364e-16
7.422319529938396954e+03 4.866768657836221039e-16
7.425360940123064211e+03 4.769385885880045269e-16
7.428402350307731467e+03 4.719601961170594302e-16
7.431443760492397814e+03 4.538656961092966026e-16
7.434485170677064161e+03 4.529479788752646659e-16
7.437526580861731418e+03 4.620624743824438950e-16
7.440567991046398674e+03 4.560229514413994714e-16
7.443609401231065931e+03 4.486068454324824231e-16
7.446650811415733187e+03 4.373849593303477749e-16
7.449692221600400444e+03 4.348285046510045636e-16
7.452733631785066791e+03 4.438801027710642505e-16
7.455775041969734048e+03 4.389716238399100423e-16
7.458816452154400395e+03 4.203081705823024146e-16
7.461857862339067651e+03 4.464313289515105700e-16
7.464899272523734908e+03 4.400889818490689134e-16
7.467940682708402164e+03 4.607378285388916166e-16
7.470982092893069421e+03 4.348205558038427365e-16
7.474023503077735768e+03 4.247884656857973879e-16
7.477064913262403024e+03 4.244950457743879207e-16
7.480106323447069371e+03 4.357694906501482664e-16
7.483147733631736628e+03 4.398021236942880590e-16
7.486189143816403885e+03 4.304991554527903808e-16
7.489230554001071141e+03 4.314810935076449818e-16
7.492271964185738398e+03 4.197599826461983534e-16
7.495313374370404745e+03 4.070311291115444421e-16
7.498354784555072001e+03 3.982083146737613205e-16
7.501396194739738348e+03 4.109646817412238054e-16
7.504437604924405605e+03 4.136211958163583144e-16
7.507479015109072861e+03 4.115329917329252707e-16
7.510520425293740118e+03 4.130988248039347967e-16
7.513561835478407374e+03 4.031713382845789757e-16
7.516603245663073722e+03 3.960064949172329995e-16
7.519644655847740978e+03 3.978422203182008182e-16
7.522686066032407325e+03 4.014813795437839556e-16
7.525727476217074582e+03 4.016535984781867552e-16
7.528768886401741838e+03 4.137427612829312842e-16
7.531810296586409095e+03 4.040775698904086765e-16
7.534851706771076351e+03 4.074785384755968873e-16
7.537893116955742698e+03 4.061651587513988822e-16
7.540934527140409955e+03 4.051537009160295833e-16
7.543975937325076302e+03 3.925724865595354440e-16
7.547017347509743558e+03 4.073259983442916811e-16
7.550058757694410815e+03 3.958305295422255136e-16
7.553100167879078072e+03 3.859262490236437455e-16
7.556141578063745328e+03 4.117544266134550669e-16
7.559182988248411675e+03 4.035545046127914186e-16
7.562224398433078932e+03 3.827859535211194460e-16
7.565265808617745279e+03 3.859904682167483208e-16
7.568307218802412535e+03 3.951248375658173434e-16
7.571348628987079792e+03 4.046709999000534374e-16
7.574390039171747048e+03 3.926446522860951953e-16
7.577431449356414305e+03 3.783979765598072381e-16
7.580472859541080652e+03 3.841560757065769257e-16
7.583514269725747909e+03 3.899347803321227521e-16
7.586555679910414256e+03 3.738632814909153354e-16
7.589597090095081512e+03 3.822854202327117305e-16
7.592638500279748769e+03 3.483495218838892472e-16
7.595679910464416025e+03 3.344002506437746181e-16
7.598721320649083282e+03 3.334298551855451662e-16
7.601762730833749629e+03 2.955306812466468655e-16
7.604804141018416885e+03 2.679938889662966693e-16
7.607845551203083232e+03 2.956563054668864203e-16
7.610886961387750489e+03 3.369125086735334719e-16
7.613928371572417745e+03 3.467868689398739215e-16
7.616969781757085002e+03 3.733908726439128610e-16
7.620011191941752259e+03 3.500719358998665358e-16
7.623052602126418606e+03 3.086384749084292731e-16
7.626094012311085862e+03 3.222747102883324559e-16
7.629135422495752209e+03 3.000792960357830122e-16
7.632176832680419466e+03 3.280831036271745362e-16
7.635218242865086722e+03 3.479193834769230317e-16
7.638259653049753979e+03 3.556281885146557765e-16
7.641301063234421235e+03 3.490747764340479527e-16
7.644342473419088492e+03 3.477493145185775221e-16
7.647383883603754839e+03 3.501339103595705589e-16
7.650425293788421186e+03 3.418334878412153141e-16
7.653466703973088443e+03 3.509501129218682110e-16
7.656508114157755699e+03 3.705477971226704528e-16
7.659549524342422956e+03 3.491121416440211580e-16
7.662590934527090212e+03 3.509206466043578695e-16
7.665632344711757469e+03 3.553183587851279001e-16
7.668673754896423816e+03 3.428500583970475866e-16
7.671715165081090163e+03 3.544103786062714216e-16
7.674756575265757419e+03 3.577468410552985500e-16
7.677797985450424676e+03 3.486345471347453971e-16
7.680839395635091932e+03 3.517864883339912771e-16
7.683880805819759189e+03 3.441599229398883843e-16
7.686922216004426446e+03 3.503753170900233085e-16
7.689963626189092793e+03 3.391520209807878348e-16
7.693005036373760049e+03 3.330262510227202437e-16
7.696046446558426396e+03 3.362473038181011129e-16
7.699087856743093653e+03 3.161425655344506771e-16
7.702129266927760909e+03 3.101129806671264345e-16
7.705170677112428166e+03 3.402097271148075622e-16
7.708212087297095422e+03 3.329938782643040156e-16
7.711253497481761769e+03 3.241636241017969227e-16
7.714294907666429026e+03 3.441626497588981948e-16
7.717336317851095373e+03 3.434025386073709460e-16
7.720377728035762630e+03 3.342319244335435454e-16
7.723419138220429886e+03 3.286083019476698559e-16
7.726460548405097143e+03 3.327259949816336578e-16
7.729501958589764399e+03 3.383125598138677286e-16
7.732543368774430746e+03 3.514823488446421229e-16
7.735584778959098003e+03 3.310600192109842274e-16
7.738626189143764350e+03 3.331293851038474875e-16
7.741667599328431606e+03 3.334174655892888240e-16
7.744709009513098863e+03 3.235568652234478079e-16
7.747750419697766119e+03 3.113848027111436664e-16
7.750791829882433376e+03 3.117504932035343051e-16
7.753833240067099723e+03 3.157496423918427014e-16
7.756874650251766980e+03 3.183480815179241191e-16
7.759916060436433327e+03 3.211980112738993163e-16
7.762957470621100583e+03 3.337856250051475593e-16
7.765998880805767840e+03 3.543674264926350738e-16
7.769040290990435096e+03 3.628292024068268660e-16
7.772081701175102353e+03 3.659201712693902076e-16
7.775123111359768700e+03 3.482121775410245580e-16
7.778164521544435956e+03 3.397618365277006708e-16
7.781205931729102304e+03 3.481910865575490058e-16
7.784247341913769560e+03 3.714553089111929598e-16
7.787288752098436817e+03 3.554780814126093383e-16
7.790330162283104073e+03 3.549847523448244374e-16
7.793371572467771330e+03 3.534679823998690187e-16
7.796412982652437677e+03 3.569138548443279260e-16
7.799454392837104933e+03 3.598377860477415859e-16
7.802495803021771280e+03 3.683046087435001290e-16
7.805537213206438537e+03 3.686584510639186499e-16
7.808578623391105793e+03 3.699843705301738417e-16
7.811620033575773050e+03 3.688144538805383443e-16
7.814661443760440307e+03 3.740830778556613356e-16
7.817702853945106654e+03 3.558472677128980798e-16
7.820744264129773910e+03 3.610708369007520341e-16
7.823785674314440257e+03 3.755511899970702114e-16
7.826827084499107514e+03 3.718093782490116308e-16
7.829868494683774770e+03 3.557353614788208252e-16
7.832909904868442027e+03 3.500098769431260911e-16
7.835951315053109283e+03 3.578121467660963698e-16
7.838992725237775630e+03 3.566852240210774127e-16
7.842034135422442887e+03 3.560699449099151372e-16
7.845075545607109234e+03 3.764549943282402911e-16
7.848116955791776491e+03 3.711217086640743037e-16
7.851158365976443747e+03 3.552851593720781426e-16
7.854199776161111004e+03 3.580690576916450702e-16
7.857241186345778260e+03 3.669906591903809133e-16
7.860282596530444607e+03 3.758094117614135889e-16
7.863324006715111864e+03 3.695369782583496759e-16
7.866365416899778211e+03 3.803467286579980172e-16
7.869406827084445467e+03 3.812469821123694628e-16
7.872448237269112724e+03 3.724240047936674288e-16
7.875489647453779980e+03 3.690366802512140209e-16
7.878531057638447237e+03 3.752940776945930387e-16
7.881572467823114494e+03 3.783511064194413298e-16
7.884613878007780841e+03 3.810111798625649362e-16
7.887655288192447188e+03 3.899619455596566543e-16
7.890696698377114444e+03 3.788475337576107163e-16
7.893738108561781701e+03 3.760371879352805360e-16
7.896779518746448957e+03 3.885024954920357652e-16
7.899820928931116214e+03 3.752737641481512579e-16
7.902862339115782561e+03 3.794457589429505035e-16
7.905903749300449817e+03 3.636223524339333927e-16
7.908945159485117074e+03 3.559432373900488435e-16
7.911986569669783421e+03 3.556165037556492169e-16
7.915027979854450678e+03 3.671002471883187333e-16
7.918069390039117934e+03 3.535963366461413793e-16
7.921110800223785191e+03 3.691045140405063589e-16
7.924152210408451538e+03 3.722113774886613433e-16
7.927193620593118794e+03 3.514297771459117104e-16
7.930235030777786051e+03 3.420009944359732329e-16
7.933276440962452398e+03 3.418424895711077589e-16
7.936317851147119654e+03 3.305324735385707496e-16
7.939359261331786911e+03 3.426769962641964172e-16
7.942400671516454167e+03 3.271734619950558707e-16
7.945442081701120514e+03 3.364508145219388781e-16
7.948483491885787771e+03 3.212671916482167433e-16
7.951524902070455028e+03 3.383139024657028980e-16
7.954566312255121375e+03 3.692509976614672575e-16
7.957607722439788631e+03 3.189006597486289742e-16
7.960649132624455888e+03 3.198471679331283477e-16
7.963690542809123144e+03 3.134571800056217525e-16
7.966731952993789491e+03 3.073984023896932515e-16
7.969773363178456748e+03 3.167971974283101966e-16
7.972814773363124004e+03 3.340892447089055033e-16
7.975856183547791261e+03 3.420786126744895068e-16
7.978897593732457608e+03 3.392235099959405978e-16
7.981939003917124865e+03 3.476199182397451250e-16
7.984980414101792121e+03 3.459194955921622847e-16
7.988021824286458468e+03 3.314655132414367171e-16
7.991063234471125725e+03 3.252536462307208252e-16
7.994104644655792981e+03 3.167986190362219513e-16
7.997146054840460238e+03 3.285763330986029156e-16
8.000187465025126585e+03 3.386169230911960577e-16
8.003228875209793841e+03 3.259442125875251114e-16
8.006270285394461098e+03 3.260054655258012580e-16
8.009311695579127445e+03 3.084152244995706154e-16
8.012353105763794701e+03 3.096880119497105732e-16
8.015394515948461958e+03 2.926964441160584811e-16
8.018435926133129215e+03 2.939361367022320219e-16
8.021477336317795562e+03 3.074333878919232353e-16
8.024518746502462818e+03 3.393905944841998657e-16
8.027560156687130075e+03 3.329842736121318730e-16
8.030601566871796422e+03 3.075794204233974906e-16
8.033642977056463678e+03 3.148597804004793815e-16
8.036684387241130935e+03 3.177208090392606665e-16
8.039725797425798191e+03 3.144588809014059062e-16
8.042767207610464538e+03 3.200868838237876920e-16
8.045808617795131795e+03 3.129877286200101673e-16
8.048850027979799052e+03 2.853873271068781462e-16
8.051891438164465399e+03 2.952514811899287794e-16
8.054932848349132655e+03 2.974290436414927819e-16
8.057974258533799912e+03 2.953896601365088946e-16
8.061015668718467168e+03 2.941065827687999502e-16
8.064057078903133515e+03 3.041732282381717909e-16
8.067098489087800772e+03 2.975659913868838873e-16
8.070139899272468028e+03 2.954145200661799836e-16
8.073181309457134375e+03 2.886386242129847764e-16
8.076222719641801632e+03 3.088050181191305223e-16
8.079264129826468888e+03 3.089269507500107675e-16
8.082305540011136145e+03 3.142059529985201272e-16
8.085346950195802492e+03 3.010761027610547960e-16
8.088388360380469749e+03 2.845806290267291680e-16
8.091429770565137005e+03 2.802513547591549190e-16
8.094471180749803352e+03 2.912371321008639910e-16
8.097512590934470609e+03 2.764841206495214017e-16
8.100554001119137865e+03 2.830271701827191210e-16
8.103595411303805122e+03 2.931872586203267367e-16
8.106636821488471469e+03 2.831804439785768525e-16
8.109678231673138725e+03 2.655229021815200336e-16
8.112719641857805982e+03 2.765197017280178674e-16
8.115761052042473239e+03 2.767863265311311708e-16
8.118802462227139586e+03 2.855421078955501584e-16
8.121843872411806842e+03 3.056446774615114947e-16
8.124885282596474099e+03 2.849976138294370430e-16
8.127926692781140446e+03 2.836518767958536263e-16
8.130968102965807702e+03 2.862434515788055209e-16
8.134009513150474959e+03 2.818068614706889274e-16
8.137050923335142215e+03 2.748660513460927626e-16
8.140092333519808562e+03 2.908280804933049819e-16
8.143133743704475819e+03 2.993750098055843982e-16
8.146175153889143076e+03 2.827741876322305345e-16
8.149216564073809423e+03 2.739632261221139420e-16
8.152257974258476679e+03 2.811349406565864764e-16
8.155299384443143936e+03 2.925038964776290275e-16
8.158340794627811192e+03 2.803601213542533051e-16
8.161382204812477539e+03 2.691263806811271159e-16
8.164423614997144796e+03 2.842910209903925758e-16
8.167465025181812052e+03 2.812649107173254821e-16
8.170506435366478399e+03 2.671276742961363315e-16
8.173547845551145656e+03 2.584774746561420617e-16
8.176589255735812912e+03 2.822690982636513899e-16
8.179630665920480169e+03 2.824040469046129753e-16
8.182672076105146516e+03 2.748816239980115037e-16
8.185713486289813773e+03 2.620025862338460468e-16
8.188754896474481029e+03 2.637425482017784582e-16
8.191796306659147376e+03 2.658849072992185775e-16
8.194837716843814633e+03 2.585565676773104725e-16
8.197879127028481889e+03 2.645323192544986447e-16
8.200920537213149146e+03 2.648411429980580035e-16
8.203961947397816402e+03 2.712134869311391252e-16
8.207003357582481840e+03 2.528151905920217806e-16
8.210044767767150915e+03 2.727637596732292916e-16
8.213086177951816353e+03 2.608071158835690986e-16
8.216127588136483610e+03 2.760784061078288080e-16
8.219168998321150866e+03 2.887906846554728684e-16
8.222210408505818123e+03 2.840629440091539591e-16
8.225251818690485379e+03 2.875913085686148121e-16
8.228293228875150817e+03 2.677654723261564910e-16
8.231334639059819892e+03 2.412312684509159065e-16
8.234376049244485330e+03 2.466443331005478355e-16
8.237417459429152586e+03 2.683133041116467859e-16
8.240458869613819843e+03 2.763799873393724567e-16
8.243500279798487099e+03 2.815292408958685559e-16
8.246541689983154356e+03 2.757820465071553854e-16
8.249583100167819794e+03 2.687444305946335346e-16
8.252624510352488869e+03 2.736780062490343415e-16
8.255665920537154307e+03 2.768656339879078743e-16
8.258707330721821563e+03 2.734347624183901387e-16
8.261748740906488820e+03 2.844843883149161317e-16
8.264790151091156076e+03 2.775802505155058307e-16
8.267831561275823333e+03 2.987948230198707151e-16
8.270872971460488770e+03 2.734424577793140646e-16
8.273914381645157846e+03 2.724323662440813140e-16
8.276955791829823283e+03 2.815596161348655081e-16
8.279997202014490540e+03 2.808635969098012255e-16
8.283038612199157797e+03 2.629569750078731174e-16
8.286080022383825053e+03 2.641330637144063052e-16
8.289121432568492310e+03 2.532592706858160784e-16
8.292162842753157747e+03 2.496182661668021121e-16
8.295204252937826823e+03 2.558174624290147428e-16
8.298245663122492260e+03 2.455951849885116868e-16
8.301287073307159517e+03 2.483504252737534251e-16
8.304328483491826773e+03 2.410801229102136782e-16
8.307369893676494030e+03 2.349713231865294826e-16
8.310411303861161286e+03 2.266725863228811542e-16
8.313452714045826724e+03 2.609089492940945491e-16
8.316494124230495800e+03 2.587029102525885403e-16
8.319535534415161237e+03 2.443941788888121560e-16
8.322576944599828494e+03 2.479431027654617282e-16
8.325618354784495750e+03 2.339151477389591803e-16
8.328659764969163007e+03 2.295699586246110113e-16
8.331701175153830263e+03 2.353307456571026293e-16
8.334742585338495701e+03 2.345135532666344434e-16
8.337783995523164776e+03 2.341999605411665156e-16
8.340825405707830214e+03 2.518452997941727282e-16
8.343866815892497470e+03 2.528988565943861387e-16
8.346908226077164727e+03 2.273552029883667141e-16
8.349949636261831984e+03 2.204566369421525497e-16
8.352991046446499240e+03 2.296077979897813027e-16
8.356032456631164678e+03 2.242146879847400802e-16
8.359073866815833753e+03 2.182832296561886358e-16
8.362115277000499191e+03 2.036165768595532835e-16
8.365156687185166447e+03 1.990358407953112340e-16
8.368198097369833704e+03 1.951184244201945720e-16
8.371239507554500960e+03 1.956086746809512016e-16
8.374280917739168217e+03 1.958484378842367453e-16
8.377322327923833654e+03 1.781271950222667671e-16
8.380363738108502730e+03 1.787704894525801111e-16
8.383405148293168168e+03 1.691704448533619640e-16
8.386446558477835424e+03 1.757382166796019370e-16
8.389487968662502681e+03 1.586918317507672132e-16
8.392529378847169937e+03 1.389005320038116445e-16
8.395570789031837194e+03 1.547740137419788777e-16
8.398612199216502631e+03 1.526082718732878951e-16
8.401653609401171707e+03 1.623855627103917398e-16
8.404695019585837144e+03 1.291560477851648692e-16
8.407736429770504401e+03 1.146764463768060089e-16
8.410777839955171657e+03 1.273936810310256609e-16
8.413819250139838914e+03 1.176766741417027723e-16
8.416860660324506171e+03 1.165917867255346831e-16
8.419902070509171608e+03 1.080151464307887035e-16
8.422943480693840684e+03 1.326148966556827451e-16
8.425984890878506121e+03 1.201487075276162956e-16
8.429026301063173378e+03 1.076062739223691820e-16
8.432067711247840634e+03 1.443643687861683064e-16
8.435109121432507891e+03 1.193524907344813724e-16
8.438150531617175147e+03 1.089599520689767263e-16
8.441191941801840585e+03 1.245530141066516299e-16
8.444233351986509660e+03 1.251974663630974406e-16
8.447274762171175098e+03 1.304499879082059184e-16
8.450316172355842355e+03 1.274584775144350032e-16
8.453357582540509611e+03 1.358979897528963142e-16
8.456398992725176868e+03 1.450963709538424554e-16
8.459440402909844124e+03 1.383263086749797672e-16
8.462481813094509562e+03 1.418181421274522720e-16
8.465523223279178637e+03 1.704843119518170307e-16
8.468564633463844075e+03 1.675232452213101603e-16
8.471606043648511331e+03 1.683192878930553909e-16
8.474647453833178588e+03 1.642277367935058826e-16
8.477688864017845845e+03 1.811535881509233646e-16
8.480730274202513101e+03 2.067422083937677500e-16
8.483771684387178539e+03 1.835850013579517485e-16
8.486813094571847614e+03 1.860376604558922958e-16
8.489854504756513052e+03 1.984578200089754350e-16
8.492895914941182127e+03 1.999287777806298959e-16
8.495937325125847565e+03 2.057346906500305671e-16
8.498978735310514821e+03 2.351420570437865383e-16
8.502020145495182078e+03 2.273287482100707272e-16
8.505061555679847515e+03 2.212718885065446065e-16
8.508102965864516591e+03 2.462169650889476559e-16
8.511144376049182029e+03 2.578551681231175269e-16
8.514185786233851104e+03 2.415959434088533169e-16
8.517227196418516542e+03 2.420287309785024675e-16
8.520268606603183798e+03 2.466793276967698352e-16
8.523310016787851055e+03 2.313415813522879347e-16
8.526351426972516492e+03 2.281688998598925039e-16
8.529392837157185568e+03 2.649016028183710308e-16
8.532434247341851005e+03 2.590240061613733852e-16
8.535475657526520081e+03 2.674029078447442315e-16
8.538517067711185518e+03 2.668287195564575057e-16
8.541558477895852775e+03 2.345375170252430602e-16
8.544599888080520032e+03 2.209238413220506080e-16
8.547641298265185469e+03 2.352634022503607556e-16
8.550682708449854545e+03 2.241057146001795462e-16
8.553724118634519982e+03 2.099174457581812011e-16
8.556765528819189058e+03 2.336029011355342708e-16
8.559806939003854495e+03 2.414613531447089363e-16
8.562848349188521752e+03 2.266930369793508036e-16
8.565889759373189008e+03 2.253343510696074896e-16
8.568931169557854446e+03 2.269114492012533448e-16
8.571972579742523521e+03 2.373120990205362694e-16
8.575013989927188959e+03 2.241932580781580365e-16
8.578055400111858035e+03 2.283388523076762421e-16
8.581096810296523472e+03 2.337387710717997255e-16
8.584138220481190729e+03 2.334143335927137465e-16
8.587179630665857985e+03 2.190494961040350666e-16
8.590221040850523423e+03 2.174537068183814427e-16
8.593262451035192498e+03 2.275186099420573294e-16
8.596303861219857936e+03 2.443529740716873932e-16
8.599345271404527011e+03 2.522570860528263989e-16
8.602386681589192449e+03 2.407468288693858606e-16
8.605428091773859705e+03 2.507319504271868443e-16
8.608469501958526962e+03 2.480151789454753594e-16
8.611510912143194219e+03 2.537507330077593420e-16
8.614552322327861475e+03 2.734988182068521806e-16
8.617593732512526913e+03 2.913254286162221351e-16
8.620635142697195988e+03 2.545903470201569620e-16
8.623676552881861426e+03 3.051640410088072325e-16
8.626717963066528682e+03 3.190420366558907592e-16
8.629759373251195939e+03 3.441939087842750835e-16
8.632800783435863195e+03 3.313022097045753636e-16
8.635842193620530452e+03 3.513129505874531243e-16
8.638883603805195889e+03 3.565143152028047604e-16
8.641925013989864965e+03 3.260451419254957063e-16
8.644966424174530403e+03 3.453616710670578312e-16
8.648007834359197659e+03 3.730100650645670906e-16
8.651049244543864916e+03 3.810728814595271969e-16
8.654090654728532172e+03 3.793915114105770864e-16
8.657132064913199429e+03 4.111887283142941893e-16
8.660173475097864866e+03 4.333713787919740835e-16
8.663214885282533942e+03 4.303964739490091910e-16
8.666256295467199379e+03 4.649162154187608560e-16
8.669297705651866636e+03 4.565354370042190178e-16
8.672339115836533892e+03 4.411321887016595224e-16
8.675380526021201149e+03 4.371218860482625268e-16
8.678421936205868406e+03 4.670965541940241325e-16
8.681463346390533843e+03 4.504631982880351091e-16
8.684504756575202919e+03 4.482028710693547394e-16
8.687546166759868356e+03 4.854667958821870583e-16
8.690587576944535613e+03 4.802302353025667844e-16
8.693628987129202869e+03 4.487397422851008962e-16
8.696670397313870126e+03 4.857638103535285404e-16
8.699711807498537382e+03 4.729900635816101542e-16
8.702753217683202820e+03 4.756194274315350876e-16
8.705794627867871895e+03 4.903777121834500479e-16
8.708836038052537333e+03 4.570407078062122345e-16
8.711877448237204590e+03 4.669659910090567396e-16
8.714918858421871846e+03 4.792716220754439351e-16
8.717960268606539103e+03 4.504182132572230043e-16
8.721001678791206359e+03 4.492041236799613093e-16
8.724043088975871797e+03 4.389010098644364801e-16
8.727084499160540872e+03 4.678571807944865570e-16
8.730125909345206310e+03 4.809161178201948370e-16
8.733167319529873566e+03 4.538584774498331017e-16
8.736208729714540823e+03 4.636192519681910620e-16
8.739250139899208079e+03 4.517192481389493377e-16
8.742291550083875336e+03 4.558485920538008057e-16
8.745332960268540774e+03 4.527610162930731853e-16
8.748374370453209849e+03 4.696008905469999145e-16
8.751415780637875287e+03 4.620393365371496403e-16
8.754457190822542543e+03 4.710329806983998980e-16
8.757498601007209800e+03 4.533706604108275068e-16
8.760540011191877056e+03 4.558635839353032508e-16
8.763581421376544313e+03 4.694264479794627224e-16
8.766622831561209750e+03 5.121734345847578888e-16
8.769664241745878826e+03 4.609628237004090328e-16
8.772705651930544263e+03 3.947489593216148687e-16
8.775747062115211520e+03 4.260821510172656414e-16
8.778788472299878777e+03 4.623773901180342083e-16
8.781829882484546033e+03 4.162748854640326518e-16
8.784871292669213290e+03 4.314594645817145037e-16
8.787912702853878727e+03 4.480400954135879020e-16
8.790954113038547803e+03 4.369815129974411686e-16
8.793995523223213240e+03 4.314541297193145491e-16
8.797036933407880497e+03 4.364942770403880789e-16
8.800078343592547753e+03 4.436904101220967775e-16
8.803119753777215010e+03 4.342895340586599608e-16
8.806161163961882266e+03 3.980990979901790021e-16
8.809202574146547704e+03 4.154018290153653847e-16
8.812243984331216780e+03 4.529899203637262165e-16
8.815285394515882217e+03 4.213692300375003000e-16
8.818326804700549474e+03 4.158314770116866437e-16
8.821368214885216730e+03 4.430629731760319072e-16
8.824409625069883987e+03 4.142629159766727303e-16
8.827451035254551243e+03 4.130161284280287496e-16
8.830492445439216681e+03 4.267879454632444205e-16
8.833533855623885756e+03 4.246540433269585183e-16
8.836575265808551194e+03 4.172957446124986289e-16
8.839616675993218450e+03 3.840366934331991089e-16
8.842658086177885707e+03 3.638236017182070968e-16
8.845699496362552964e+03 3.784573396173247840e-16
8.848740906547220220e+03 4.046725873076315884e-16
8.851782316731885658e+03 3.787667322832163258e-16
8.854823726916554733e+03 3.847437140194643717e-16
8.857865137101220171e+03 3.600715352345583448e-16
8.860906547285887427e+03 3.784926757414766681e-16
8.863947957470554684e+03 3.597875959967936589e-16
8.866989367655221940e+03 3.307789601188957970e-16
8.870030777839889197e+03 3.515689000590472370e-16
8.873072188024554634e+03 3.781997909372040297e-16
8.876113598209223710e+03 3.565832480714469202e-16
8.879155008393889148e+03 3.508203950062338520e-16
8.882196418578556404e+03 3.487597090262959429e-16
8.885237828763223661e+03 3.635389273673084016e-16
8.888279238947890917e+03 3.780230839440659597e-16
8.891320649132558174e+03 3.301723326928465372e-16
8.894362059317223611e+03 3.220915708454849831e-16
8.897403469501892687e+03 3.368641497397620423e-16
8.900444879686558124e+03 3.510606066649319303e-16
8.903486289871225381e+03 3.412269314132355214e-16
8.906527700055892637e+03 3.046931551428589637e-16
8.909569110240559894e+03 2.974922079654362913e-16
8.912610520425227151e+03 3.074767754943543864e-16
8.915651930609892588e+03 3.193087784895772728e-16
8.918693340794561664e+03 3.068883834265311734e-16
8.921734750979227101e+03 3.468845305125307212e-16
8.924776161163894358e+03 3.210738895029695078e-16
8.927817571348561614e+03 2.932230069904722868e-16
8.930858981533228871e+03 3.266721066567732726e-16
8.933900391717896127e+03 3.365667854690775017e-16
8.936941801902561565e+03 2.859023052364859059e-16
8.939983212087230640e+03 3.024562015359205464e-16
8.943024622271896078e+03 2.790408224922426318e-16
8.946066032456563335e+03 3.099588669575622993e-16
8.949107442641230591e+03 3.193415825967344525e-16
8.952148852825897848e+03 3.106868016761415860e-16
8.955190263010565104e+03 2.661192147670690633e-16
8.958231673195230542e+03 2.689614024991332687e-16
8.961273083379899617e+03 2.865789796368529120e-16
8.964314493564565055e+03 2.902369002161959344e-16
8.967355903749232311e+03 2.828180992266457094e-16
8.970397313933899568e+03 2.864711733454228579e-16
8.973438724118566824e+03 2.741283383946107002e-16
8.976480134303234081e+03 2.610597994712628055e-16
8.979521544487899519e+03 2.587502924830357538e-16
8.982562954672568594e+03 2.724853571485811666e-16
8.985604364857234032e+03 2.566818101064307776e-16
8.988645775041903107e+03 2.520658971197711843e-16
8.991687185226568545e+03 2.765643400094023927e-16
8.994728595411235801e+03 2.904647491038810037e-16
8.997770005595903058e+03 2.622113472205351567e-16
9.000811415780568495e+03 2.777104061315810387e-16
9.003852825965237571e+03 2.295496748529669888e-16
9.006894236149903008e+03 2.292615081466854181e-16
9.009935646334572084e+03 2.334988433804854814e-16
9.012977056519237522e+03 2.248949392377871514e-16
9.016018466703904778e+03 2.197734842756227380e-16
9.019059876888572035e+03 2.255129521165905762e-16
9.022101287073237472e+03 2.248115177726862113e-16
9.025142697257906548e+03 2.026445337325886047e-16
9.028184107442571985e+03 2.073323280976103633e-16
9.031225517627241061e+03 2.271556032368464545e-16
9.034266927811906498e+03 2.188655089507758138e-16
9.037308337996573755e+03 1.802261130708769748e-16
9.040349748181241011e+03 2.060803080863396100e-16
9.043391158365906449e+03 2.171668528010216166e-16
9.046432568550575525e+03 1.863422718888373321e-16
9.049473978735240962e+03 1.996969228334552593e-16
9.052515388919910038e+03 1.750693307936390853e-16
9.055556799104575475e+03 1.926220595500541623e-16
9.058598209289242732e+03 2.027342761756828064e-16
9.061639619473909988e+03 2.056743013689624549e-16
9.064681029658575426e+03 1.910917354587969401e-16
9.067722439843244501e+03 1.855622754833631418e-16
9.070763850027909939e+03 1.934060429877847390e-16
9.073805260212579014e+03 1.960013678299947459e-16
9.076846670397244452e+03 1.958745651937937218e-16
9.079888080581911709e+03 2.112124859565202555e-16
9.082929490766578965e+03 2.151374436914072557e-16
9.085970900951244403e+03 2.150076809815804041e-16
9.089012311135913478e+03 2.174481275569690745e-16
9.092053721320578916e+03 2.119883709786317665e-16
9.095095131505247991e+03 2.087097310765915282e-16
9.098136541689913429e+03 2.211811744446768172e-16
9.101177951874580685e+03 2.507982980594092367e-16
9.104219362059247942e+03 2.545969811339743742e-16
9.107260772243915198e+03 2.433889986862956654e-16
9.110302182428582455e+03 2.478588096725719076e-16
9.113343592613247893e+03 2.537236153565253400e-16
9.116385002797916968e+03 2.396299576890651282e-16
9.119426412982582406e+03 2.255808593667704575e-16
9.122467823167249662e+03 2.228885469835696684e-16
9.125509233351916919e+03 2.176497651328169011e-16
9.128550643536584175e+03 2.684007038466057844e-16
9.131592053721251432e+03 2.540408132575571630e-16
9.134633463905916869e+03 3.250786768051136198e-16
9.137674874090585945e+03 3.666181609255231343e-16
9.140716284275251382e+03 3.152335756096148396e-16
9.143757694459918639e+03 2.529641646496122059e-16
9.146799104644585896e+03 2.445453759760584799e-16
9.149840514829253152e+03 2.306286699234570782e-16
9.152881925013920409e+03 2.357470110592306849e-16
9.155923335198585846e+03 2.660978224053745790e-16
9.158964745383254922e+03 2.575322816309923050e-16
9.162006155567920359e+03 2.556983133578803197e-16
9.165047565752587616e+03 2.262843889339213912e-16
9.168088975937254872e+03 2.266360468142587876e-16
9.171130386121922129e+03 2.295575537177413807e-16
9.174171796306589385e+03 2.083971534482145198e-16
9.177213206491254823e+03 2.494802708158103795e-16
9.180254616675923899e+03 2.457914521068696209e-16
9.183296026860589336e+03 2.610209607017260650e-16
9.186337437045256593e+03 2.527536252772207629e-16
9.189378847229923849e+03 2.532392273532841386e-16
9.192420257414591106e+03 2.274604972725839355e-16
9.195461667599258362e+03 2.110217542787521953e-16
9.198503077783923800e+03 2.259487326209511958e-16
9.201544487968592875e+03 2.500707014588620287e-16
9.204585898153258313e+03 2.769857888183297110e-16
9.207627308337925570e+03 2.650125089721298035e-16
9.210668718522592826e+03 2.471872885909599464e-16
9.213710128707260083e+03 2.353353590199829033e-16
9.216751538891927339e+03 2.509414416883953748e-16
9.219792949076592777e+03 2.599226083868264005e-16
9.222834359261261852e+03 2.492677071074348329e-16
9.225875769445927290e+03 2.556395874659602811e-16
9.228917179630594546e+03 2.289592334615884761e-16
9.231958589815261803e+03 2.321150176865036024e-16
9.234999999999929059e+03 2.348328053030049738e-16
