3.742800000000000182e+03 1.794968398996067607e-16
3.744622995075948438e+03 2.801360458728179164e-16
3.746445990151896694e+03 3.807628120750980545e-16
3.748268985227844951e+03 4.813771363574413441e-16
3.750091980303793207e+03 5.819790009020820926e-16
3.751914975379741463e+03 1.524245578649712187e-16
3.753737970455690174e+03 5.262842879670352990e-16
3.755560965531638431e+03 4.900177171653843730e-16
3.757383960607586687e+03 4.537556698027664248e-16
3.759206955683534943e+03 4.174981098723203726e-16
3.761029950759483199e+03 3.812450325743273023e-16
3.762852945835431456e+03 3.449964019696188288e-16
3.764675940911379712e+03 3.087522756549205794e-16
3.766498935987327968e+03 2.725126177465085181e-16
3.768321931063276224e+03 2.362774235593925053e-16
3.770144926139224481e+03 2.000466728564478592e-16
3.771967921215173192e+03 1.638203921706761320e-16
3.773790916291121448e+03 1.275985535307097652e-16
3.775613911367069704e+03 1.790669936059105241e-17
3.777436906443017961e+03 -8.434307031732978387e-17
3.779259901518966217e+03 -1.865803222148695861e-16
3.781082896594914473e+03 2.096002406215332029e-16
3.782905891670862729e+03 4.216828411233738836e-16
3.784728886746810986e+03 4.048348117424297896e-16
3.786551881822759242e+03 3.879888538375014662e-16
3.788374876898707498e+03 3.711472074902981310e-16
3.790197871974655754e+03 3.543054171956997845e-16
3.792020867050604465e+03 3.374656609160275329e-16
3.793843862126552722e+03 3.206279677115611714e-16
3.795666857202500978e+03 3.037923355133231563e-16
3.797489852278449234e+03 2.869587622646790042e-16
3.799312847354397491e+03 2.701272459212606734e-16
3.801135842430345747e+03 2.532978000150945534e-16
3.802958837506294003e+03 5.648754121559602521e-18
3.804781832582242259e+03 7.559340757018792724e-17
3.806604827658190516e+03 1.455295659819018490e-16
3.808427822734138772e+03 2.154572539751105617e-16
3.810250817810087483e+03 2.853764718042352413e-16
3.812073812886035739e+03 2.433863343739896822e-16
3.813896807961983995e+03 7.790717922020241904e-16
3.815719803037932252e+03 8.531630347564371138e-16
3.817542798113880508e+03 6.193233749923566847e-16
3.819365793189828764e+03 8.973676291693995357e-16
3.821188788265777021e+03 7.278861481246933146e-16
3.823011783341725277e+03 3.881894489337430140e-16
3.824834778417673533e+03 2.001489343167984368e-16
3.826657773493621789e+03 6.230448378426104556e-16
3.828480768569570500e+03 3.354030433470220731e-16
3.830303763645518757e+03 4.126244957546786420e-16
3.832126758721467013e+03 5.077023382890417708e-16
3.833949753797415269e+03 2.372464213445633333e-16
3.835772748873363525e+03 5.409616268493272331e-16
3.837595743949311782e+03 1.258226500878437121e-17
3.839418739025260038e+03 3.992697785626291345e-16
3.841241734101208294e+03 1.947688894061510180e-16
3.843064729177156551e+03 1.320960625744165385e-16
3.844887724253104807e+03 1.706392453313171042e-16
3.846710719329053063e+03 2.091778270765690984e-16
3.848533714405001774e+03 2.477117962918153058e-16
3.850356709480950030e+03 2.862411414386858990e-16
3.852179704556898287e+03 3.247658820348562546e-16
3.854002699632846543e+03 3.632860531078709240e-16
3.855825694708794799e+03 4.018015964379651417e-16
3.857648689784743055e+03 4.403125470081123741e-16
3.859471684860691312e+03 1.229743061370555086e-15
3.861294679936639568e+03 1.049422189892709002e-15
3.863117675012587824e+03 1.272678049304578249e-15
3.864940670088536081e+03 8.927017888967815382e-16
3.866763665164484792e+03 1.131753184132761936e-15
3.868586660240433048e+03 3.820046173594747853e-16
3.870409655316381304e+03 5.716520792450923094e-16
3.872232650392329560e+03 9.354170795660064530e-16
3.874055645468277817e+03 7.602952123837013162e-16
3.875878640544226073e+03 9.348246529260983105e-16
3.877701635620174329e+03 1.391895516077163944e-15
3.879524630696122586e+03 1.002934612752428456e-15
3.881347625772070842e+03 1.125849466178535552e-15
3.883170620848019098e+03 1.614949803796213423e-15
3.884993615923967809e+03 1.068200633678838600e-15
3.886816610999916065e+03 1.233434783000752272e-15
3.888639606075864322e+03 1.113412226900942652e-15
3.890462601151812578e+03 1.019791968789261796e-15
3.892285596227760834e+03 7.351545188277638366e-16
3.894108591303709090e+03 8.962408480844356778e-16
3.895931586379657347e+03 1.230255198537421780e-15
3.897754581455605603e+03 1.006445651793213770e-15
3.899577576531553859e+03 1.024550615620998741e-15
3.901400571607502116e+03 1.648450154178936182e-15
3.903223566683450372e+03 1.390057779024705581e-15
3.905046561759399083e+03 1.355280527855522954e-15
3.906869556835347339e+03 1.609037068777203026e-15
3.908692551911295595e+03 1.696241816784570406e-15
3.910515546987243852e+03 1.131120010574846418e-15
3.912338542063192108e+03 1.521809233313738927e-15
3.914161537139140364e+03 1.319426534532831501e-15
3.915984532215088620e+03 9.724572588570722183e-16
3.917807527291036877e+03 1.552362332532673257e-15
3.919630522366985133e+03 1.377483102753871300e-15
3.921453517442933389e+03 1.598002621166351413e-15
3.923276512518881646e+03 1.705861076180495712e-15
3.925099507594830357e+03 2.238778192091797608e-15
3.926922502670778613e+03 1.816103320816618022e-15
3.928745497746726869e+03 1.374574450932849080e-15
3.930568492822675125e+03 1.558615056285145306e-15
3.932391487898623382e+03 1.696074670462408090e-15
3.934214482974571638e+03 1.588234035752609628e-15
3.936037478050519894e+03 1.551490042993636895e-15
3.937860473126468150e+03 1.829944865311492598e-15
3.939683468202416407e+03 2.160736061653341624e-15
3.941506463278365118e+03 1.380721163608626135e-15
3.943329458354313374e+03 1.816984732061752002e-15
3.945152453430261630e+03 2.182234658379832258e-15
3.946975448506209887e+03 1.853627541878327668e-15
3.948798443582158143e+03 1.747606985140475975e-15
3.950621438658106399e+03 2.130768197740265772e-15
3.952444433734054655e+03 1.668494325926754611e-15
3.954267428810002912e+03 1.970218681395383846e-15
3.956090423885951168e+03 1.687646950517012019e-15
3.957913418961899424e+03 1.515615278237226237e-15
3.959736414037847680e+03 1.899888991692741653e-15
3.961559409113796391e+03 1.900067228858065301e-15
3.963382404189744648e+03 1.704553768940811422e-15
3.965205399265692904e+03 2.038406899124549867e-15
3.967028394341641160e+03 2.124243515183831944e-15
3.968851389417589417e+03 1.979211076048512375e-15
3.970674384493537673e+03 2.117973343664081184e-15
3.972497379569485929e+03 1.780004337695451077e-15
3.974320374645434185e+03 1.788431164234667207e-15
3.976143369721382442e+03 2.033905011789274250e-15
3.977966364797330698e+03 2.077621787111508584e-15
3.979789359873278954e+03 1.630485278896030042e-15
3.981612354949227665e+03 1.725171513655099156e-15
3.983435350025175921e+03 2.138113082209361737e-15
3.985258345101124178e+03 2.052268605511900885e-15
3.987081340177072434e+03 1.774499940346106365e-15
3.988904335253020690e+03 1.784654928042988560e-15
3.990727330328968947e+03 2.061539226869765719e-15
3.992550325404917203e+03 2.068409950333036986e-15
3.994373320480865459e+03 1.744509202480334257e-15
3.996196315556813715e+03 1.550631470077790408e-15
3.998019310632761972e+03 1.671571667388697405e-15
3.999842305708710683e+03 1.807201681443202837e-15
4.001665300784658939e+03 1.817458647120994540e-15
4.003488295860607195e+03 2.038027175935588069e-15
4.005311290936555451e+03 1.867528638642174395e-15
4.007134286012503708e+03 1.757414025765944850e-15
4.008957281088451964e+03 1.914887934841845437e-15
4.010780276164400220e+03 1.605551828601697792e-15
4.012603271240348477e+03 1.829450742158150718e-15
4.014426266316296733e+03 1.754209808910982052e-15
4.016249261392244989e+03 1.576287281431380735e-15
4.018072256468193700e+03 1.712743919461673808e-15
4.019895251544141956e+03 1.530588902822923060e-15
4.021718246620090213e+03 1.410366313940034770e-15
4.023541241696038469e+03 1.435604961179671858e-15
4.025364236771986725e+03 1.571538761205266182e-15
4.027187231847934981e+03 1.863490526864245299e-15
4.029010226923883238e+03 1.891853760988685564e-15
4.030833221999831494e+03 1.739053665836796687e-15
4.032656217075779750e+03 1.626707641330939684e-15
4.034479212151728007e+03 1.605204819851083425e-15
4.036302207227676263e+03 1.848243460467011179e-15
4.038125202303624974e+03 1.793346926385351377e-15
4.039948197379573230e+03 1.690762211498207868e-15
4.041771192455521486e+03 1.710956381579744607e-15
4.043594187531469743e+03 1.760746747919763793e-15
4.045417182607417999e+03 1.503184521916947459e-15
4.047240177683366255e+03 1.561134792891427765e-15
4.049063172759314511e+03 1.750859384525063855e-15
4.050886167835262768e+03 1.566461125165741463e-15
4.052709162911211024e+03 1.683178883528993984e-15
4.054532157987159735e+03 1.877678955617581813e-15
4.056355153063107537e+03 1.916254602224966295e-15
4.058178148139056248e+03 1.530867741215622800e-15
4.060001143215004504e+03 1.780538292198038885e-15
4.061824138290952760e+03 1.866307523233795062e-15
4.063647133366901016e+03 1.596264322234409505e-15
4.065470128442849273e+03 1.516643011597397164e-15
4.067293123518797529e+03 1.767530641805227749e-15
4.069116118594745785e+03 1.747475570565864479e-15
4.070939113670694042e+03 1.688283034299398173e-15
4.072762108746642298e+03 1.548200760992702222e-15
4.074585103822591009e+03 1.497521844888845148e-15
4.076408098898539265e+03 1.608338835244813153e-15
4.078231093974487521e+03 1.555179686097507682e-15
4.080054089050435778e+03 1.554746028888295201e-15
4.081877084126384034e+03 1.541649253560124977e-15
4.083700079202332290e+03 1.448313643654733011e-15
4.085523074278280546e+03 1.516280351440371458e-15
4.087346069354228803e+03 1.452252286248162806e-15
4.089169064430177059e+03 1.517953219377721231e-15
4.090992059506125315e+03 1.405126280441752933e-15
4.092815054582073572e+03 1.525694149746775639e-15
4.094638049658022283e+03 1.484377352685028465e-15
4.096461044733970084e+03 1.383868510636040813e-15
4.098284039809918795e+03 1.554353817138528557e-15
4.100107034885866597e+03 1.570726603876637227e-15
4.101930029961815308e+03 1.664300036748562300e-15
4.103753025037764019e+03 1.788997230037141727e-15
4.105576020113711820e+03 1.645332889375619480e-15
4.107399015189660531e+03 1.390599486322089905e-15
4.109222010265608333e+03 1.344404507219106049e-15
4.111045005341557044e+03 1.495151508184638942e-15
4.112868000417504845e+03 1.650780212181061895e-15
4.114690995493453556e+03 1.572434335486786937e-15
4.116513990569401358e+03 1.442924621462813316e-15
4.118336985645350069e+03 1.522280094132767677e-15
4.120159980721297870e+03 1.599191343650667831e-15
4.121982975797246581e+03 1.403170139521452574e-15
4.123805970873195292e+03 1.360778040290098819e-15
4.125628965949143094e+03 1.540345375873839090e-15
4.127451961025091805e+03 1.381944878627102214e-15
4.129274956101039606e+03 1.300498930974670116e-15
4.131097951176988317e+03 1.327391107168181297e-15
4.132920946252936119e+03 1.410682165475073615e-15
4.134743941328884830e+03 1.432567673171826044e-15
4.136566936404832632e+03 1.342254873099653188e-15
4.138389931480781343e+03 1.415601580835393521e-15
4.140212926556729144e+03 1.378122809222167848e-15
4.142035921632677855e+03 1.276247322309263954e-15
4.143858916708626566e+03 1.302734977029114983e-15
4.145681911784574368e+03 1.367688331653723085e-15
4.147504906860523079e+03 1.313611447480628531e-15
4.149327901936470880e+03 1.341406288034489863e-15
4.151150897012419591e+03 1.352863798587435059e-15
4.152973892088367393e+03 1.273235419656745117e-15
4.154796887164316104e+03 1.292261604383586777e-15
4.156619882240263905e+03 1.318545409751237384e-15
4.158442877316212616e+03 1.340909877706801220e-15
4.160265872392161327e+03 1.296283013243887633e-15
4.162088867468109129e+03 1.271278665839812706e-15
4.163911862544057840e+03 1.272158251924292730e-15
4.165734857620005641e+03 1.238737928904040738e-15
4.167557852695954352e+03 1.280776686552853249e-15
4.169380847771902154e+03 1.306616889615692297e-15
4.171203842847850865e+03 1.322203424195714145e-15
4.173026837923798666e+03 1.252391130448474344e-15
4.174849832999747377e+03 1.198517185992740933e-15
4.176672828075695179e+03 1.175217628680389363e-15
4.178495823151643890e+03 1.191879855762951932e-15
4.180318818227592601e+03 1.208301303459122622e-15
4.182141813303540403e+03 1.192059517877364606e-15
4.183964808379489114e+03 1.271766024533583309e-15
4.185787803455436915e+03 1.158892880063430981e-15
4.187610798531385626e+03 1.195236384579048174e-15
4.189433793607333428e+03 1.135360694052998759e-15
4.191256788683282139e+03 1.042307417838253539e-15
4.193079783759229940e+03 1.107930083654736589e-15
4.194902778835178651e+03 1.134358847830715900e-15
4.196725773911126453e+03 1.025634960604275103e-15
4.198548768987075164e+03 1.011581412308587342e-15
4.200371764063023875e+03 1.176758336703963733e-15
4.202194759138971676e+03 1.087757698827945935e-15
4.204017754214920387e+03 1.078191963348391815e-15
4.205840749290868189e+03 1.102185243144721757e-15
4.207663744366816900e+03 1.143532715411395469e-15
4.209486739442764701e+03 1.100596003766104897e-15
4.211309734518713412e+03 1.111713937692260149e-15
4.213132729594661214e+03 1.126355849561703342e-15
4.214955724670609925e+03 1.090995134907036358e-15
4.216778719746558636e+03 1.110313152497173428e-15
4.218601714822506437e+03 1.104487615366897789e-15
4.220424709898455149e+03 1.028881717056793837e-15
4.222247704974402950e+03 1.024045882702362245e-15
4.224070700050351661e+03 1.091022240744570623e-15
4.225893695126299463e+03 1.131218532528525937e-15
4.227716690202248174e+03 1.031578743496844202e-15
4.229539685278195975e+03 9.779353994456853009e-16
4.231362680354144686e+03 1.012653589464743224e-15
4.233185675430092488e+03 9.871375890360432747e-16
4.235008670506041199e+03 9.808932475547866432e-16
4.236831665581989910e+03 1.043833476025172875e-15
4.238654660657937711e+03 1.094822602272502015e-15
4.240477655733886422e+03 1.039938535522830937e-15
4.242300650809834224e+03 1.001807284795906004e-15
4.244123645885782935e+03 1.039167634315043233e-15
4.245946640961730736e+03 1.021864741910716109e-15
4.247769636037679447e+03 1.080091694508376416e-15
4.249592631113627249e+03 1.027806662446057928e-15
4.251415626189575960e+03 1.112543759599722355e-15
4.253238621265523761e+03 1.064777116741791118e-15
4.255061616341472472e+03 9.679011774595704791e-16
4.256884611417421183e+03 1.077031931672847705e-15
4.258707606493368985e+03 1.093950922040330148e-15
4.260530601569317696e+03 1.106760723346728122e-15
4.262353596645265498e+03 1.135436297328556310e-15
4.264176591721214209e+03 1.040518940137316809e-15
4.265999586797162010e+03 1.102697939243568306e-15
4.267822581873110721e+03 1.168489290188968978e-15
4.269645576949058523e+03 1.109424167699098069e-15
4.271468572025007234e+03 1.106776742397153842e-15
4.273291567100955945e+03 1.084007789413573859e-15
4.275114562176903746e+03 1.128399232157445134e-15
4.276937557252852457e+03 1.186587714347396709e-15
4.278760552328800259e+03 1.163951865083593194e-15
4.280583547404748970e+03 1.152686538232059403e-15
4.282406542480696771e+03 1.204500117744850915e-15
4.284229537556645482e+03 1.191548502634595723e-15
4.286052532632593284e+03 1.214429806908304948e-15
4.287875527708541995e+03 1.228579470814631053e-15
4.289698522784489796e+03 1.163936772242184208e-15
4.291521517860438507e+03 1.140931111223768186e-15
4.293344512936386309e+03 1.103175687053486681e-15
4.295167508012335020e+03 1.153903085076645441e-15
4.296990503088283731e+03 1.193913158749226652e-15
4.298813498164231532e+03 1.167990355520046699e-15
4.300636493240180243e+03 1.198333476392967090e-15
4.302459488316128045e+03 1.218711479509477382e-15
4.304282483392076756e+03 1.252859115930054554e-15
4.306105478468024558e+03 1.275022727636157452e-15
4.307928473543973269e+03 1.241331314316048087e-15
4.309751468619921070e+03 1.201952186600534620e-15
4.311574463695869781e+03 1.211536286368677456e-15
4.313397458771818492e+03 1.290271235350748990e-15
4.315220453847766294e+03 1.284961947059958914e-15
4.317043448923715005e+03 1.262402736967054312e-15
4.318866443999662806e+03 1.344227450157905517e-15
4.320689439075611517e+03 1.315700253515313304e-15
4.322512434151559319e+03 1.211413850795201763e-15
4.324335429227508030e+03 1.288155988822401796e-15
4.326158424303455831e+03 1.280131595713104291e-15
4.327981419379404542e+03 1.311816938552764110e-15
4.329804414455353253e+03 1.262850310235954355e-15
4.331627409531301055e+03 1.308680602370649775e-15
4.333450404607249766e+03 1.237324417009357262e-15
4.335273399683197567e+03 1.295209962120027794e-15
4.337096394759146278e+03 1.227186162853569064e-15
4.338919389835094080e+03 1.223592481961565135e-15
4.340742384911042791e+03 1.284053962923812076e-15
4.342565379986990592e+03 1.264577229453782293e-15
4.344388375062939303e+03 1.268122819349397687e-15
4.346211370138887105e+03 1.264285300192555758e-15
4.348034365214835816e+03 1.264766517217493602e-15
4.349857360290783618e+03 1.279400662649438972e-15
4.351680355366732329e+03 1.269250899772993542e-15
4.353503350442681040e+03 1.279981734032956743e-15
4.355326345518628841e+03 1.294997691217054961e-15
4.357149340594577552e+03 1.347663913573698243e-15
4.358972335670525354e+03 1.324640938118730028e-15
4.360795330746474065e+03 1.308267339546946870e-15
4.362618325822421866e+03 1.305286957519246541e-15
4.364441320898370577e+03 1.278717191024732794e-15
4.366264315974318379e+03 1.265816575728065715e-15
4.368087311050267090e+03 1.267607662544349691e-15
4.369910306126215801e+03 1.241680357820145027e-15
4.371733301202163602e+03 1.168595402094989874e-15
4.373556296278112313e+03 1.107598130382691644e-15
4.375379291354060115e+03 1.164600509412568158e-15
4.377202286430008826e+03 1.147719867723247898e-15
4.379025281505956627e+03 1.211253690385063160e-15
4.380848276581905338e+03 1.253487731874175538e-15
4.382671271657853140e+03 1.229238900967564754e-15
4.384494266733801851e+03 1.191640525783489233e-15
4.386317261809750562e+03 1.108807323860480615e-15
4.388140256885698363e+03 1.113684350967983794e-15
4.389963251961647074e+03 1.163232118439616153e-15
4.391786247037594876e+03 1.124501701747830514e-15
4.393609242113543587e+03 1.123502367840921605e-15
4.395432237189491389e+03 1.157966916633957657e-15
4.397255232265440100e+03 1.117834559006887061e-15
4.399078227341387901e+03 1.080633479550703812e-15
4.400901222417336612e+03 1.141189063979638280e-15
4.402724217493284414e+03 1.113772999719379303e-15
4.404547212569233125e+03 1.067077078684649885e-15
4.406370207645180926e+03 1.119092714123317884e-15
4.408193202721129637e+03 1.166983686946087717e-15
4.410016197797078348e+03 1.090426698375867386e-15
4.411839192873026150e+03 1.113393558871032645e-15
4.413662187948974861e+03 1.041613410764132636e-15
4.415485183024922662e+03 1.061947587090791294e-15
4.417308178100871373e+03 1.062260165729124609e-15
4.419131173176819175e+03 1.089279798685796641e-15
4.420954168252767886e+03 1.000953924355863031e-15
4.422777163328715687e+03 1.062079130247298085e-15
4.424600158404664398e+03 1.136210429222852791e-15
4.426423153480613109e+03 1.116885809034728158e-15
4.428246148556560911e+03 1.115498104613406514e-15
4.430069143632509622e+03 1.145068939370430110e-15
4.431892138708457423e+03 1.081579968198974269e-15
4.433715133784406135e+03 1.058027799610957427e-15
4.435538128860353936e+03 1.124332412254015055e-15
4.437361123936302647e+03 1.103900369105051683e-15
4.439184119012250449e+03 1.072751771637114166e-15
4.441007114088199160e+03 1.090654745901478901e-15
4.442830109164147871e+03 1.104845775566774244e-15
4.444653104240095672e+03 1.052894566295631267e-15
4.446476099316044383e+03 1.106591203118726566e-15
4.448299094391992185e+03 1.116319774262033052e-15
4.450122089467940896e+03 1.078545688625916252e-15
4.451945084543888697e+03 1.119047937108575588e-15
4.453768079619837408e+03 1.120908692063445700e-15
4.455591074695785210e+03 1.088778871987756445e-15
4.457414069771733921e+03 1.066415987280852877e-15
4.459237064847681722e+03 1.108934379962794614e-15
4.461060059923630433e+03 1.097353253789892675e-15
4.462883054999578235e+03 1.076928923589878912e-15
4.464706050075526946e+03 1.108450741998077349e-15
4.466529045151475657e+03 1.129037439616934241e-15
4.468352040227423458e+03 1.118819597140622166e-15
4.470175035303372169e+03 1.105532719967522738e-15
4.471998030379319971e+03 1.105149620730118270e-15
4.473821025455268682e+03 1.111812956758944534e-15
4.475644020531216484e+03 1.110163443317007117e-15
4.477467015607165195e+03 1.150135863090270442e-15
4.479290010683112996e+03 1.165535880170988515e-15
4.481113005759061707e+03 1.160075400418838547e-15
4.482936000835010418e+03 1.143993866675373494e-15
4.484758995910958220e+03 1.145714163902579577e-15
4.486581990986906931e+03 1.180321568151477951e-15
4.488404986062854732e+03 1.199253338490322868e-15
4.490227981138803443e+03 1.214184715111087865e-15
4.492050976214751245e+03 1.221976511630062560e-15
4.493873971290699956e+03 1.194348491284825297e-15
4.495696966366647757e+03 1.203466788339989541e-15
4.497519961442596468e+03 1.230445963267234129e-15
4.499342956518545179e+03 1.265938210252101746e-15
4.501165951594492981e+03 1.297036148392945159e-15
4.502988946670440782e+03 1.293759182380187700e-15
4.504811941746389493e+03 1.227800750269566409e-15
4.506634936822338204e+03 1.293396634963920547e-15
4.508457931898286006e+03 1.316747375570251799e-15
4.510280926974234717e+03 1.309214768704909852e-15
4.512103922050182518e+03 1.285919909426666558e-15
4.513926917126131229e+03 1.259409664256975807e-15
4.515749912202079031e+03 1.267490263109880164e-15
4.517572907278027742e+03 1.302536330424283642e-15
4.519395902353975544e+03 1.297945283106511151e-15
4.521218897429924255e+03 1.303292910353129631e-15
4.523041892505872966e+03 1.345675732704029196e-15
4.524864887581820767e+03 1.300581714733151638e-15
4.526687882657769478e+03 1.272510571549355496e-15
4.528510877733717280e+03 1.316065035379102305e-15
4.530333872809665991e+03 1.352842489012503775e-15
4.532156867885613792e+03 1.380660237064796081e-15
4.533979862961562503e+03 1.368535909747203305e-15
4.535802858037510305e+03 1.370187818603788263e-15
4.537625853113459016e+03 1.445669872532806264e-15
4.539448848189407727e+03 1.444730489360391401e-15
4.541271843265355528e+03 1.401355928925569179e-15
4.543094838341304239e+03 1.422240108514303935e-15
4.544917833417252041e+03 1.445101013501634213e-15
4.546740828493200752e+03 1.473033515459276746e-15
4.548563823569148553e+03 1.448025574339493856e-15
4.550386818645097264e+03 1.486294966805123225e-15
4.552209813721045066e+03 1.492464775466477046e-15
4.554032808796993777e+03 1.476991600481962333e-15
4.555855803872942488e+03 1.495886092445387800e-15
4.557678798948890289e+03 1.484580099952658226e-15
4.559501794024838091e+03 1.477676362686786334e-15
4.561324789100786802e+03 1.515983326724364571e-15
4.563147784176735513e+03 1.492200744949809054e-15
4.564970779252683315e+03 1.494825012130401494e-15
4.566793774328632026e+03 1.530574175855754513e-15
4.568616769404579827e+03 1.498295654872898439e-15
4.570439764480528538e+03 1.566222886812480220e-15
4.572262759556476340e+03 1.573617495822772829e-15
4.574085754632425051e+03 1.545674656144841172e-15
4.575908749708372852e+03 1.519526181866098157e-15
4.577731744784321563e+03 1.544800528023449522e-15
4.579554739860270274e+03 1.565513147744424506e-15
4.581377734936218076e+03 1.555070280808552049e-15
4.583200730012166787e+03 1.553632093648587377e-15
4.585023725088114588e+03 1.633117661657226592e-15
4.586846720164063299e+03 1.577853634202757573e-15
4.588669715240011101e+03 1.539147859517628284e-15
4.590492710315959812e+03 1.528558428322564021e-15
4.592315705391907613e+03 1.540289228477510452e-15
4.594138700467856324e+03 1.551420347509192409e-15
4.595961695543805035e+03 1.573688746165424810e-15
4.597784690619752837e+03 1.559827364700714877e-15
4.599607685695701548e+03 1.575942337188708879e-15
4.601430680771649349e+03 1.574232926396197628e-15
4.603253675847598060e+03 1.585388329852230000e-15
4.605076670923545862e+03 1.594352643819711126e-15
4.606899665999494573e+03 1.586049151986442440e-15
4.608722661075442375e+03 1.596808888608403028e-15
4.610545656151391086e+03 1.576244911282331517e-15
4.612368651227339797e+03 1.586748143615960242e-15
4.614191646303287598e+03 1.558520061246244154e-15
4.616014641379235400e+03 1.581047164380445055e-15
4.617837636455184111e+03 1.589448051151770624e-15
4.619660631531132822e+03 1.584072388550544690e-15
4.621483626607080623e+03 1.573699165338846786e-15
4.623306621683029334e+03 1.611765038307279884e-15
4.625129616758977136e+03 1.570682321202246987e-15
4.626952611834925847e+03 1.570334979092902956e-15
4.628775606910873648e+03 1.594013605496656751e-15
4.630598601986822359e+03 1.543804231359928544e-15
4.632421597062770161e+03 1.502669199549470460e-15
4.634244592138718872e+03 1.505101788960531411e-15
4.636067587214667583e+03 1.505620775759024073e-15
4.637890582290615384e+03 1.505749639999461335e-15
4.639713577366564095e+03 1.498477236279926769e-15
4.641536572442511897e+03 1.530636987380910510e-15
4.643359567518460608e+03 1.510687180748290987e-15
4.645182562594408409e+03 1.498149175465618886e-15
4.647005557670357121e+03 1.506150863292133171e-15
4.648828552746304922e+03 1.482574966302065650e-15
4.650651547822253633e+03 1.486565684583140065e-15
4.652474542898202344e+03 1.442802144699136639e-15
4.654297537974150146e+03 1.438888593049855826e-15
4.656120533050098857e+03 1.467816938971157958e-15
4.657943528126046658e+03 1.489698535918348672e-15
4.659766523201995369e+03 1.486948432375707785e-15
4.661589518277943171e+03 1.476005925038351894e-15
4.663412513353891882e+03 1.462192167043451490e-15
4.665235508429839683e+03 1.453898470883901583e-15
4.667058503505788394e+03 1.465652161219146731e-15
4.668881498581736196e+03 1.461356809266644460e-15
4.670704493657684907e+03 1.414862539666202595e-15
4.672527488733632708e+03 1.433796995854868739e-15
4.674350483809581419e+03 1.443042438225932909e-15
4.676173478885530130e+03 1.398102402296830590e-15
4.677996473961477932e+03 1.431720470558771908e-15
4.679819469037426643e+03 1.435933930554404470e-15
4.681642464113374444e+03 1.370810200271330924e-15
4.683465459189323155e+03 1.370526006868432768e-15
4.685288454265270957e+03 1.368515518699247665e-15
4.687111449341219668e+03 1.389868331803635941e-15
4.688934444417167470e+03 1.359507208337058519e-15
4.690757439493116181e+03 1.339578533622998556e-15
4.692580434569064892e+03 1.352522655816834752e-15
4.694403429645012693e+03 1.314877106982718373e-15
4.696226424720961404e+03 1.350437297221394644e-15
4.698049419796909206e+03 1.329939278364636915e-15
4.699872414872857917e+03 1.314646993616496654e-15
4.701695409948805718e+03 1.280983200691530435e-15
4.703518405024754429e+03 1.255589709518661540e-15
4.705341400100702231e+03 1.255907745027433961e-15
4.707164395176650942e+03 1.287395982168900394e-15
4.708987390252599653e+03 1.259985777723194940e-15
4.710810385328547454e+03 1.265255320670593526e-15
4.712633380404496165e+03 1.234218559627389272e-15
4.714456375480443967e+03 1.222173133922065676e-15
4.716279370556392678e+03 1.182465301060910358e-15
4.718102365632340479e+03 1.159721681801916802e-15
4.719925360708289190e+03 1.204133986761965380e-15
4.721748355784236992e+03 1.170849668232385313e-15
4.723571350860185703e+03 1.141726174565682782e-15
4.725394345936133504e+03 1.101549963638674893e-15
4.727217341012082215e+03 1.132894194292306363e-15
4.729040336088030017e+03 1.117561597688642545e-15
4.730863331163978728e+03 1.097177539437309521e-15
4.732686326239927439e+03 1.097788534134882972e-15
4.734509321315875241e+03 1.070824217764572454e-15
4.736332316391823952e+03 1.084404708637528324e-15
4.738155311467771753e+03 1.047827668643990441e-15
4.739978306543720464e+03 1.033825364602783019e-15
4.741801301619668266e+03 1.002498374169405510e-15
4.743624296695616977e+03 1.008499946095919026e-15
4.745447291771564778e+03 1.029644799658368231e-15
4.747270286847513489e+03 1.010343654015999261e-15
4.749093281923462200e+03 1.002906768093613050e-15
4.750916276999410002e+03 1.029814593900995496e-15
4.752739272075358713e+03 1.024607861035374898e-15
4.754562267151306514e+03 1.056881085979999664e-15
4.756385262227255225e+03 1.027242549580277521e-15
4.758208257303203027e+03 1.020461476108582829e-15
4.760031252379151738e+03 1.038261992815231253e-15
4.761854247455099539e+03 1.036300909805173574e-15
4.763677242531048250e+03 1.041756965979631873e-15
4.765500237606996961e+03 1.079950976339014224e-15
4.767323232682944763e+03 1.071510744807319339e-15
4.769146227758892564e+03 1.077370227790698350e-15
4.770969222834841275e+03 1.098641288666797465e-15
4.772792217910789986e+03 1.087734139300116364e-15
4.774615212986737788e+03 1.093416201530807681e-15
4.776438208062686499e+03 1.080695757269546872e-15
4.778261203138634301e+03 1.070639777776942262e-15
4.780084198214583012e+03 1.108649521143052418e-15
4.781907193290531723e+03 1.114768733925733163e-15
4.783730188366479524e+03 1.084910873208102604e-15
4.785553183442427326e+03 1.049877612797644565e-15
4.787376178518376037e+03 1.054013712109784298e-15
4.789199173594324748e+03 1.062555557317815202e-15
4.791022168670272549e+03 1.065846191150770419e-15
4.792845163746221260e+03 1.074609451085116654e-15
4.794668158822169062e+03 1.054407104508536144e-15
4.796491153898117773e+03 1.066858129871795594e-15
4.798314148974065574e+03 1.066341374380099529e-15
4.800137144050014285e+03 1.076977848086148100e-15
4.801960139125962087e+03 1.079072882917009499e-15
4.803783134201910798e+03 1.042486032236236299e-15
4.805606129277859509e+03 1.041309391319404835e-15
4.807429124353807310e+03 1.036936022031735489e-15
4.809252119429756021e+03 1.042582077477824423e-15
4.811075114505703823e+03 1.063130015407527692e-15
4.812898109581652534e+03 1.062250760727601237e-15
4.814721104657600335e+03 1.073975546318145910e-15
4.816544099733549047e+03 1.086961627996214728e-15
4.818367094809496848e+03 1.092591144180285622e-15
4.820190089885445559e+03 1.100722107610858901e-15
4.822013084961394270e+03 1.111323439529122273e-15
4.823836080037342072e+03 1.096238749615179913e-15
4.825659075113289873e+03 1.106760102164069740e-15
4.827482070189238584e+03 1.101783258565374928e-15
4.829305065265187295e+03 1.110972957950147546e-15
4.831128060341135097e+03 1.164525488705566459e-15
4.832951055417083808e+03 1.147317895788653296e-15
4.834774050493031609e+03 1.156938938359297521e-15
4.836597045568980320e+03 1.153154576537182423e-15
4.838420040644929031e+03 1.202329592874424969e-15
4.840243035720876833e+03 1.187319482200240970e-15
4.842066030796824634e+03 1.211991435293870346e-15
4.843889025872773345e+03 1.193720679825590619e-15
4.845712020948722056e+03 1.177584410531369105e-15
4.847535016024669858e+03 1.201502109160231844e-15
4.849358011100618569e+03 1.196992982872313757e-15
4.851181006176566370e+03 1.196926558376699911e-15
4.853004001252515081e+03 1.197947107434946979e-15
4.854826996328462883e+03 1.208705916329391965e-15
4.856649991404411594e+03 1.223254354806242462e-15
4.858472986480359396e+03 1.200493212956994145e-15
4.860295981556308107e+03 1.195137378268755217e-15
4.862118976632256818e+03 1.189491156109632177e-15
4.863941971708204619e+03 1.202678960077029744e-15
4.865764966784153330e+03 1.186753558029242597e-15
4.867587961860101132e+03 1.193906286035638080e-15
4.869410956936049843e+03 1.195838777812466962e-15
4.871233952011997644e+03 1.172816620873330368e-15
4.873056947087946355e+03 1.161665147206855823e-15
4.874879942163894157e+03 1.174657776711250568e-15
4.876702937239842868e+03 1.162056590414022223e-15
4.878525932315791579e+03 1.160858314700444272e-15
4.880348927391739380e+03 1.155411978442013727e-15
4.882171922467687182e+03 1.150991615785473830e-15
4.883994917543635893e+03 1.134973358873323974e-15
4.885817912619584604e+03 1.165633486478611430e-15
4.887640907695532405e+03 1.169259223800024957e-15
4.889463902771481116e+03 1.124973140011408351e-15
4.891286897847428918e+03 1.124700034765386562e-15
4.893109892923377629e+03 1.122454606347426378e-15
4.894932887999326340e+03 1.102541746691253928e-15
4.896755883075274141e+03 1.075304756828138873e-15
4.898578878151221943e+03 1.073151736441724732e-15
4.900401873227170654e+03 1.075457902362053185e-15
4.902224868303119365e+03 1.078448648768143060e-15
4.904047863379067167e+03 1.122691731562689465e-15
4.905870858455015878e+03 1.133372830100779937e-15
4.907693853530963679e+03 1.133089450437052941e-15
4.909516848606912390e+03 1.127427760453014290e-15
4.911339843682860192e+03 1.133934393908781396e-15
4.913162838758808903e+03 1.140741202373112763e-15
4.914985833834756704e+03 1.147377147791633633e-15
4.916808828910705415e+03 1.168900314278984352e-15
4.918631823986654126e+03 1.181685236145550624e-15
4.920454819062601928e+03 1.192271562486210573e-15
4.922277814138549729e+03 1.175042567879466343e-15
4.924100809214498440e+03 1.184147929431999146e-15
4.925923804290447151e+03 1.178921017621251717e-15
4.927746799366394953e+03 1.197992864611772996e-15
4.929569794442343664e+03 1.205531514605927898e-15
4.931392789518291465e+03 1.220099368880135387e-15
4.933215784594240176e+03 1.210194040060541042e-15
4.935038779670188887e+03 1.210278950156110059e-15
4.936861774746136689e+03 1.205898569319718297e-15
4.938684769822084490e+03 1.217829812382795331e-15
4.940507764898033201e+03 1.198816300583910601e-15
4.942330759973981912e+03 1.207086867935256597e-15
4.944153755049929714e+03 1.218498284122787159e-15
4.945976750125878425e+03 1.215142788849189941e-15
4.947799745201826227e+03 1.213752475005784913e-15
4.949622740277774938e+03 1.232362776779148435e-15
4.951445735353723649e+03 1.227318627536187262e-15
4.953268730429671450e+03 1.197675833466961370e-15
4.955091725505619252e+03 1.219020798214351504e-15
4.956914720581567963e+03 1.256943838245030579e-15
4.958737715657516674e+03 1.226072247740025733e-15
4.960560710733464475e+03 1.226578007817385236e-15
4.962383705809413186e+03 1.232720580932391520e-15
4.964206700885360988e+03 1.225017199436950574e-15
4.966029695961309699e+03 1.243139789993995348e-15
4.967852691037257500e+03 1.245328802495563922e-15
4.969675686113206211e+03 1.211676623978098357e-15
4.971498681189154013e+03 1.203884853244475907e-15
4.973321676265102724e+03 1.232319015750186659e-15
4.975144671341051435e+03 1.256468296513708504e-15
4.976967666416999236e+03 1.286815507618013486e-15
4.978790661492947038e+03 1.264804840407749461e-15
4.980613656568895749e+03 1.248412538180423142e-15
4.982436651644844460e+03 1.234448101114926028e-15
4.984259646720792261e+03 1.256555006814910554e-15
4.986082641796740972e+03 1.243468621884790573e-15
4.987905636872688774e+03 1.274934489368879693e-15
4.989728631948637485e+03 1.266352041049272750e-15
4.991551627024586196e+03 1.253064534178937265e-15
4.993374622100533998e+03 1.229829771575505457e-15
4.995197617176481799e+03 1.202649868149669704e-15
4.997020612252430510e+03 1.165780234697633105e-15
4.998843607328379221e+03 1.135172723804222519e-15
5.000666602404327023e+03 1.175439574405121079e-15
5.002489597480275734e+03 1.208704083854638013e-15
5.004312592556223535e+03 1.239034965773267919e-15
5.006135587632172246e+03 1.277755149097255551e-15
5.007958582708120957e+03 1.251479551062481902e-15
5.009781577784068759e+03 1.248004499166219919e-15
5.011604572860016560e+03 1.221431677518170330e-15
5.013427567935965271e+03 1.209027600688529122e-15
5.015250563011913982e+03 1.206400726376522943e-15
5.017073558087861784e+03 1.188162648922911487e-15
5.018896553163810495e+03 1.177012188933974167e-15
5.020719548239758296e+03 1.151116339254726742e-15
5.022542543315707007e+03 1.151188621088307504e-15
5.024365538391654809e+03 1.136545376525152261e-15
5.026188533467603520e+03 1.125990673771899428e-15
5.028011528543551321e+03 1.120607049805409135e-15
5.029834523619500033e+03 1.095963039920255441e-15
5.031657518695448744e+03 1.097673056956110962e-15
5.033480513771396545e+03 1.101052560479224467e-15
5.035303508847344347e+03 1.092757253784723027e-15
5.037126503923293058e+03 1.063386428544675837e-15
5.038949498999241769e+03 1.066550332748974446e-15
5.040772494075189570e+03 1.018782582245862039e-15
5.042595489151138281e+03 9.453099152477013254e-16
5.044418484227086083e+03 8.819769653459602157e-16
5.046241479303034794e+03 8.056418797132039664e-16
5.048064474378983505e+03 8.558857419989297203e-16
5.049887469454931306e+03 9.628786793340842700e-16
5.051710464530879108e+03 1.030920779717092444e-15
5.053533459606827819e+03 1.050538453056264272e-15
5.055356454682776530e+03 1.057631547051477462e-15
5.057179449758724331e+03 1.064988161812520847e-15
5.059002444834673042e+03 1.070200840555487019e-15
5.060825439910620844e+03 1.067303141794298676e-15
5.062648434986569555e+03 1.062017957493696037e-15
5.064471430062517356e+03 1.086619980043095173e-15
5.066294425138466067e+03 1.065611414031499015e-15
5.068117420214413869e+03 1.066323229534581877e-15
5.069940415290362580e+03 1.073586530187032404e-15
5.071763410366311291e+03 1.084021662614103906e-15
5.073586405442259093e+03 1.080297652970998328e-15
5.075409400518207804e+03 1.070978458743370001e-15
5.077232395594155605e+03 1.080827895814996495e-15
5.079055390670104316e+03 1.079364768160882798e-15
5.080878385746052118e+03 1.079852562286653669e-15
5.082701380822000829e+03 1.099574876786323403e-15
5.084524375897948630e+03 1.105079862046834344e-15
5.086347370973897341e+03 1.104841417468833253e-15
5.088170366049846052e+03 1.104649222781921193e-15
5.089993361125793854e+03 1.106687499990752084e-15
5.091816356201741655e+03 1.101456858020753834e-15
5.093639351277690366e+03 1.099570730470747129e-15
5.095462346353639077e+03 1.128398155837465674e-15
5.097285341429586879e+03 1.123337499570743590e-15
5.099108336505535590e+03 1.117028973180716473e-15
5.100931331581483391e+03 1.103809551235284555e-15
5.102754326657432102e+03 1.100425541164079666e-15
5.104577321733380813e+03 1.131126835025229033e-15
5.106400316809328615e+03 1.148773618777370385e-15
5.108223311885276416e+03 1.129139363873927050e-15
5.110046306961225127e+03 1.115681491685074287e-15
5.111869302037173838e+03 1.132290354742339924e-15
5.113692297113121640e+03 1.129539816719984437e-15
5.115515292189070351e+03 1.113648440724879105e-15
5.117338287265018153e+03 1.130925476905491194e-15
5.119161282340966864e+03 1.148837520942123563e-15
5.120984277416914665e+03 1.150531895743226126e-15
5.122807272492863376e+03 1.136284060154026724e-15
5.124630267568811178e+03 1.128592363113868317e-15
5.126453262644759889e+03 1.143515131288085397e-15
5.128276257720708600e+03 1.164333495448697664e-15
5.130099252796656401e+03 1.151602755324262176e-15
5.131922247872605112e+03 1.163789362906540099e-15
5.133745242948552914e+03 1.163779077737370138e-15
5.135568238024501625e+03 1.154337887981326956e-15
5.137391233100449426e+03 1.155032628275207770e-15
5.139214228176398137e+03 1.168199576427317401e-15
5.141037223252345939e+03 1.189019459177192478e-15
5.142860218328294650e+03 1.183921589851219480e-15
5.144683213404243361e+03 1.181248318189531014e-15
5.146506208480191162e+03 1.182876419120940599e-15
5.148329203556138964e+03 1.198902350096966573e-15
5.150152198632087675e+03 1.204874185961746309e-15
5.151975193708036386e+03 1.189658249916492967e-15
5.153798188783984187e+03 1.207721861210674189e-15
5.155621183859932898e+03 1.213501003410773357e-15
5.157444178935880700e+03 1.203737265689776437e-15
5.159267174011829411e+03 1.214359318101825929e-15
5.161090169087778122e+03 1.213927994761371501e-15
5.162913164163725924e+03 1.211640930692211178e-15
5.164736159239673725e+03 1.195987694947172111e-15
5.166559154315622436e+03 1.207531857194482436e-15
5.168382149391571147e+03 1.214190021827962404e-15
5.170205144467518949e+03 1.210934217291011978e-15
5.172028139543467660e+03 1.205357781855734076e-15
5.173851134619415461e+03 1.215743705815561908e-15
5.175674129695364172e+03 1.210520319329451406e-15
5.177497124771311974e+03 1.207577569533388218e-15
5.179320119847260685e+03 1.226424087926286600e-15
5.181143114923208486e+03 1.246567912112424000e-15
5.182966109999157197e+03 1.220624842133165103e-15
5.184789105075105908e+03 1.230234069261431079e-15
5.186612100151053710e+03 1.211044040198096103e-15
5.188435095227002421e+03 1.199753314580013822e-15
5.190258090302950222e+03 1.204470827315287899e-15
5.192081085378898933e+03 1.174176465854016602e-15
5.193904080454846735e+03 1.197377323779811677e-15
5.195727075530795446e+03 1.214111026762544953e-15
5.197550070606743247e+03 1.216844262680317717e-15
5.199373065682691959e+03 1.218169110447182956e-15
5.201196060758640670e+03 1.226772048270510659e-15
5.203019055834588471e+03 1.217203450573878469e-15
5.204842050910536273e+03 1.226614261489920654e-15
5.206665045986484984e+03 1.236044699905667033e-15
5.208488041062433695e+03 1.233990544726460372e-15
5.210311036138381496e+03 1.228525262402639706e-15
5.212134031214330207e+03 1.245786042155493594e-15
5.213957026290278009e+03 1.271628379874989422e-15
5.215780021366226720e+03 1.258435556425948724e-15
5.217603016442175431e+03 1.286963205790753113e-15
5.219426011518123232e+03 1.283697991178712120e-15
5.221249006594071034e+03 1.267473492004981131e-15
5.223072001670019745e+03 1.257170789179002805e-15
5.224894996745968456e+03 1.266958582556034605e-15
5.226717991821916257e+03 1.286780647575270404e-15
5.228540986897864968e+03 1.294538464690982682e-15
5.230363981973812770e+03 1.299896790509821345e-15
5.232186977049761481e+03 1.287271222797387434e-15
5.234009972125709282e+03 1.293899315875213670e-15
5.235832967201657993e+03 1.289763180686852608e-15
5.237655962277605795e+03 1.281523382982839621e-15
5.239478957353554506e+03 1.291526413451936953e-15
5.241301952429503217e+03 1.290996223330903212e-15
5.243124947505451019e+03 1.268606328424193336e-15
5.244947942581399730e+03 1.295000063714718717e-15
5.246770937657347531e+03 1.318150038749337874e-15
5.248593932733296242e+03 1.293907425428979036e-15
5.250416927809244044e+03 1.300657809262180286e-15
5.252239922885192755e+03 1.290190765535385724e-15
5.254062917961140556e+03 1.291050923775085556e-15
5.255885913037089267e+03 1.290973442724891349e-15
5.257708908113037978e+03 1.295186678373099275e-15
5.259531903188985780e+03 1.318318948244461333e-15
5.261354898264933581e+03 1.311668763739964406e-15
5.263177893340882292e+03 1.309388219344076444e-15
5.265000888416831003e+03 1.304769533722022441e-15
5.266823883492778805e+03 1.322176659205141513e-15
5.268646878568727516e+03 1.324063425457344316e-15
5.270469873644675317e+03 1.326485058357852202e-15
5.272292868720624028e+03 1.321936813701471369e-15
5.274115863796572739e+03 1.327598053799693575e-15
5.275938858872520541e+03 1.335881275652243107e-15
5.277761853948468342e+03 1.354137115137880341e-15
5.279584849024417053e+03 1.347668296421373698e-15
5.281407844100365764e+03 1.327348290164037783e-15
5.283230839176313566e+03 1.326752264072159454e-15
5.285053834252262277e+03 1.330948470871190711e-15
5.286876829328210079e+03 1.344485093991181578e-15
5.288699824404158790e+03 1.347810419891733207e-15
5.290522819480106591e+03 1.358077665331350174e-15
5.292345814556055302e+03 1.338583199945344725e-15
5.294168809632003104e+03 1.340111287246762004e-15
5.295991804707951815e+03 1.356334048601574986e-15
5.297814799783900526e+03 1.344950523173669856e-15
5.299637794859848327e+03 1.348965963921667024e-15
5.301460789935796129e+03 1.350242259359126456e-15
5.303283785011744840e+03 1.337420856505946898e-15
5.305106780087693551e+03 1.345045332287961177e-15
5.306929775163641352e+03 1.350207406266134944e-15
5.308752770239590063e+03 1.340446080456417402e-15
5.310575765315537865e+03 1.353816735352245103e-15
5.312398760391486576e+03 1.361559346383039716e-15
5.314221755467435287e+03 1.349943425618969430e-15
5.316044750543383088e+03 1.346205988750926488e-15
5.317867745619330890e+03 1.345867280527377785e-15
5.319690740695279601e+03 1.329068713215876830e-15
5.321513735771228312e+03 1.339414956770284829e-15
5.323336730847176113e+03 1.371000079125481400e-15
5.325159725923124824e+03 1.382189981169926562e-15
5.326982720999072626e+03 1.359857886554825674e-15
5.328805716075021337e+03 1.356409951632584419e-15
5.330628711150970048e+03 1.355899370267348036e-15
5.332451706226917850e+03 1.355361565661718727e-15
5.334274701302865651e+03 1.357571980442347568e-15
5.336097696378814362e+03 1.355245184760504158e-15
5.337920691454763073e+03 1.337579848124775432e-15
5.339743686530710875e+03 1.346790330538743759e-15
5.341566681606659586e+03 1.348708405895785943e-15
5.343389676682607387e+03 1.359226619749653826e-15
5.345212671758556098e+03 1.348894961113159857e-15
5.347035666834503900e+03 1.350421434839469665e-15
5.348858661910452611e+03 1.346257251072266888e-15
5.350681656986400412e+03 1.349298208711060822e-15
5.352504652062349123e+03 1.340661071548539855e-15
5.354327647138297834e+03 1.343796332954479860e-15
5.356150642214245636e+03 1.341456872837123929e-15
5.357973637290193437e+03 1.324770467032357875e-15
5.359796632366142148e+03 1.310564206420159834e-15
5.361619627442090859e+03 1.326677352528696174e-15
5.363442622518038661e+03 1.314819120562855505e-15
5.365265617593987372e+03 1.313128666987641887e-15
5.367088612669935173e+03 1.321958934683237916e-15
5.368911607745883884e+03 1.316094808350976775e-15
5.370734602821832596e+03 1.320358188806703472e-15
5.372557597897780397e+03 1.326235428793359410e-15
5.374380592973728199e+03 1.304097347715490485e-15
5.376203588049676910e+03 1.284546497374660038e-15
5.378026583125625621e+03 1.293113021871649482e-15
5.379849578201573422e+03 1.304939127565133306e-15
5.381672573277522133e+03 1.307824329748332495e-15
5.383495568353469935e+03 1.279962768978164104e-15
5.385318563429418646e+03 1.271688311785721426e-15
5.387141558505367357e+03 1.272282148233632995e-15
5.388964553581315158e+03 1.286779941698103353e-15
5.390787548657262960e+03 1.293509685806249024e-15
5.392610543733211671e+03 1.273373468468357713e-15
5.394433538809160382e+03 1.276546966647183340e-15
5.396256533885108183e+03 1.282513675440664937e-15
5.398079528961056894e+03 1.266447281266291157e-15
5.399902524037004696e+03 1.255054199457847045e-15
5.401725519112953407e+03 1.258497563305178773e-15
5.403548514188901208e+03 1.260170828301247573e-15
5.405371509264849919e+03 1.244798706104208318e-15
5.407194504340797721e+03 1.241729350156984191e-15
5.409017499416746432e+03 1.246447158531104005e-15
5.410840494492695143e+03 1.252299267876902940e-15
5.412663489568642945e+03 1.240014176241084142e-15
5.414486484644590746e+03 1.226444773141235443e-15
5.416309479720539457e+03 1.229572457612217960e-15
5.418132474796488168e+03 1.249466395288205230e-15
5.419955469872435970e+03 1.238211407326744453e-15
5.421778464948384681e+03 1.237422209296178789e-15
5.423601460024332482e+03 1.246455484436518991e-15
5.425424455100281193e+03 1.240258600339564208e-15
5.427247450176229904e+03 1.236690467818312376e-15
5.429070445252177706e+03 1.229921206856868580e-15
5.430893440328125507e+03 1.219098696833592264e-15
5.432716435404074218e+03 1.225992982249054160e-15
5.434539430480022929e+03 1.223277030400090700e-15
5.436362425555970731e+03 1.211983191669712302e-15
5.438185420631919442e+03 1.218291883505492935e-15
5.440008415707867243e+03 1.222102393913270583e-15
5.441831410783815954e+03 1.223216245723610740e-15
5.443654405859763756e+03 1.238010820887794540e-15
5.445477400935712467e+03 1.217512133936966294e-15
5.447300396011660268e+03 1.203852777811475142e-15
5.449123391087608979e+03 1.218854299917864877e-15
5.450946386163557690e+03 1.200806194095800113e-15
5.452769381239505492e+03 1.202447437046618478e-15
5.454592376315454203e+03 1.206569806510537916e-15
5.456415371391402005e+03 1.197428546338307732e-15
5.458238366467350716e+03 1.192727169647968132e-15
5.460061361543298517e+03 1.192517956408525220e-15
5.461884356619247228e+03 1.201787716641577702e-15
5.463707351695195030e+03 1.198829748139940772e-15
5.465530346771143741e+03 1.215134512748992765e-15
5.467353341847092452e+03 1.196125767137899380e-15
5.469176336923040253e+03 1.188045704521206624e-15
5.470999331998988055e+03 1.171208117419488953e-15
5.472822327074936766e+03 1.193600942673236554e-15
5.474645322150885477e+03 1.186422835809026696e-15
5.476468317226833278e+03 1.190797716685523755e-15
5.478291312302781989e+03 1.199703401226201968e-15
5.480114307378729791e+03 1.191306775923240416e-15
5.481937302454678502e+03 1.176554951354729424e-15
5.483760297530627213e+03 1.167853277194753267e-15
5.485583292606575014e+03 1.180801196355614630e-15
5.487406287682522816e+03 1.192205293959599119e-15
5.489229282758471527e+03 1.177410819877650816e-15
5.491052277834420238e+03 1.165541760228838176e-15
5.492875272910368039e+03 1.147054236808066630e-15
5.494698267986316750e+03 1.157586516982467189e-15
5.496521263062264552e+03 1.171479597909124101e-15
5.498344258138213263e+03 1.158852728021202361e-15
5.500167253214161065e+03 1.165655475170131382e-15
5.501990248290109776e+03 1.176092718358255668e-15
5.503813243366057577e+03 1.154891001769562463e-15
5.505636238442006288e+03 1.165255178226930006e-15
5.507459233517954999e+03 1.156047887822593925e-15
5.509282228593902801e+03 1.161905695546232304e-15
5.511105223669851512e+03 1.149709506774326054e-15
5.512928218745799313e+03 1.145616590372464709e-15
5.514751213821748024e+03 1.146825091516522215e-15
5.516574208897695826e+03 1.139171022424812428e-15
5.518397203973644537e+03 1.150324827895149344e-15
5.520220199049592338e+03 1.156851283350507446e-15
5.522043194125541049e+03 1.161123348563896284e-15
5.523866189201489760e+03 1.154060393621112345e-15
5.525689184277437562e+03 1.127182677982092835e-15
5.527512179353385363e+03 1.135360095342729846e-15
5.529335174429334074e+03 1.134538263861355614e-15
5.531158169505282785e+03 1.151325128297278844e-15
5.532981164581230587e+03 1.135037382317080588e-15
5.534804159657179298e+03 1.129332505065633715e-15
5.536627154733127099e+03 1.152766160176715192e-15
5.538450149809075810e+03 1.127029073499965668e-15
5.540273144885024521e+03 1.107485928741512566e-15
5.542096139960972323e+03 1.123567126670985836e-15
5.543919135036920125e+03 1.127058137331327888e-15
5.545742130112868836e+03 1.117014139667827658e-15
5.547565125188817547e+03 1.119475311787963947e-15
5.549388120264765348e+03 1.127473316933931116e-15
5.551211115340714059e+03 1.127067463125552157e-15
5.553034110416661861e+03 1.116259301116080060e-15
5.554857105492610572e+03 1.107616179010533677e-15
5.556680100568558373e+03 1.111726950137393714e-15
5.558503095644507084e+03 1.094752414126550575e-15
5.560326090720454886e+03 1.098051568145113959e-15
5.562149085796403597e+03 1.110765403316515156e-15
5.563972080872352308e+03 1.111186153621701555e-15
5.565795075948300109e+03 1.118719436628093800e-15
5.567618071024248820e+03 1.105786114327217687e-15
5.569441066100196622e+03 1.106520988619569444e-15
5.571264061176145333e+03 1.088616522369316279e-15
5.573087056252093134e+03 1.096986376452484782e-15
5.574910051328041845e+03 1.103262536159956499e-15
5.576733046403989647e+03 1.099171636001068209e-15
5.578556041479938358e+03 1.094166850377214908e-15
5.580379036555887069e+03 1.098100136352340119e-15
5.582202031631834870e+03 1.115208452611967479e-15
5.584025026707782672e+03 1.086621711677090065e-15
5.585848021783731383e+03 1.094902580689261133e-15
5.587671016859680094e+03 1.074562946209894029e-15
5.589494011935627896e+03 1.070386607764766415e-15
5.591317007011576607e+03 1.072708669768135117e-15
5.593140002087524408e+03 1.066476104150292910e-15
5.594962997163473119e+03 1.065227575018416942e-15
5.596785992239421830e+03 1.064082870640383481e-15
5.598608987315369632e+03 1.066777527422337041e-15
5.600431982391317433e+03 1.050106571750305688e-15
5.602254977467266144e+03 1.051838725371086660e-15
5.604077972543214855e+03 1.060945278394408202e-15
5.605900967619162657e+03 1.054581703679533579e-15
5.607723962695111368e+03 1.059779504882781902e-15
5.609546957771059169e+03 1.041701046171614989e-15
5.611369952847007880e+03 1.054366761479310036e-15
5.613192947922955682e+03 1.064667096080953550e-15
5.615015942998904393e+03 1.056257642574278709e-15
5.616838938074852194e+03 1.050295266034130966e-15
5.618661933150800905e+03 1.050122454134272631e-15
5.620484928226749616e+03 1.037565276879812425e-15
5.622307923302697418e+03 1.053410221518811505e-15
5.624130918378646129e+03 1.057675194753051372e-15
5.625953913454593931e+03 1.046668577653563180e-15
5.627776908530542642e+03 1.045125975120215124e-15
5.629599903606490443e+03 1.038113385462307006e-15
5.631422898682439154e+03 1.048409301269344781e-15
5.633245893758386956e+03 1.046404806396088684e-15
5.635068888834335667e+03 1.032012962994196744e-15
5.636891883910284378e+03 1.032088771518269701e-15
5.638714878986232179e+03 1.033691067659558601e-15
5.640537874062179981e+03 1.030774687164600135e-15
5.642360869138128692e+03 1.025467489071013076e-15
5.644183864214077403e+03 1.029598234470399542e-15
5.646006859290025204e+03 1.025387871009658608e-15
5.647829854365973915e+03 1.006218223098271454e-15
5.649652849441921717e+03 1.015719152323879329e-15
5.651475844517870428e+03 1.022668821569315833e-15
5.653298839593819139e+03 1.023929307350440237e-15
5.655121834669766940e+03 1.021121447664897617e-15
5.656944829745714742e+03 1.012068536575359333e-15
5.658767824821663453e+03 1.015911565831613507e-15
5.660590819897612164e+03 1.020562381015634283e-15
5.662413814973559965e+03 1.014759525026006804e-15
5.664236810049508676e+03 1.008712260611061088e-15
5.666059805125456478e+03 1.023666219760011963e-15
5.667882800201405189e+03 1.020813908808805441e-15
5.669705795277352991e+03 1.004493418723949895e-15
5.671528790353301702e+03 1.012829191663195560e-15
5.673351785429249503e+03 1.012341341351211005e-15
5.675174780505198214e+03 9.960340123000963385e-16
5.676997775581146925e+03 9.962325952579051996e-16
5.678820770657094727e+03 1.020517216770099518e-15
5.680643765733043438e+03 1.011999930763053409e-15
5.682466760808991239e+03 1.006081630616201216e-15
5.684289755884939950e+03 9.937743488481678036e-16
5.686112750960887752e+03 9.944833792590692211e-16
5.687935746036836463e+03 9.990128460286952462e-16
5.689758741112784264e+03 9.803129293667657846e-16
5.691581736188732975e+03 9.751157653676615721e-16
5.693404731264681686e+03 9.924994401689051358e-16
5.695227726340629488e+03 9.882518170416494334e-16
5.697050721416577289e+03 9.762524484177122529e-16
5.698873716492526000e+03 9.782958449334249712e-16
5.700696711568474711e+03 9.885140752484667496e-16
5.702519706644422513e+03 9.679530532499196971e-16
5.704342701720371224e+03 9.624779511344894510e-16
5.706165696796319025e+03 9.787333976058610018e-16
5.707988691872267736e+03 9.791068369169481974e-16
5.709811686948216447e+03 9.674325182030580472e-16
5.711634682024164249e+03 9.668309004089946096e-16
5.713457677100112051e+03 9.694665595303200877e-16
5.715280672176060762e+03 9.687725169216092575e-16
5.717103667252009473e+03 9.546342056614382990e-16
5.718926662327957274e+03 9.317080822736786241e-16
5.720749657403905985e+03 9.396378967884533839e-16
5.722572652479853787e+03 9.385261843345753007e-16
5.724395647555802498e+03 9.451616951923649640e-16
5.726218642631750299e+03 9.485103262266051907e-16
5.728041637707699010e+03 9.553140799462393181e-16
5.729864632783646812e+03 9.471968775222731512e-16
5.731687627859595523e+03 9.456709376750845918e-16
5.733510622935544234e+03 9.321286016287138563e-16
5.735333618011492035e+03 9.274378590528566488e-16
5.737156613087439837e+03 9.210308175637894131e-16
5.738979608163388548e+03 9.147154241956137568e-16
5.740802603239337259e+03 9.264252073842630843e-16
5.742625598315285060e+03 9.180686632652045354e-16
5.744448593391233771e+03 8.925990646395626679e-16
5.746271588467181573e+03 9.008814859860860774e-16
5.748094583543130284e+03 8.929825374985373572e-16
5.749917578619078995e+03 8.951068096318607498e-16
5.751740573695026796e+03 9.110231384731533944e-16
5.753563568770974598e+03 8.957331563731651354e-16
5.755386563846923309e+03 8.979759903974762266e-16
5.757209558922872020e+03 9.117162189776909371e-16
5.759032553998819822e+03 8.851373686062945918e-16
5.760855549074768533e+03 8.882263081745258838e-16
5.762678544150716334e+03 8.893023755257724811e-16
5.764501539226665045e+03 8.925888882684907200e-16
5.766324534302613756e+03 8.995623475552551104e-16
5.768147529378561558e+03 8.752611936984899756e-16
5.769970524454509359e+03 8.946915415111694302e-16
5.771793519530458070e+03 8.970469977460889070e-16
5.773616514606406781e+03 9.024102211882990118e-16
5.775439509682354583e+03 9.013828312383792394e-16
5.777262504758303294e+03 8.967636166533476784e-16
5.779085499834251095e+03 9.070013690825935162e-16
5.780908494910199806e+03 8.900284224379210611e-16
5.782731489986147608e+03 8.964288926285096385e-16
5.784554485062096319e+03 9.175154565733177947e-16
5.786377480138044120e+03 9.258286361315471586e-16
5.788200475213992831e+03 9.178489734599176052e-16
5.790023470289941542e+03 9.209464641780412045e-16
5.791846465365889344e+03 9.331599043630691482e-16
5.793669460441837145e+03 9.291096446836980252e-16
5.795492455517785857e+03 9.381887454837648041e-16
5.797315450593734568e+03 9.428449504516231139e-16
5.799138445669683279e+03 9.509135150967741644e-16
5.800961440745631080e+03 9.532771402357866819e-16
5.802784435821578882e+03 9.596129605981442034e-16
5.804607430897527593e+03 9.669586912888573923e-16
5.806430425973476304e+03 9.563237734704547511e-16
5.808253421049424105e+03 9.693524234657884251e-16
5.810076416125371907e+03 9.642353477334447628e-16
5.811899411201320618e+03 9.601172425340271336e-16
5.813722406277269329e+03 9.803412293779918993e-16
5.815545401353217130e+03 9.902440991918164847e-16
5.817368396429164932e+03 9.747588678607893744e-16
5.819191391505113643e+03 9.775454252098412549e-16
5.821014386581062354e+03 9.718387416626743013e-16
5.822837381657011065e+03 9.780599136986512461e-16
5.824660376732958866e+03 9.802012637366333454e-16
5.826483371808906668e+03 9.712090758241113789e-16
5.828306366884855379e+03 9.698554614125698110e-16
5.830129361960804090e+03 9.654336587368776174e-16
5.831952357036751891e+03 9.738136880484080825e-16
5.833775352112699693e+03 9.691009577766725850e-16
5.835598347188648404e+03 9.790619244406684562e-16
5.837421342264597115e+03 9.838722156184684747e-16
5.839244337340545826e+03 9.854600519920799092e-16
5.841067332416493628e+03 9.882437436328738549e-16
5.842890327492441429e+03 1.001048400275193001e-15
5.844713322568390140e+03 1.012035595591759055e-15
5.846536317644338851e+03 1.016513887449606890e-15
5.848359312720286653e+03 1.012364972326215361e-15
5.850182307796234454e+03 1.020448162620303833e-15
5.852005302872183165e+03 1.016147876734293092e-15
5.853828297948131876e+03 1.009678078049067721e-15
5.855651293024079678e+03 1.009149633443267911e-15
5.857474288100028389e+03 1.019895634847423320e-15
5.859297283175976190e+03 1.026156113600773750e-15
5.861120278251924901e+03 1.029647506524404213e-15
5.862943273327873612e+03 1.015287519742272466e-15
5.864766268403821414e+03 1.021341501691791169e-15
5.866589263479769215e+03 1.022995528822390486e-15
5.868412258555717926e+03 1.016515084475147663e-15
5.870235253631666637e+03 1.015561751471733378e-15
5.872058248707614439e+03 1.023131302100180330e-15
5.873881243783562240e+03 1.023368323041965791e-15
5.875704238859510951e+03 1.034214270645213394e-15
5.877527233935459662e+03 1.016780365662869821e-15
5.879350229011408373e+03 1.012576792716062261e-15
5.881173224087356175e+03 1.022003754806188468e-15
5.882996219163303977e+03 1.014058953988157054e-15
5.884819214239252688e+03 9.921028941075602380e-16
5.886642209315201399e+03 9.805213082870571423e-16
5.888465204391149200e+03 9.907403980161378158e-16
5.890288199467097002e+03 9.891575052996408668e-16
5.892111194543045713e+03 9.801985375836556417e-16
5.893934189618994424e+03 9.859348868457518348e-16
5.895757184694943135e+03 1.005372580441956299e-15
5.897580179770890936e+03 9.987421509896713074e-16
5.899403174846838738e+03 1.000841726016162689e-15
5.901226169922787449e+03 1.006431327868748321e-15
5.903049164998736160e+03 1.015758426252338627e-15
5.904872160074683961e+03 1.008669592490332267e-15
5.906695155150631763e+03 9.862728450451597537e-16
5.908518150226580474e+03 9.908479627839655600e-16
5.910341145302529185e+03 9.918889410888670984e-16
5.912164140378476986e+03 1.004403547435706124e-15
5.913987135454425697e+03 1.002994293058312529e-15
5.915810130530373499e+03 9.941238277228896620e-16
5.917633125606322210e+03 9.837240300662572190e-16
5.919456120682270921e+03 9.873103666584425913e-16
5.921279115758218722e+03 9.902411785530627276e-16
5.923102110834166524e+03 9.895136580073226724e-16
5.924925105910115235e+03 9.902541342918631456e-16
5.926748100986063946e+03 1.000864736748448855e-15
5.928571096062011748e+03 9.902256573293878383e-16
5.930394091137959549e+03 9.700459687677799302e-16
5.932217086213908260e+03 9.675593421750707651e-16
5.934040081289856971e+03 9.627763883407039535e-16
5.935863076365805682e+03 9.572766232176528605e-16
5.937686071441753484e+03 9.622116424600154118e-16
5.939509066517701285e+03 9.572217189288533922e-16
5.941332061593649996e+03 9.669579984219583099e-16
5.943155056669598707e+03 9.764767607966227392e-16
5.944978051745546509e+03 9.872819991267739472e-16
5.946801046821494310e+03 9.824234587842825791e-16
5.948624041897443021e+03 9.803725697333464009e-16
5.950447036973391732e+03 9.804498141849408470e-16
5.952270032049340443e+03 9.793258660249888997e-16
5.954093027125288245e+03 9.835135361713117513e-16
5.955916022201236046e+03 9.870237731144227794e-16
5.957739017277184757e+03 9.907114282161644334e-16
5.959562012353133468e+03 9.726685865148943097e-16
5.961385007429081270e+03 9.699448699639812523e-16
5.963208002505029071e+03 9.635317556174335216e-16
5.965030997580977782e+03 9.665631380923770505e-16
5.966853992656926494e+03 9.715864376215217812e-16
5.968676987732874295e+03 9.689056210005651400e-16
5.970499982808823006e+03 9.616916156799028045e-16
5.972322977884770808e+03 9.569377238626054971e-16
5.974145972960719519e+03 9.664167846007362168e-16
5.975968968036668230e+03 9.582911003019162344e-16
5.977791963112616031e+03 9.684638434306062543e-16
5.979614958188563833e+03 9.699017523176032525e-16
5.981437953264512544e+03 9.645060918236553920e-16
5.983260948340461255e+03 9.579386970383197267e-16
5.985083943416409056e+03 9.521618191921087545e-16
5.986906938492356858e+03 9.493125756089191367e-16
5.988729933568305569e+03 9.350045735001340005e-16
5.990552928644254280e+03 9.437982082366653318e-16
5.992375923720202991e+03 9.556237097758974931e-16
5.994198918796150792e+03 9.484204929171709922e-16
5.996021913872098594e+03 9.586611950126616745e-16
5.997844908948047305e+03 9.580162194236639667e-16
5.999667904023996016e+03 9.392001108795707751e-16
6.001490899099943817e+03 9.393230438811367769e-16
6.003313894175891619e+03 9.457409219241854699e-16
6.005136889251840330e+03 9.397041148478935302e-16
6.006959884327789041e+03 9.281805374232836015e-16
6.008782879403737752e+03 9.360483366121644626e-16
6.010605874479685554e+03 9.252256582691348876e-16
6.012428869555633355e+03 9.202853952256308363e-16
6.014251864631582066e+03 9.249778508544488589e-16
6.016074859707530777e+03 9.347492931075429841e-16
6.017897854783478579e+03 9.326811866061401154e-16
6.019720849859426380e+03 9.349757986994910372e-16
6.021543844935375091e+03 9.311666228019851440e-16
6.023366840011323802e+03 9.325676557477871995e-16
6.025189835087271604e+03 9.203427927514426808e-16
6.027012830163220315e+03 9.259373808291481231e-16
6.028835825239168116e+03 9.285623757120676744e-16
6.030658820315116827e+03 9.215360857345412219e-16
6.032481815391065538e+03 9.208321367115292120e-16
6.034304810467013340e+03 9.152261289669509393e-16
6.036127805542961141e+03 9.181046960276175586e-16
6.037950800618909852e+03 9.206777344105235084e-16
6.039773795694858563e+03 9.148537990726359968e-16
6.041596790770806365e+03 9.125875519872784261e-16
6.043419785846754166e+03 9.208624412653335755e-16
6.045242780922702877e+03 9.214406305580135065e-16
6.047065775998651588e+03 9.094476436179366448e-16
6.048888771074600299e+03 8.959161849927094148e-16
6.050711766150548101e+03 9.045361629708324225e-16
6.052534761226495903e+03 9.079417157194011154e-16
6.054357756302444614e+03 8.915777381184065991e-16
6.056180751378393325e+03 8.937590291118391864e-16
6.058003746454341126e+03 8.980975587737959748e-16
6.059826741530288928e+03 9.010286255162467687e-16
6.061649736606237639e+03 9.051504980171910490e-16
6.063472731682186350e+03 8.916445195150479596e-16
6.065295726758135061e+03 9.001518294735360333e-16
6.067118721834082862e+03 8.911812421838225679e-16
6.068941716910030664e+03 8.800798403260213459e-16
6.070764711985979375e+03 8.890121953011336710e-16
6.072587707061928086e+03 8.943929564753156200e-16
6.074410702137875887e+03 8.869928880861728729e-16
6.076233697213823689e+03 8.790403719672806663e-16
6.078056692289772400e+03 8.881748796940906893e-16
6.079879687365721111e+03 8.877667762260789921e-16
6.081702682441668912e+03 8.866457880254665501e-16
6.083525677517617623e+03 8.848111286194943707e-16
6.085348672593565425e+03 8.791297438024495825e-16
6.087171667669514136e+03 8.704364663034179578e-16
6.088994662745462847e+03 8.678458608838928555e-16
6.090817657821410648e+03 8.805083958886931034e-16
6.092640652897358450e+03 8.763237708656866097e-16
6.094463647973307161e+03 8.757948119637705171e-16
6.096286643049255872e+03 8.659409798254407077e-16
6.098109638125203674e+03 8.622668741482469400e-16
6.099932633201151475e+03 8.650033089758989484e-16
6.101755628277100186e+03 8.580726207539176997e-16
6.103578623353048897e+03 8.629356590702002871e-16
6.105401618428997608e+03 8.563921930436949640e-16
6.107224613504945410e+03 8.653266319011284700e-16
6.109047608580893211e+03 8.616754528494094328e-16
6.110870603656841922e+03 8.453189132987253115e-16
6.112693598732790633e+03 8.569892448960564193e-16
6.114516593808738435e+03 8.533258633268227254e-16
6.116339588884686236e+03 8.554901900588662688e-16
6.118162583960634947e+03 8.525087247146067449e-16
6.119985579036583658e+03 8.437730664830835903e-16
6.121808574112532369e+03 8.464150599249977261e-16
6.123631569188480171e+03 8.466711083599990089e-16
6.125454564264427972e+03 8.419624350275239821e-16
6.127277559340376683e+03 8.523615880629609412e-16
6.129100554416325394e+03 8.512238338941027550e-16
6.130923549492273196e+03 8.453226285568515665e-16
6.132746544568220997e+03 8.391600479773176493e-16
6.134569539644169708e+03 8.336521054455528431e-16
6.136392534720118420e+03 8.333595400822449427e-16
6.138215529796066221e+03 8.362785020418783244e-16
6.140038524872014023e+03 8.284400107469688471e-16
6.141861519947962734e+03 8.341786617115806819e-16
6.143684515023911445e+03 8.265477963329984154e-16
6.145507510099860156e+03 8.250130461766146494e-16
6.147330505175807957e+03 8.350820668629386873e-16
6.149153500251755759e+03 8.234039305883493360e-16
6.150976495327704470e+03 8.195249717625950567e-16
6.152799490403653181e+03 8.147179429420379413e-16
6.154622485479600982e+03 8.071826937271977207e-16
6.156445480555548784e+03 8.133088300737359234e-16
6.158268475631497495e+03 8.269401279710659818e-16
6.160091470707446206e+03 8.118998733630889323e-16
6.161914465783394917e+03 8.107029751979526103e-16
6.163737460859342718e+03 8.071292146039794068e-16
6.165560455935290520e+03 8.055481806545063331e-16
6.167383451011239231e+03 8.047944162389101950e-16
6.169206446087187942e+03 7.813429608137572086e-16
6.171029441163135743e+03 7.789213556141917143e-16
6.172852436239083545e+03 7.800220048865582872e-16
6.174675431315032256e+03 7.856647004240593509e-16
6.176498426390980967e+03 7.840375771291477699e-16
6.178321421466929678e+03 7.707818246048626692e-16
6.180144416542877480e+03 7.616806140323863408e-16
6.181967411618825281e+03 7.565351918087242857e-16
6.183790406694773992e+03 7.568911333035422495e-16
6.185613401770722703e+03 7.561026348037048010e-16
6.187436396846670505e+03 7.495258204396486860e-16
6.189259391922618306e+03 7.415493361993295028e-16
6.191082386998567017e+03 7.443912166193917418e-16
6.192905382074515728e+03 7.281916205444464644e-16
6.194728377150463530e+03 7.330063577567485060e-16
6.196551372226411331e+03 7.193798511393224143e-16
6.198374367302360042e+03 7.096958154248221464e-16
6.200197362378308753e+03 7.095075363565948453e-16
6.202020357454257464e+03 7.004801701738576111e-16
6.203843352530205266e+03 6.983901862467659273e-16
6.205666347606153067e+03 6.984169094581245232e-16
6.207489342682101778e+03 6.926602617164078477e-16
6.209312337758050489e+03 6.750883228171321389e-16
6.211135332833998291e+03 6.657876585161298044e-16
6.212958327909946092e+03 6.566533586474278851e-16
6.214781322985894803e+03 6.521749971709180871e-16
6.216604318061843514e+03 6.419345939880112878e-16
6.218427313137792225e+03 6.479867036264881525e-16
6.220250308213740027e+03 6.313050263128948992e-16
6.222073303289687829e+03 6.294002092745846071e-16
6.223896298365636540e+03 6.191777032943245113e-16
6.225719293441585251e+03 6.124392355659855009e-16
6.227542288517533052e+03 6.097170734179133329e-16
6.229365283593480854e+03 5.973979628534582759e-16
6.231188278669429565e+03 5.957902188052738309e-16
6.233011273745378276e+03 5.797289486640476359e-16
6.234834268821326077e+03 5.743722561018381080e-16
6.236657263897274788e+03 5.734305479000449053e-16
6.238480258973222590e+03 5.676773010072674792e-16
6.240303254049171301e+03 5.586411625395744197e-16
6.242126249125120012e+03 5.576915642859704504e-16
6.243949244201067813e+03 5.420154744877367097e-16
6.245772239277015615e+03 5.347711602589727786e-16
6.247595234352964326e+03 5.266344036154570473e-16
6.249418229428913037e+03 5.241887964867996392e-16
6.251241224504860838e+03 5.219524790053008085e-16
6.253064219580808640e+03 5.161660928699413281e-16
6.254887214656757351e+03 5.091421808497703624e-16
6.256710209732706062e+03 5.078684889601755040e-16
6.258533204808654773e+03 4.922276815653566494e-16
6.260356199884602574e+03 4.862544274642443415e-16
6.262179194960550376e+03 4.863696341826766181e-16
6.264002190036499087e+03 4.757779891951423557e-16
6.265825185112447798e+03 4.690039980071346144e-16
6.267648180188395600e+03 4.688760678154951141e-16
6.269471175264343401e+03 4.552332315893151212e-16
6.271294170340292112e+03 4.537083588704180693e-16
6.273117165416240823e+03 4.300178809877017483e-16
6.274940160492189534e+03 4.227380368373908105e-16
6.276763155568137336e+03 4.168463908295928194e-16
6.278586150644085137e+03 4.061940905142381137e-16
6.280409145720033848e+03 4.169670499586076674e-16
6.282232140795982559e+03 4.184738157278005836e-16
6.284055135871930361e+03 4.224823716647971461e-16
6.285878130947878162e+03 4.243672647943457670e-16
6.287701126023826873e+03 4.208636475645936401e-16
6.289524121099775584e+03 4.118708476250221969e-16
6.291347116175723386e+03 4.105201423979912001e-16
6.293170111251672097e+03 4.063072956614174514e-16
6.294993106327619898e+03 4.074190332598570027e-16
6.296816101403568609e+03 4.090164709143761030e-16
6.298639096479517320e+03 4.030713891832909305e-16
6.300462091555465122e+03 4.076834305531225676e-16
6.302285086631412923e+03 4.046856063203231307e-16
6.304108081707361634e+03 4.076946233090341299e-16
6.305931076783310345e+03 4.055448698170867131e-16
6.307754071859258147e+03 4.025778977876291482e-16
6.309577066935205949e+03 3.971787455327846314e-16
6.311400062011154660e+03 4.030789145862355846e-16
6.313223057087103371e+03 4.028253633592412282e-16
6.315046052163052082e+03 3.979212402986867880e-16
6.316869047238999883e+03 4.008366631274656150e-16
6.318692042314947685e+03 4.034859860776723569e-16
6.320515037390896396e+03 4.049519473167110751e-16
6.322338032466845107e+03 4.043121043926678439e-16
6.324161027542792908e+03 3.992703554715388083e-16
6.325984022618740710e+03 4.076486399821623027e-16
6.327807017694689421e+03 4.039553625639787469e-16
6.329630012770638132e+03 4.115141923126954203e-16
6.331453007846586843e+03 4.092067593161214326e-16
6.333276002922534644e+03 4.077794266392588250e-16
6.335098997998482446e+03 4.006987529241109111e-16
6.336921993074431157e+03 3.980967420389381596e-16
6.338744988150379868e+03 4.125653799225250438e-16
6.340567983226327669e+03 4.143235150476156479e-16
6.342390978302275471e+03 4.155368922451960649e-16
6.344213973378224182e+03 4.100936933937589441e-16
6.346036968454172893e+03 4.155099823389556972e-16
6.347859963530120694e+03 4.094915189931055791e-16
6.349682958606069406e+03 4.163032255594124193e-16
6.351505953682017207e+03 4.259777341241711590e-16
6.353328948757965918e+03 4.260759776297415350e-16
6.355151943833914629e+03 4.272670751105687393e-16
6.356974938909862431e+03 4.308163716301903102e-16
6.358797933985810232e+03 4.290215722218470834e-16
6.360620929061758943e+03 4.294130426116011429e-16
6.362443924137707654e+03 4.296883141146890600e-16
6.364266919213655456e+03 4.340100917844669789e-16
6.366089914289603257e+03 4.377331296525295435e-16
6.367912909365551968e+03 4.443643012431591966e-16
6.369735904441500679e+03 4.499591673995794571e-16
6.371558899517449390e+03 4.537080181647445799e-16
6.373381894593397192e+03 4.557111856562081727e-16
6.375204889669344993e+03 4.585111594136400026e-16
6.377027884745293704e+03 4.586441593046199347e-16
6.378850879821242415e+03 4.672684133132594736e-16
6.380673874897190217e+03 4.777408870955069230e-16
6.382496869973138018e+03 4.865802860841832698e-16
6.384319865049086729e+03 4.934152361005409424e-16
6.386142860125035440e+03 5.021585456849176584e-16
6.387965855200984151e+03 5.162120583784425542e-16
6.389788850276931953e+03 5.162700194737479337e-16
6.391611845352879755e+03 5.284326890492920515e-16
6.393434840428828466e+03 5.374510344754371765e-16
6.395257835504777177e+03 5.534273260007267481e-16
6.397080830580724978e+03 5.709075686567449913e-16
6.398903825656672780e+03 5.716038888945883917e-16
6.400726820732621491e+03 5.781714060904474869e-16
6.402549815808570202e+03 5.931578130257862043e-16
6.404372810884518003e+03 6.175475391795116846e-16
6.406195805960466714e+03 6.323836419000789412e-16
6.408018801036414516e+03 6.355230354793759479e-16
6.409841796112363227e+03 6.561306409082176875e-16
6.411664791188311938e+03 6.699289610981617404e-16
6.413487786264259739e+03 6.903163058427087659e-16
6.415310781340207541e+03 6.988494152609485936e-16
6.417133776416156252e+03 7.223277752716073255e-16
6.418956771492104963e+03 7.457189932500290305e-16
6.420779766568052764e+03 7.547339373745576267e-16
6.422602761644000566e+03 7.630609033864953140e-16
6.424425756719949277e+03 7.776441125691798470e-16
6.426248751795897988e+03 7.940978845690566392e-16
6.428071746871846699e+03 8.038597583327087081e-16
6.429894741947794500e+03 8.338699908225531358e-16
6.431717737023742302e+03 8.495668860433218807e-16
6.433540732099691013e+03 8.691905824778260300e-16
6.435363727175639724e+03 8.847590678959327140e-16
6.437186722251587526e+03 8.917209838590797839e-16
6.439009717327535327e+03 9.039065628915640841e-16
6.440832712403484038e+03 9.112918402029341987e-16
6.442655707479432749e+03 9.234222276739413823e-16
6.444478702555381460e+03 9.440128973485564567e-16
6.446301697631329262e+03 9.566897033166631496e-16
6.448124692707277063e+03 9.714210793974249675e-16
6.449947687783225774e+03 9.835331210847502651e-16
6.451770682859174485e+03 9.916065272738339616e-16
6.453593677935122287e+03 1.005490678026989625e-15
6.455416673011070088e+03 1.005096338377671430e-15
6.457239668087018799e+03 1.016904906190753510e-15
6.459062663162967510e+03 1.053130509199843911e-15
6.460885658238915312e+03 1.069151338690178492e-15
6.462708653314864023e+03 1.074493383904302588e-15
6.464531648390811824e+03 1.083873314461908701e-15
6.466354643466760535e+03 1.090521206882080518e-15
6.468177638542709246e+03 1.093290898809791217e-15
6.470000633618657048e+03 1.095667473773164875e-15
