3.800000000000000000e+03 3.301470669447625306e-17
3.803041410184666802e+03 3.290166351864257630e-17
3.806082820369334058e+03 3.472698371128136481e-18
3.809124230554000860e+03 3.870449188872720043e-17
3.812165640738668117e+03 6.617986164930660934e-17
3.815207050923334918e+03 4.101282343590248570e-17
3.818248461108002175e+03 6.445510971695621077e-17
3.821289871292668977e+03 4.073903183734260215e-17
3.824331281477335779e+03 7.678038401689708961e-17
3.827372691662003035e+03 9.005541059054227564e-17
3.830414101846669837e+03 9.168588074381100069e-17
3.833455512031337094e+03 9.082736823430196064e-17
3.836496922216003895e+03 5.341157031136785756e-17
3.839538332400671152e+03 4.491891203412742254e-17
3.842579742585337954e+03 7.328672663058201319e-17
3.845621152770005210e+03 5.393268168752651541e-17
3.848662562954672012e+03 4.399495028266125940e-17
3.851703973139338814e+03 9.396516117889992716e-17
3.854745383324006070e+03 2.248808900015416736e-17
3.857786793508672872e+03 1.410512873975618045e-17
3.860828203693340129e+03 6.700974059857587198e-17
3.863869613878006930e+03 4.421303624278627073e-17
3.866911024062674187e+03 4.624182549905499608e-17
3.869952434247340989e+03 1.002359473419281186e-16
3.872993844432007791e+03 3.226392504503505980e-17
3.876035254616675047e+03 7.189938110323063669e-17
3.879076664801341849e+03 4.646447566378740564e-17
3.882118074986009105e+03 7.311978425204818349e-17
3.885159485170675907e+03 3.822573722058054709e-17
3.888200895355343164e+03 2.680475630358287726e-17
3.891242305540009966e+03 2.796557212485960358e-17
3.894283715724676767e+03 5.364973348507465947e-17
3.897325125909344024e+03 6.432791380851971896e-17
3.900366536094010826e+03 7.500312782299827415e-17
3.903407946278678082e+03 8.567711196741613601e-17
3.906449356463344884e+03 3.462147072383324215e-17
3.909490766648012141e+03 4.971980415597058358e-17
3.912532176832678942e+03 4.208777935098516603e-17
3.915573587017346199e+03 4.880985506540713835e-17
3.918614997202013001e+03 5.553115310051495462e-17
3.921656407386679803e+03 6.225114008001723587e-17
3.924697817571347059e+03 6.896927119587108635e-17
3.927739227756013861e+03 7.568662932388175783e-17
3.930780637940681117e+03 8.240214263152335376e-17
3.933822048125347919e+03 8.911688212764425521e-17
3.936863458310015176e+03 9.583031462302665825e-17
3.939904868494681978e+03 5.606492172328398464e-17
3.942946278679349234e+03 4.452618592358698563e-17
3.945987688864016036e+03 5.218604798631176949e-17
3.949029099048682838e+03 8.357269357455228429e-17
3.952070509233350094e+03 7.503613580125103884e-17
3.955111919418016896e+03 9.469731811213344958e-17
3.958153329602684153e+03 8.227061922450441061e-17
3.961194739787350954e+03 1.133390265090031132e-16
3.964236149972018211e+03 1.120708198821268900e-16
3.967277560156685013e+03 9.893420365029293140e-17
3.970318970341351815e+03 1.059242673911914039e-16
3.973360380526019071e+03 7.298648507511425867e-17
3.976401790710685873e+03 8.076916285467993097e-17
3.979443200895353129e+03 1.369678231237348471e-16
3.982484611080019931e+03 1.057292967457186623e-16
3.985526021264687188e+03 8.992404412003599058e-17
3.988567431449353990e+03 9.298438065695277090e-17
3.991608841634020791e+03 6.976967548583829949e-17
3.994650251818688048e+03 9.120003816108523506e-17
3.997691662003354850e+03 9.568005921499356554e-17
4.000733072188022106e+03 1.156880455033245846e-16
4.003774482372688908e+03 1.419138427091967375e-16
4.006815892557356165e+03 9.502767505301273472e-17
4.009857302742022966e+03 1.011713173935204766e-16
4.012898712926689768e+03 1.073132809569540133e-16
4.015940123111357025e+03 1.134545640032177352e-16
4.018981533296023827e+03 1.195941784473477193e-16
4.022022943480691083e+03 1.257331146074865338e-16
4.025064353665357885e+03 1.318708790285963119e-16
4.028105763850025141e+03 1.380069861602311774e-16
4.031147174034691943e+03 1.276066605571549315e-16
4.034188584219359200e+03 1.376298858296765448e-16
4.037229994404026002e+03 1.245083165875785125e-16
4.040271404588692803e+03 1.302796793240694906e-16
4.043312814773360060e+03 1.804704301392648864e-16
4.046354224958026862e+03 1.523335050109410445e-16
4.049395635142694118e+03 1.528295056418381628e-16
4.052437045327360920e+03 1.631813997012889834e-16
4.055478455512028177e+03 1.312075096472797008e-16
4.058519865696694978e+03 1.875004491118534139e-16
4.061561275881362235e+03 1.463833150969008573e-16
4.064602686066029037e+03 1.010146913526276059e-16
4.067644096250695839e+03 1.200101788621483800e-16
4.070685506435363095e+03 1.150066787033068553e-16
4.073726916620029897e+03 1.297293012654573275e-16
4.076768326804697153e+03 1.260552175153920021e-16
4.079809736989363955e+03 1.432809858846190327e-16
4.082851147174031212e+03 1.427923151116694501e-16
4.085892557358698014e+03 1.236206506252085860e-16
4.088933967543364815e+03 1.290252131924686574e-16
4.091975377728032072e+03 1.455510775396670046e-16
4.095016787912698874e+03 1.110696144453522610e-16
4.098058198097365675e+03 1.348812604469774188e-16
4.101099608282032932e+03 1.514584581890409672e-16
4.104141018466700189e+03 1.688383849977857346e-16
4.107182428651367445e+03 1.569874768546098918e-16
4.110223838836033792e+03 1.562366702060474694e-16
4.113265249020701049e+03 1.268613982488024738e-16
4.116306659205368305e+03 1.031122136052918574e-16
4.119348069390034652e+03 1.187143104520792965e-16
4.122389479574701909e+03 1.104617254042891277e-16
4.125430889759369165e+03 1.114618442494188205e-16
4.128472299944036422e+03 1.124619469898701550e-16
4.131513710128702769e+03 1.134618641069507918e-16
4.134555120313370026e+03 1.144615878319363497e-16
4.137596530498037282e+03 1.154611334904121300e-16
4.140637940682703629e+03 1.164604856044965037e-16
4.143679350867370886e+03 1.174594978410105980e-16
4.146720761052038142e+03 1.326504441039910168e-16
4.149762171236705399e+03 1.453506598511610176e-16
4.152803581421371746e+03 1.159864750421303798e-16
4.155844991606039002e+03 1.196795912718629879e-16
4.158886401790706259e+03 1.353284053755493758e-16
4.161927811975372606e+03 1.319354916135223434e-16
4.164969222160039863e+03 1.088384899391414251e-16
4.168010632344707119e+03 1.077539768782359809e-16
4.171052042529374376e+03 1.210033942098327895e-16
4.174093452714040723e+03 1.283813211736953693e-16
4.177134862898707979e+03 1.298866510757702703e-16
4.180176273083375236e+03 1.332509200944101857e-16
4.183217683268041583e+03 1.152400758766151593e-16
4.186259093452708839e+03 1.236903031424280465e-16
4.189300503637376096e+03 1.506891152511062845e-16
4.192341913822043352e+03 1.376049615635291692e-16
4.195383324006709699e+03 1.380110686723429578e-16
4.198424734191376956e+03 1.488860466717835995e-16
4.201466144376044213e+03 1.374819697869298358e-16
4.204507554560710560e+03 1.083691325939618212e-16
4.207548964745377816e+03 9.682242976988041879e-17
4.210590374930045073e+03 1.176059984206133552e-16
4.213631785114712329e+03 9.482383070982826527e-17
4.216673195299378676e+03 8.716427404047315702e-17
4.219714605484045933e+03 8.711242326971872170e-17
4.222756015668713189e+03 8.964204705524998558e-17
4.225797425853379536e+03 7.356246811411607923e-17
4.228838836038046793e+03 8.691734234065081260e-17
4.231880246222714050e+03 9.816191354833364047e-17
4.234921656407381306e+03 8.688940105593909779e-17
4.237963066592047653e+03 9.090780104725378249e-17
4.241004476776714910e+03 5.386754811316099581e-17
4.244045886961382166e+03 7.736291912831457246e-17
4.247087297146048513e+03 7.856335143669687714e-17
4.250128707330715770e+03 8.402913033624193054e-17
4.253170117515383026e+03 6.144057449596681655e-17
4.256211527700050283e+03 9.062719113464355668e-17
4.259252937884716630e+03 1.032977697459107418e-16
4.262294348069383886e+03 8.144134139093307298e-17
4.265335758254051143e+03 8.053184840499121372e-17
4.268377168438718400e+03 9.488765645065302307e-17
4.271418578623384747e+03 9.424268705232258336e-17
4.274459988808052003e+03 1.015041964202164065e-16
4.277501398992719260e+03 8.584455217968724425e-17
4.280542809177385607e+03 1.083532524208205214e-16
4.283584219362052863e+03 9.640867492073893149e-17
4.286625629546720120e+03 8.931527991929206153e-17
4.289667039731387376e+03 1.059197830797277465e-16
4.292708449916053723e+03 1.000708266142660915e-16
4.295749860100720980e+03 1.197363040183565014e-16
4.298791270285388237e+03 1.299635079277988056e-16
4.301832680470054584e+03 9.793535498702532665e-17
4.304874090654721840e+03 9.799971578128212569e-17
4.307915500839389097e+03 1.183449267985780068e-16
4.310956911024056353e+03 1.006416787584523738e-16
4.313998321208722700e+03 1.066729668101136012e-16
4.317039731393389957e+03 9.747952575476511178e-17
4.320081141578057213e+03 1.089350757583112687e-16
4.323122551762724470e+03 1.207570134308025801e-16
4.326163961947390817e+03 1.004651181689870566e-16
4.329205372132058073e+03 1.166707866674064574e-16
4.332246782316725330e+03 1.299758995430929396e-16
4.335288192501391677e+03 1.218171743631523114e-16
4.338329602686058934e+03 1.091680809954364173e-16
4.341371012870726190e+03 1.032328452595717558e-16
4.344412423055393447e+03 1.226627779374167388e-16
4.347453833240059794e+03 1.179188781105099623e-16
4.350495243424727050e+03 1.221280246718239387e-16
4.353536653609394307e+03 1.161666925866391400e-16
4.356578063794060654e+03 1.143703965564675809e-16
4.359619473978727910e+03 1.022490606526583818e-16
4.362660884163395167e+03 8.930641804868381588e-17
4.365702294348062424e+03 1.061804573391746296e-16
4.368743704532728771e+03 1.030366624594531567e-16
4.371785114717396027e+03 1.807553854005737270e-16
4.374826524902063284e+03 2.666851317929968632e-16
4.377867935086729631e+03 1.876221568392231966e-16
4.380909345271396887e+03 9.380396835400229385e-17
4.383950755456064144e+03 1.036477623511397670e-16
4.386992165640731400e+03 1.075220278493905005e-16
4.390033575825397747e+03 9.683378963960375124e-17
4.393074986010065004e+03 9.675332074157188701e-17
4.396116396194732260e+03 1.070732678642843533e-16
4.399157806379398608e+03 1.024825908756310865e-16
4.402199216564065864e+03 9.818300305347808781e-17
4.405240626748733121e+03 7.678877627666249758e-17
4.408282036933400377e+03 9.374593469773702297e-17
4.411323447118066724e+03 8.621292532822487277e-17
4.414364857302733981e+03 7.017264426383839918e-17
4.417406267487401237e+03 8.235010213350024337e-17
4.420447677672067584e+03 7.814127637566994565e-17
4.423489087856734841e+03 7.666235993093489876e-17
4.426530498041402097e+03 7.612349616500052491e-17
4.429571908226069354e+03 8.192395704460713874e-17
4.432613318410735701e+03 7.486588197564457396e-17
4.435654728595402958e+03 8.208554183070789600e-17
4.438696138780070214e+03 8.655400500378029787e-17
4.441737548964736561e+03 6.950486341509453324e-17
4.444778959149403818e+03 8.116893234321648649e-17
4.447820369334071074e+03 8.961846679803648159e-17
4.450861779518738331e+03 8.949260945710407529e-17
4.453903189703404678e+03 7.880870801006082491e-17
4.456944599888071934e+03 9.981136307809294008e-17
4.459986010072739191e+03 1.041385748778371849e-16
4.463027420257405538e+03 9.764116857780510618e-17
4.466068830442072795e+03 9.983549843931309390e-17
4.469110240626740051e+03 9.609967973860050592e-17
4.472151650811407308e+03 9.276783307672758949e-17
4.475193060996073655e+03 9.883807571046670274e-17
4.478234471180740911e+03 1.003813636370386358e-16
4.481275881365408168e+03 1.029758399423476869e-16
4.484317291550074515e+03 1.109949400957986673e-16
4.487358701734741771e+03 1.166037002392361072e-16
4.490400111919409028e+03 1.160338873465009298e-16
4.493441522104076284e+03 1.116850738184506401e-16
4.496482932288742631e+03 9.863973454076637170e-17
4.499524342473409888e+03 9.881426025630374994e-17
4.502565752658077145e+03 1.176168773730016737e-16
4.505607162842743492e+03 1.311721114899458830e-16
4.508648573027410748e+03 1.233362785907894572e-16
4.511689983212078005e+03 1.215337596122756916e-16
4.514731393396745261e+03 1.167362639719157500e-16
4.517772803581411608e+03 1.202493776779749041e-16
4.520814213766078865e+03 1.063717132994065365e-16
4.523855623950746121e+03 1.086853368370851617e-16
4.526897034135412468e+03 1.128911681428966734e-16
4.529938444320079725e+03 9.557510164746236453e-17
4.532979854504746982e+03 1.041013271159723183e-16
4.536021264689414238e+03 1.048618386821371128e-16
4.539062674874080585e+03 1.236631647999862836e-16
4.542104085058747842e+03 1.099482357256974551e-16
4.545145495243415098e+03 1.086877468538674601e-16
4.548186905428082355e+03 1.093976077844120400e-16
4.551228315612748702e+03 1.334201637131617505e-16
4.554269725797415958e+03 1.172513268496039690e-16
4.557311135982083215e+03 1.136585776089811505e-16
4.560352546166750471e+03 1.108214265643296482e-16
4.563393956351416819e+03 1.143784271451165586e-16
4.566435366536084075e+03 1.224830630704727618e-16
4.569476776720751332e+03 1.211931247846330917e-16
4.572518186905417679e+03 1.131301742282405582e-16
4.575559597090084935e+03 1.331638988628337251e-16
4.578601007274752192e+03 1.262178239944042006e-16
4.581642417459419448e+03 1.319561035815879243e-16
4.584683827644085795e+03 1.282357533206276582e-16
4.587725237828753052e+03 1.572997439103985789e-16
4.590766648013420308e+03 1.613707774058680683e-16
4.593808058198086655e+03 1.469777072647729614e-16
4.596849468382753912e+03 1.474345350696753589e-16
4.599890878567421169e+03 1.451890461458262560e-16
4.602932288752088425e+03 1.445951131732142073e-16
4.605973698936754772e+03 1.331161858157893656e-16
4.609015109121422029e+03 1.479744826572562886e-16
4.612056519306089285e+03 1.395809740775983681e-16
4.615097929490755632e+03 1.533820858042907374e-16
4.618139339675422889e+03 1.617224522531326063e-16
4.621180749860090145e+03 1.657812135466538771e-16
4.624222160044757402e+03 1.651776882228464867e-16
4.627263570229423749e+03 1.532184855879142973e-16
4.630304980414091006e+03 1.654032073080739628e-16
4.633346390598758262e+03 1.718607258372344857e-16
4.636387800783424609e+03 1.311087584303542773e-16
4.639429210968091866e+03 1.429055493598074527e-16
4.642470621152759122e+03 1.564197874513309547e-16
4.645512031337426379e+03 1.434840251478114133e-16
4.648553441522092726e+03 1.530602833060487690e-16
4.651594851706759982e+03 1.391305661412142336e-16
4.654636261891427239e+03 1.382171282167909231e-16
4.657677672076093586e+03 1.295278999504326053e-16
4.660719082260760842e+03 1.454791151677837488e-16
4.663760492445428099e+03 1.381653707862222939e-16
4.666801902630095356e+03 1.339306593462175161e-16
4.669843312814761703e+03 1.433788824074902361e-16
4.672884722999428959e+03 1.204763829198273590e-16
4.675926133184096216e+03 1.334763927008505047e-16
4.678967543368762563e+03 1.326107588130974445e-16
4.682008953553429819e+03 1.401066775262606170e-16
4.685050363738097076e+03 1.312385066581109390e-16
4.688091773922764332e+03 1.322886303308199397e-16
4.691133184107430679e+03 1.315125191447188860e-16
4.694174594292097936e+03 1.199100882688088933e-16
4.697216004476765193e+03 1.204187504661385702e-16
4.700257414661431540e+03 1.228318492858120304e-16
4.703298824846098796e+03 1.087475783394660087e-16
4.706340235030766053e+03 1.039424675883680687e-16
4.709381645215433309e+03 1.259538720150087330e-16
4.712423055400099656e+03 1.112309187788039417e-16
4.715464465584766913e+03 1.047424111045578744e-16
4.718505875769434169e+03 1.206846570735294640e-16
4.721547285954100516e+03 1.032641475446508519e-16
4.724588696138767773e+03 1.008560396787751852e-16
4.727630106323435029e+03 1.007892281165777244e-16
4.730671516508102286e+03 9.455872548755841361e-17
4.733712926692768633e+03 8.900198688054093814e-17
4.736754336877435890e+03 7.688251759545520836e-17
4.739795747062103146e+03 6.065341585392257660e-17
4.742837157246769493e+03 7.170254107207650029e-17
4.745878567431436750e+03 6.536280896006698157e-17
4.748919977616104006e+03 6.076096928279372021e-17
4.751961387800771263e+03 7.132642806401443999e-17
4.755002797985437610e+03 6.035239936628525282e-17
4.758044208170104866e+03 5.515782925777098798e-17
4.761085618354772123e+03 6.789502091455731227e-17
4.764127028539438470e+03 7.036272254472069863e-17
4.767168438724105727e+03 5.664293283767551847e-17
4.770209848908772983e+03 7.392958761638630754e-17
4.773251259093440240e+03 1.011791789040754179e-16
4.776292669278106587e+03 1.141404348429259485e-16
4.779334079462773843e+03 1.238910148551482189e-16
4.782375489647441100e+03 1.195667420000604940e-16
4.785416899832107447e+03 1.308809581455111909e-16
4.788458310016774703e+03 1.180357835847426984e-16
4.791499720201441960e+03 1.251017690923868370e-16
4.794541130386109216e+03 1.531692471023919609e-16
4.797582540570775564e+03 1.534096933183346401e-16
4.800623950755442820e+03 1.479244345092602911e-16
4.803665360940110077e+03 1.337228943615342706e-16
4.806706771124777333e+03 1.558421824428317044e-16
4.809748181309443680e+03 1.454171410091002712e-16
4.812789591494110937e+03 1.498946104462593184e-16
4.815831001678778193e+03 1.536726413251347690e-16
4.818872411863445450e+03 1.602331538226421988e-16
4.821913822048111797e+03 1.612077633037284869e-16
4.824955232232779053e+03 1.565826321049839085e-16
4.827996642417445400e+03 1.611632920129662391e-16
4.831038052602112657e+03 1.573528780794198461e-16
4.834079462786779914e+03 1.557216222535662113e-16
4.837120872971447170e+03 1.468235286136738341e-16
4.840162283156114427e+03 1.549122419952536136e-16
4.843203693340780774e+03 1.352326531777649545e-16
4.846245103525448030e+03 1.416006419070375210e-16
4.849286513710115287e+03 1.390406631265125581e-16
4.852327923894781634e+03 1.280418386174585689e-16
4.855369334079448890e+03 1.406133060458782989e-16
4.858410744264116147e+03 1.238485317647774690e-16
4.861452154448783403e+03 1.264996084899372667e-16
4.864493564633449751e+03 1.227704598645993592e-16
4.867534974818117007e+03 1.147100435212383605e-16
4.870576385002784264e+03 1.133264233891281464e-16
4.873617795187450611e+03 1.249879920885492346e-16
4.876659205372117867e+03 1.147801125814548611e-16
4.879700615556785124e+03 1.237160998206097306e-16
4.882742025741452380e+03 1.171990368196785033e-16
4.885783435926118727e+03 1.273627083527326982e-16
4.888824846110785984e+03 1.170292178785205761e-16
4.891866256295453240e+03 9.758883209381396667e-17
4.894907666480119588e+03 1.333553716809341595e-16
4.897949076664786844e+03 1.281249112853332550e-16
4.900990486849454101e+03 1.295139423326347165e-16
4.904031897034121357e+03 1.325282523100568879e-16
4.907073307218787704e+03 1.229596116290312973e-16
4.910114717403454961e+03 1.286092288342411240e-16
4.913156127588122217e+03 1.339877265470035908e-16
4.916197537772788564e+03 1.221973265107627861e-16
4.919238947957455821e+03 1.403079914639799729e-16
4.922280358142123077e+03 1.159419307751629166e-16
4.925321768326790334e+03 1.257277978367388863e-16
4.928363178511456681e+03 1.199207208562092667e-16
4.931404588696123938e+03 1.144283560709585441e-16
4.934445998880791194e+03 1.102302654522005807e-16
4.937487409065457541e+03 9.106902604583416613e-17
4.940528819250124798e+03 9.799741027854932509e-17
4.943570229434792054e+03 8.916131960677644269e-17
4.946611639619459311e+03 1.000945860211293293e-16
4.949653049804125658e+03 9.923504553389307695e-17
4.952694459988792914e+03 9.539359258355118168e-17
4.955735870173460171e+03 7.779866599873400458e-17
4.958777280358126518e+03 9.578593196785340758e-17
4.961818690542793775e+03 9.302111686729354577e-17
4.964860100727461031e+03 8.868540331405688285e-17
4.967901510912128288e+03 8.835267284619685462e-17
4.970942921096794635e+03 8.814982091258330598e-17
4.973984331281461891e+03 9.774857236181857206e-17
4.977025741466129148e+03 1.073256600127734484e-16
4.980067151650795495e+03 1.079413932588995544e-16
4.983108561835462751e+03 1.183910788856227565e-16
4.986149972020130008e+03 1.020782094059807382e-16
4.989191382204797264e+03 1.148846248431089378e-16
4.992232792389463611e+03 1.291443296249129330e-16
4.995274202574130868e+03 1.331319660820116480e-16
4.998315612758798125e+03 1.233721479356552920e-16
5.001357022943464472e+03 1.535545554150934745e-16
5.004398433128131728e+03 1.014662253252657680e-16
5.007439843312798985e+03 1.380337814226452967e-16
5.010481253497466241e+03 1.643434264795351027e-16
5.013522663682133498e+03 1.624053728700245558e-16
5.016564073866799845e+03 1.562248918562011578e-16
5.019605484051467101e+03 1.507098422912122249e-16
5.022646894236133448e+03 1.554657062281537041e-16
5.025688304420800705e+03 1.562573516929390702e-16
5.028729714605467962e+03 1.670041027555719788e-16
5.031771124790135218e+03 1.742870245821370370e-16
5.034812534974802475e+03 1.648933147665092494e-16
5.037853945159468822e+03 1.664455674319516821e-16
5.040895355344136078e+03 1.878396634995388544e-16
5.043936765528802425e+03 1.737997436995976117e-16
5.046978175713469682e+03 1.617770222954866335e-16
5.050019585898136938e+03 2.027157999913414730e-16
5.053060996082804195e+03 9.226796565973540928e-17
5.056102406267471451e+03 1.928171737652360215e-16
5.059143816452137798e+03 1.789882861467242171e-16
5.062185226636805055e+03 1.742414782695728395e-16
5.065226636821471402e+03 1.714018522650958802e-16
5.068268047006138659e+03 1.659382281347209742e-16
5.071309457190805915e+03 1.629973610670219557e-16
5.074350867375473172e+03 1.682821168533446426e-16
5.077392277560140428e+03 1.724873146651612427e-16
5.080433687744806775e+03 1.730156774440772938e-16
5.083475097929474032e+03 1.764156789763001376e-16
5.086516508114140379e+03 1.794523960989155102e-16
5.089557918298807635e+03 1.754124433943037798e-16
5.092599328483474892e+03 1.691150237300035184e-16
5.095640738668142149e+03 1.736643541152925693e-16
5.098682148852809405e+03 1.800038580109951401e-16
5.101723559037475752e+03 1.864010790505264815e-16
5.104764969222143009e+03 1.665252532619409115e-16
5.107806379406810265e+03 1.609067483761397406e-16
5.110847789591476612e+03 1.560177089187851845e-16
5.113889199776143869e+03 1.668287087746117226e-16
5.116930609960811125e+03 1.440086493310418292e-16
5.119972020145478382e+03 1.422684511026383426e-16
5.123013430330144729e+03 1.488036347320219373e-16
5.126054840514811985e+03 1.400081223453131762e-16
5.129096250699479242e+03 1.370305527909987866e-16
5.132137660884145589e+03 1.318108245613554126e-16
5.135179071068812846e+03 1.316010962369851593e-16
5.138220481253480102e+03 1.370204640690093313e-16
5.141261891438147359e+03 1.295900796809646443e-16
5.144303301622813706e+03 1.191234295226393365e-16
5.147344711807480962e+03 1.277381134069165534e-16
5.150386121992148219e+03 1.149387350724521223e-16
5.153427532176814566e+03 1.128436824424651232e-16
5.156468942361481822e+03 1.342747502878626594e-16
5.159510352546149079e+03 1.355377844377727773e-16
5.162551762730816336e+03 1.433531990764537840e-16
5.165593172915482683e+03 1.317434931201351038e-16
5.168634583100149939e+03 1.583282048588722455e-16
5.171675993284817196e+03 1.548381396473608907e-16
5.174717403469483543e+03 1.566825027220894227e-16
5.177758813654150799e+03 1.505994706172598135e-16
5.180800223838818056e+03 1.555239557432149122e-16
5.183841634023485312e+03 1.535254729700282293e-16
5.186883044208151659e+03 1.463201120288193802e-16
5.189924454392818916e+03 1.460214740734853171e-16
5.192965864577486172e+03 1.586615640714922875e-16
5.196007274762152520e+03 1.592122272078907685e-16
5.199048684946819776e+03 1.583340688756465930e-16
5.202090095131487033e+03 1.641995789464966605e-16
5.205131505316154289e+03 1.556193968474304331e-16
5.208172915500820636e+03 1.543890145580767041e-16
5.211214325685487893e+03 1.609393650181736533e-16
5.214255735870155149e+03 1.591540927400275314e-16
5.217297146054821496e+03 1.465183711642877579e-16
5.220338556239488753e+03 1.513577704944188094e-16
5.223379966424156009e+03 1.413138350946433627e-16
5.226421376608823266e+03 1.553099021042960755e-16
5.229462786793489613e+03 1.648021525284522828e-16
5.232504196978156870e+03 1.665777281320997993e-16
5.235545607162824126e+03 1.744023254094446296e-16
5.238587017347490473e+03 1.653336143227201728e-16
5.241628427532157730e+03 1.717038690462071410e-16
5.244669837716824986e+03 1.724268415667259526e-16
5.247711247901492243e+03 1.632510603315621055e-16
5.250752658086159499e+03 1.605413568306379571e-16
5.253794068270825846e+03 1.488712168415757110e-16
5.256835478455493103e+03 1.605742489981121752e-16
5.259876888640159450e+03 1.602470797883911672e-16
5.262918298824826707e+03 1.534854091457030762e-16
5.265959709009493963e+03 1.539802181518781177e-16
5.269001119194161220e+03 1.518969756169766588e-16
5.272042529378828476e+03 1.585144985670607793e-16
5.275083939563494823e+03 1.486183409011168131e-16
5.278125349748162080e+03 1.599469102511937782e-16
5.281166759932828427e+03 1.675536375539722281e-16
5.284208170117495683e+03 1.747961687981724814e-16
5.287249580302162940e+03 1.657901432874567594e-16
5.290290990486830196e+03 1.700329420067906889e-16
5.293332400671497453e+03 1.581686018235108216e-16
5.296373810856163800e+03 1.551396865802433797e-16
5.299415221040831057e+03 1.625137197261652756e-16
5.302456631225497404e+03 1.553642398935993286e-16
5.305498041410164660e+03 1.535724646469664272e-16
5.308539451594831917e+03 1.489191804822448331e-16
5.311580861779499173e+03 1.595042725562991276e-16
5.314622271964166430e+03 1.428894449763002193e-16
5.317663682148832777e+03 1.413482289358414472e-16
5.320705092333500033e+03 1.644078040872563970e-16
5.323746502518166380e+03 1.548277573156027801e-16
5.326787912702833637e+03 1.620454755301261557e-16
5.329829322887500894e+03 1.793970544801026295e-16
5.332870733072168150e+03 1.595675950513968879e-16
5.335912143256835407e+03 1.547536231923832547e-16
5.338953553441501754e+03 1.710237894163571170e-16
5.341994963626169010e+03 1.695030434116130733e-16
5.345036373810836267e+03 1.739642384656682229e-16
5.348077783995502614e+03 1.732900709152193521e-16
5.351119194180169870e+03 1.617839221990488959e-16
5.354160604364837127e+03 1.631148601753713863e-16
5.357202014549504383e+03 1.830216296453846306e-16
5.360243424734170731e+03 1.732698630821618239e-16
5.363284834918837987e+03 1.616053583953485730e-16
5.366326245103505244e+03 1.744449209135310847e-16
5.369367655288171591e+03 1.741933282357814071e-16
5.372409065472838847e+03 1.762693819536182630e-16
5.375450475657506104e+03 1.719227446102191329e-16
5.378491885842173360e+03 1.660838065659348816e-16
5.381533296026839707e+03 1.716740839311406484e-16
5.384574706211506964e+03 1.711806982255302648e-16
5.387616116396174220e+03 1.627666587628816206e-16
5.390657526580840567e+03 1.716212466186488646e-16
5.393698936765507824e+03 1.972478113267227628e-16
5.396740346950175081e+03 1.767760117250579668e-16
5.399781757134842337e+03 1.755471825938803418e-16
5.402823167319508684e+03 1.787547499920522543e-16
5.405864577504175941e+03 1.728648115942956393e-16
5.408905987688843197e+03 1.692412334466275542e-16
5.411947397873509544e+03 1.722454904618719581e-16
5.414988808058176801e+03 1.773878587342224122e-16
5.418030218242844057e+03 1.713657547164075733e-16
5.421071628427511314e+03 1.729321363152515090e-16
5.424113038612177661e+03 1.889271774402431314e-16
5.427154448796844918e+03 1.843266492980540303e-16
5.430195858981512174e+03 1.754230279679413149e-16
5.433237269166178521e+03 1.816782992521112841e-16
5.436278679350845778e+03 1.913803499415294343e-16
5.439320089535513034e+03 1.889610003043944889e-16
5.442361499720180291e+03 1.904819140622362901e-16
5.445402909904846638e+03 1.860763622506895804e-16
5.448444320089513894e+03 1.790520756167295493e-16
5.451485730274181151e+03 1.689032423413734345e-16
5.454527140458847498e+03 1.798359477723155925e-16
5.457568550643514754e+03 1.678621327726705517e-16
5.460609960828182011e+03 1.637852750151882671e-16
5.463651371012849268e+03 1.738209146013914346e-16
5.466692781197515615e+03 1.705965434493272016e-16
5.469734191382182871e+03 1.699111625376447842e-16
5.472775601566850128e+03 1.814781083133585745e-16
5.475817011751516475e+03 1.645142597285528709e-16
5.478858421936183731e+03 1.698766626656907134e-16
5.481899832120850988e+03 1.784331955097486926e-16
5.484941242305518244e+03 1.790585487541030723e-16
5.487982652490184591e+03 1.785711808222915930e-16
5.491024062674851848e+03 1.753583593259913539e-16
5.494065472859519105e+03 1.756717274545162893e-16
5.497106883044185452e+03 1.781812976115764187e-16
5.500148293228852708e+03 1.718647061737847083e-16
5.503189703413519965e+03 1.692594434006290010e-16
5.506231113598187221e+03 1.653445130961582756e-16
5.509272523782854478e+03 1.594245232179719506e-16
5.512313933967520825e+03 1.588094606305648560e-16
5.515355344152188081e+03 1.590862159874833891e-16
5.518396754336854428e+03 1.646244229653145040e-16
5.521438164521521685e+03 1.655381460606398190e-16
5.524479574706188941e+03 1.532393733816327382e-16
5.527520984890856198e+03 1.677219743135434030e-16
5.530562395075523455e+03 1.806538772661393782e-16
5.533603805260189802e+03 1.783827610911138954e-16
5.536645215444857058e+03 1.882920668829236359e-16
5.539686625629523405e+03 1.908843572935266892e-16
5.542728035814190662e+03 1.782038568613103665e-16
5.545769445998857918e+03 1.812517293722585812e-16
5.548810856183525175e+03 1.887258192743032124e-16
5.551852266368192431e+03 1.930961691226911683e-16
5.554893676552858778e+03 2.005330701208267591e-16
5.557935086737526035e+03 1.976878647320714828e-16
5.560976496922192382e+03 1.966726280186983740e-16
5.564017907106859639e+03 2.115099067843653068e-16
5.567059317291526895e+03 2.131672508285670089e-16
5.570100727476194152e+03 2.117981538863243816e-16
5.573142137660861408e+03 2.081002968624578660e-16
5.576183547845527755e+03 2.044030568739651330e-16
5.579224958030195012e+03 2.007064321498737388e-16
5.582266368214861359e+03 1.970104209340156691e-16
5.585307778399528615e+03 1.933156239926730921e-16
5.588349188584195872e+03 2.088034565743550556e-16
5.591390598768863128e+03 2.036122927705215564e-16
5.594432008953530385e+03 1.896329410224213447e-16
5.597473419138196732e+03 1.952901472621711202e-16
5.600514829322863989e+03 2.102269558318999703e-16
5.603556239507531245e+03 1.954895270250668183e-16
5.606597649692197592e+03 1.936268489876461257e-16
5.609639059876864849e+03 1.897526571916108199e-16
5.612680470061532105e+03 1.985819269173638151e-16
5.615721880246199362e+03 1.892692051314899114e-16
5.618763290430865709e+03 1.896770774019837035e-16
5.621804700615532965e+03 1.999988158510001316e-16
5.624846110800200222e+03 1.862902149847646569e-16
5.627887520984866569e+03 1.779463701017890401e-16
5.630928931169533826e+03 1.746141095459321717e-16
5.633970341354201082e+03 1.766725922634824129e-16
5.637011751538868339e+03 1.696565801028312526e-16
5.640053161723534686e+03 1.733833839850885875e-16
5.643094571908201942e+03 1.637287532482665942e-16
5.646135982092869199e+03 1.646554222329983990e-16
5.649177392277535546e+03 1.719410346931235680e-16
5.652218802462202802e+03 1.742873938981411942e-16
5.655260212646870059e+03 1.785042598943434351e-16
5.658301622831537316e+03 1.684123889829222984e-16
5.661343033016203663e+03 1.536379498905961766e-16
5.664384443200870919e+03 1.655612620944659522e-16
5.667425853385538176e+03 1.617174281158862777e-16
5.670467263570204523e+03 1.614598972339259517e-16
5.673508673754871779e+03 1.576022265432409032e-16
5.676550083939539036e+03 1.513969371460843480e-16
5.679591494124206292e+03 1.599318649614286973e-16
5.682632904308872639e+03 1.513476502995786438e-16
5.685674314493539896e+03 1.597896699468153078e-16
5.688715724678207152e+03 1.618157705911780145e-16
5.691757134862873500e+03 1.570540750694643687e-16
5.694798545047540756e+03 1.662260724347570452e-16
5.697839955232208013e+03 1.624047871987140641e-16
5.700881365416875269e+03 1.636399861821705939e-16
5.703922775601541616e+03 1.630164058640579279e-16
5.706964185786208873e+03 1.570888265988574591e-16
5.710005595970876129e+03 1.547619567112121550e-16
5.713047006155542476e+03 1.544215647628704500e-16
5.716088416340209733e+03 1.613339239590414436e-16
5.719129826524876989e+03 1.472503708504613118e-16
5.722171236709544246e+03 1.329666604350437523e-16
5.725212646894210593e+03 1.479936842080443115e-16
5.728254057078877850e+03 1.486404359748059528e-16
5.731295467263545106e+03 1.472771123429254690e-16
5.734336877448211453e+03 1.329830178286164947e-16
5.737378287632878710e+03 1.253700345665691493e-16
5.740419697817545966e+03 1.247597529189896155e-16
5.743461108002213223e+03 1.294845429919046268e-16
5.746502518186880479e+03 1.155210243287944097e-16
5.749543928371546826e+03 1.014829182987447201e-16
5.752585338556214083e+03 9.963404283212256065e-17
5.755626748740880430e+03 1.003342676328026539e-16
5.758668158925547687e+03 9.891203440670372071e-17
5.761709569110214943e+03 8.797537413192617796e-17
5.764750979294882200e+03 7.177160817448918846e-17
5.767792389479549456e+03 8.156365783365842799e-17
5.770833799664215803e+03 8.438448316192627964e-17
5.773875209848883060e+03 7.389998263654975783e-17
5.776916620033549407e+03 6.108734517338120656e-17
5.779958030218216663e+03 6.183914894416125285e-17
5.782999440402883920e+03 6.005777513714603460e-17
5.786040850587551176e+03 5.627201585800771394e-17
5.789082260772218433e+03 5.452466506995917503e-17
5.792123670956884780e+03 6.410875999817527535e-17
5.795165081141552037e+03 5.622294925578383049e-17
5.798206491326218384e+03 5.797125192706104032e-17
5.801247901510885640e+03 6.233915865196785781e-17
5.804289311695552897e+03 6.437489937623268558e-17
5.807330721880220153e+03 6.199616348393687372e-17
5.810372132064887410e+03 6.538329115544999246e-17
5.813413542249553757e+03 6.939312877994791674e-17
5.816454952434221013e+03 6.785589545517702608e-17
5.819496362618887360e+03 7.201550039498781383e-17
5.822537772803554617e+03 7.575339076567617653e-17
5.825579182988221874e+03 9.115642067965537954e-17
5.828620593172889130e+03 7.657201493905541616e-17
5.831662003357556387e+03 8.503362674769928323e-17
5.834703413542222734e+03 9.710970472119602660e-17
5.837744823726889990e+03 9.746804269198668492e-17
5.840786233911557247e+03 1.017727163029593551e-16
5.843827644096223594e+03 1.079933703037987683e-16
5.846869054280890850e+03 1.150124314532160915e-16
5.849910464465558107e+03 1.109318228329344085e-16
5.852951874650225363e+03 1.191897781056060870e-16
5.855993284834891710e+03 1.292699490072861338e-16
5.859034695019558967e+03 1.287932441287604467e-16
5.862076105204225314e+03 1.456771038047073425e-16
5.865117515388892571e+03 1.577491313961641502e-16
5.868158925573559827e+03 1.678527308734313623e-16
5.871200335758227084e+03 1.565792849194719476e-16
5.874241745942894340e+03 1.646956071082573405e-16
5.877283156127560687e+03 1.666070425579086762e-16
5.880324566312227944e+03 1.822456432476567269e-16
5.883365976496894291e+03 1.814758608027557764e-16
5.886407386681561547e+03 1.770125242875653986e-16
5.889448796866228804e+03 1.919712479966524920e-16
5.892490207050896061e+03 1.949556942165268942e-16
5.895531617235563317e+03 2.062980626057161850e-16
5.898573027420230574e+03 2.058968143642442608e-16
5.901614437604896921e+03 1.957055601551912646e-16
5.904655847789563268e+03 2.110972327000567762e-16
5.907697257974230524e+03 2.017281601404964597e-16
5.910738668158897781e+03 2.096677830452760089e-16
5.913780078343565037e+03 2.004132049707361953e-16
5.916821488528232294e+03 2.128412499094267578e-16
5.919862898712899550e+03 2.252695869673206241e-16
5.922904308897565897e+03 2.376962211071607458e-16
5.925945719082232245e+03 2.448210213252961481e-16
5.928987129266899501e+03 2.139492960097460108e-16
5.932028539451566758e+03 2.182335392516960381e-16
5.935069949636234014e+03 2.147068179110377725e-16
5.938111359820901271e+03 2.025912637288789629e-16
5.941152770005568527e+03 2.151472051020007906e-16
5.944194180190234874e+03 2.108129313339092685e-16
5.947235590374901221e+03 2.113882741689698788e-16
5.950277000559568478e+03 2.095678070570970491e-16
5.953318410744235734e+03 2.118412887773786223e-16
5.956359820928902991e+03 2.137764586279674250e-16
5.959401231113570248e+03 2.111831431862631727e-16
5.962442641298237504e+03 2.202602107140947544e-16
5.965484051482903851e+03 2.106249686803060388e-16
5.968525461667571108e+03 2.118963165954621825e-16
5.971566871852237455e+03 2.190177052568907554e-16
5.974608282036904711e+03 2.237747547934469456e-16
5.977649692221571968e+03 2.183735610730625530e-16
5.980691102406239224e+03 2.139571880140365504e-16
5.983732512590906481e+03 2.199409865011878325e-16
5.986773922775572828e+03 2.353217358167245364e-16
5.989815332960240085e+03 2.206692550140797180e-16
5.992856743144906432e+03 2.286052334093560575e-16
5.995898153329573688e+03 2.290793528349067412e-16
5.998939563514240945e+03 2.114605875504392055e-16
6.001980973698908201e+03 2.167963250694727993e-16
6.005022383883575458e+03 2.163974934963986564e-16
6.008063794068241805e+03 2.087928542226366590e-16
6.011105204252909061e+03 2.025807122030345943e-16
6.014146614437575408e+03 1.960607732505097261e-16
6.017188024622242665e+03 1.908224078085443535e-16
6.020229434806909921e+03 1.841327943767732223e-16
6.023270844991577178e+03 1.862573529573007456e-16
6.026312255176244435e+03 2.098755569532623055e-16
6.029353665360910782e+03 1.928591065437118282e-16
6.032395075545578038e+03 1.828363242806488832e-16
6.035436485730244385e+03 1.827621233246836441e-16
6.038477895914911642e+03 1.729282852302292966e-16
6.041519306099578898e+03 1.767443426597953091e-16
6.044560716284246155e+03 1.817233867245032653e-16
6.047602126468913411e+03 1.764207529348288112e-16
6.050643536653579758e+03 1.717152919362563237e-16
6.053684946838247015e+03 1.647696440844969951e-16
6.056726357022913362e+03 1.703263983990775745e-16
6.059767767207580619e+03 1.784892285095037309e-16
6.062809177392247875e+03 1.732282006903392141e-16
6.065850587576915132e+03 1.619381812640597266e-16
6.068891997761582388e+03 1.695150035733547445e-16
6.071933407946248735e+03 1.684469352524319304e-16
6.074974818130915992e+03 1.686366928491488692e-16
6.078016228315582339e+03 1.528421921415971546e-16
6.081057638500249595e+03 1.616068034248868643e-16
6.084099048684916852e+03 1.542354340392831100e-16
6.087140458869584108e+03 1.711413985438204057e-16
6.090181869054251365e+03 1.549320748260615999e-16
6.093223279238917712e+03 1.655674717711518685e-16
6.096264689423584969e+03 1.646623056585229414e-16
6.099306099608251316e+03 1.548718629816225829e-16
6.102347509792918572e+03 1.428024630754830762e-16
6.105388919977585829e+03 1.533094334472635330e-16
6.108430330162253085e+03 1.501016820148408613e-16
6.111471740346920342e+03 1.543860825942420277e-16
6.114513150531586689e+03 1.527126910678451678e-16
6.117554560716253945e+03 1.453396725182959729e-16
6.120595970900920292e+03 1.402832673369787997e-16
6.123637381085587549e+03 1.452657968145589411e-16
6.126678791270254806e+03 1.544152992971494234e-16
6.129720201454922062e+03 1.588901513917800986e-16
6.132761611639589319e+03 1.567152959344704482e-16
6.135803021824255666e+03 1.436328240520789386e-16
6.138844432008922922e+03 1.403237927936097522e-16
6.141885842193589269e+03 1.349948897252944815e-16
6.144927252378256526e+03 1.415942240869725143e-16
6.147968662562923782e+03 1.431593518847628059e-16
6.151010072747591039e+03 1.581448199419826695e-16
6.154051482932258295e+03 1.426265430207326733e-16
6.157092893116925552e+03 1.488273398955834421e-16
6.160134303301591899e+03 1.522224591936193443e-16
6.163175713486258246e+03 1.493776344118721037e-16
6.166217123670925503e+03 1.550134725441282818e-16
6.169258533855592759e+03 1.539996566085716220e-16
6.172299944040260016e+03 1.582865029618650369e-16
6.175341354224927272e+03 1.490702093294096686e-16
6.178382764409594529e+03 1.462624774874901026e-16
6.181424174594260876e+03 1.406411209198331631e-16
6.184465584778927223e+03 1.566999951407385423e-16
6.187506994963594479e+03 1.606469623422594098e-16
6.190548405148261736e+03 1.460378045542174914e-16
6.193589815332928993e+03 1.343284859277055099e-16
6.196631225517596249e+03 1.457975417769010014e-16
6.199672635702263506e+03 1.496010804003364649e-16
6.202714045886929853e+03 1.503853487783353547e-16
6.205755456071597109e+03 1.469029843604369481e-16
6.208796866256263456e+03 1.543392762997871480e-16
6.211838276440930713e+03 1.452710237063230692e-16
6.214879686625597969e+03 1.468646919432642534e-16
6.217921096810265226e+03 1.431946541027854164e-16
6.220962506994932482e+03 1.373557621840306650e-16
6.224003917179598830e+03 1.487478468414927330e-16
6.227045327364266086e+03 1.432925183462168592e-16
6.230086737548932433e+03 1.358644412808163996e-16
6.233128147733599690e+03 1.376817170994668575e-16
6.236169557918266946e+03 1.411383936982563256e-16
6.239210968102934203e+03 1.443743995583815779e-16
6.242252378287601459e+03 1.474063222184843212e-16
6.245293788472267806e+03 1.539674274682028756e-16
6.248335198656935063e+03 1.389701089975563092e-16
6.251376608841601410e+03 1.559492192652468101e-16
6.254418019026268666e+03 1.524098826406521166e-16
6.257459429210935923e+03 1.491149870438934786e-16
6.260500839395603180e+03 1.421497689550358155e-16
6.263542249580270436e+03 1.462587369891294768e-16
6.266583659764936783e+03 1.452280577567406733e-16
6.269625069949604040e+03 1.406642481833929153e-16
6.272666480134270387e+03 1.400749249619373893e-16
6.275707890318937643e+03 1.413300077780924211e-16
6.278749300503604900e+03 1.434742963715030267e-16
6.281790710688272156e+03 1.391535554688905443e-16
6.284832120872939413e+03 1.449318330534031919e-16
6.287873531057605760e+03 1.444465647993061067e-16
6.290914941242273017e+03 1.354468761544710717e-16
6.293956351426939364e+03 1.341232160854470032e-16
6.296997761611606620e+03 1.345963948971475177e-16
6.300039171796273877e+03 1.414145791384907769e-16
6.303080581980941133e+03 1.342863677638271560e-16
6.306121992165608390e+03 1.171005946667693873e-16
6.309163402350274737e+03 1.295134118534667451e-16
6.312204812534941993e+03 1.211097297516007507e-16
6.315246222719608340e+03 1.162024533685756419e-16
6.318287632904275597e+03 1.067464278162536825e-16
6.321329043088942854e+03 9.698959480946981345e-17
6.324370453273610110e+03 9.943342459645717609e-17
6.327411863458277367e+03 1.021107959776133441e-16
6.330453273642943714e+03 9.527055947323596432e-17
6.333494683827610970e+03 8.098878084422055870e-17
6.336536094012277317e+03 6.467894134927236766e-17
6.339577504196944574e+03 7.525509968959908137e-17
6.342618914381611830e+03 6.671205462858271846e-17
6.345660324566279087e+03 7.453287465848710135e-17
6.348701734750946343e+03 6.350085290811694600e-17
6.351743144935612690e+03 7.464704031313023136e-17
6.354784555120279947e+03 5.323425304388059753e-17
6.357825965304946294e+03 5.969294064816256122e-17
6.360867375489613551e+03 5.742255434188809384e-17
6.363908785674280807e+03 5.879889428432245135e-17
6.366950195858948064e+03 5.486688903846286361e-17
6.369991606043615320e+03 5.386118463593733114e-17
6.373033016228281667e+03 4.230231741770102003e-17
6.376074426412948924e+03 4.292447373547151635e-17
6.379115836597615271e+03 5.349389995752699707e-17
6.382157246782282527e+03 5.105864669331230003e-17
6.385198656966949784e+03 4.660643794105756912e-17
6.388240067151617041e+03 5.243197311060154877e-17
6.391281477336284297e+03 4.036689935804221519e-17
6.394322887520951554e+03 3.743459237572651162e-17
6.397364297705617901e+03 3.539314357417976138e-17
6.400405707890284248e+03 3.986690698059857591e-17
6.403447118074951504e+03 5.904533539122117646e-17
6.406488528259618761e+03 5.795941671299707468e-17
6.409529938444286017e+03 4.902039584278443772e-17
6.412571348628953274e+03 6.643403782096014070e-17
6.415612758813620530e+03 7.305929439620200676e-17
6.418654168998286877e+03 5.790513225786516219e-17
6.421695579182953225e+03 6.904539385157184319e-17
6.424736989367620481e+03 8.376133924036626520e-17
6.427778399552287738e+03 7.410984704731251525e-17
6.430819809736954994e+03 7.509984911198504009e-17
6.433861219921622251e+03 8.689572333152500318e-17
6.436902630106289507e+03 9.165994442312564735e-17
6.439944040290955854e+03 9.955131710561199295e-17
6.442985450475622201e+03 1.121195057031660093e-16
6.446026860660289458e+03 1.307250741158599624e-16
6.449068270844956714e+03 1.407139821322628704e-16
6.452109681029623971e+03 1.439245135915478016e-16
6.455151091214291228e+03 1.542796072602935068e-16
6.458192501398958484e+03 1.534632006056154920e-16
6.461233911583624831e+03 1.505842653614527088e-16
6.464275321768292088e+03 1.640443019900857970e-16
6.467316731952958435e+03 1.756686339456738437e-16
6.470358142137625691e+03 1.639522881727078314e-16
6.473399552322292948e+03 1.814785463056798074e-16
6.476440962506960204e+03 1.742383959190633742e-16
6.479482372691627461e+03 1.724925178544202743e-16
6.482523782876293808e+03 1.815533538134636127e-16
6.485565193060961064e+03 1.781077251476032359e-16
6.488606603245627412e+03 1.706386664141808540e-16
6.491648013430294668e+03 1.773379192078035622e-16
6.494689423614961925e+03 1.891318046708349920e-16
6.497730833799629181e+03 2.017518686567782197e-16
6.500772243984296438e+03 1.921052785865302383e-16
6.503813654168962785e+03 1.918157944476212992e-16
6.506855064353630041e+03 1.916114575751200246e-16
6.509896474538296388e+03 1.896505368644866902e-16
6.512937884722963645e+03 1.884691639449804440e-16
6.515979294907630901e+03 1.925756478812261883e-16
6.519020705092298158e+03 1.874257873056209404e-16
6.522062115276965415e+03 1.937369622144141081e-16
6.525103525461631762e+03 2.056382796988585999e-16
6.528144935646299018e+03 2.052598952676731029e-16
6.531186345830965365e+03 1.990114731786472101e-16
6.534227756015632622e+03 1.941206372320945491e-16
6.537269166200299878e+03 1.974459226278968138e-16
6.540310576384967135e+03 1.946257052752147885e-16
6.543351986569634391e+03 1.967312574071291946e-16
6.546393396754300738e+03 1.949691289085759070e-16
6.549434806938967995e+03 1.898172470026308646e-16
6.552476217123634342e+03 1.762063049711839045e-16
6.555517627308301599e+03 1.733780960976149912e-16
6.558559037492968855e+03 1.690584939518830197e-16
6.561600447677636112e+03 1.592005243816095280e-16
6.564641857862303368e+03 1.632141413511011654e-16
6.567683268046969715e+03 1.687940637357179795e-16
6.570724678231636972e+03 1.463005873874075086e-16
6.573766088416303319e+03 1.431469813052238084e-16
6.576807498600970575e+03 1.472375630685218213e-16
6.579848908785637832e+03 1.536515994536161275e-16
6.582890318970305088e+03 1.554687974026287631e-16
6.585931729154972345e+03 1.244668280280500629e-16
6.588973139339638692e+03 1.505597694156858879e-16
6.592014549524305949e+03 1.357368226482165048e-16
6.595055959708972296e+03 1.409984259821999018e-16
6.598097369893639552e+03 1.533339017152286051e-16
6.601138780078306809e+03 1.585698722343805288e-16
6.604180190262974065e+03 1.493333840864026185e-16
6.607221600447641322e+03 1.532331822915919675e-16
6.610263010632307669e+03 1.734235637863205021e-16
6.613304420816974925e+03 1.502244501759662135e-16
6.616345831001641272e+03 1.752042951910059620e-16
6.619387241186308529e+03 1.567202606520288772e-16
6.622428651370975786e+03 1.162306232778395359e-16
6.625470061555643042e+03 1.583082714076845617e-16
6.628511471740310299e+03 1.595279550060527811e-16
6.631552881924976646e+03 1.750027407260498855e-16
6.634594292109643902e+03 1.803628067517877892e-16
6.637635702294310249e+03 1.841379370331862809e-16
6.640677112478977506e+03 1.620395732133139094e-16
6.643718522663644762e+03 1.702921689039379041e-16
6.646759932848312019e+03 1.767705336936034351e-16
6.649801343032979275e+03 1.737286071345655540e-16
6.652842753217646532e+03 1.836487432075452867e-16
6.655884163402312879e+03 1.963696476830046251e-16
6.658925573586979226e+03 1.957493736824164029e-16
6.661966983771646483e+03 1.979524290785862775e-16
6.665008393956313739e+03 2.034043030770812864e-16
6.668049804140980996e+03 2.002200383005810812e-16
6.671091214325648252e+03 2.040953536841793705e-16
6.674132624510315509e+03 2.118355631031453403e-16
6.677174034694981856e+03 2.151496557018271323e-16
6.680215444879648203e+03 2.118145367199828230e-16
6.683256855064315459e+03 2.091236105429644068e-16
6.686298265248982716e+03 2.044101927931627929e-16
6.689339675433649973e+03 2.159764118511662108e-16
6.692381085618317229e+03 2.199614389660963567e-16
6.695422495802984486e+03 2.111022723598332259e-16
6.698463905987650833e+03 2.173930958359493717e-16
6.701505316172318089e+03 2.199938869780367136e-16
6.704546726356984436e+03 2.115792890764675548e-16
6.707588136541651693e+03 2.078920882149008868e-16
6.710629546726318949e+03 2.147087206276803775e-16
6.713670956910986206e+03 2.237355061268366097e-16
6.716712367095653462e+03 2.082916118054713125e-16
6.719753777280319810e+03 2.074350585982482590e-16
6.722795187464987066e+03 2.063370898510965606e-16
6.725836597649653413e+03 2.017729123778476165e-16
6.728878007834320670e+03 2.124484533599037841e-16
6.731919418018987926e+03 2.161666175879987285e-16
6.734960828203655183e+03 2.090293223035664513e-16
6.738002238388322439e+03 2.027010654852906143e-16
6.741043648572988786e+03 1.931486160093768598e-16
6.744085058757656043e+03 1.959289205455172178e-16
6.747126468942322390e+03 1.917650049943250285e-16
6.750167879126989646e+03 1.863300863259463478e-16
6.753209289311656903e+03 1.925740016765792568e-16
6.756250699496324160e+03 1.948428217523635225e-16
6.759292109680991416e+03 1.935719824898545544e-16
6.762333519865657763e+03 1.854877832551748066e-16
6.765374930050325020e+03 1.889544955566657108e-16
6.768416340234991367e+03 1.841980847810772100e-16
6.771457750419658623e+03 1.858017585750834661e-16
6.774499160604325880e+03 1.819238369640185457e-16
6.777540570788993136e+03 1.799883171277990799e-16
6.780581980973660393e+03 1.814072510967940913e-16
6.783623391158326740e+03 1.814137835110260101e-16
6.786664801342993997e+03 1.713750045772696043e-16
6.789706211527660344e+03 1.874044047842841798e-16
6.792747621712327600e+03 1.888555588607984596e-16
6.795789031896994857e+03 1.852181873680604361e-16
6.798830442081662113e+03 1.666967158260439151e-16
6.801871852266329370e+03 1.832194761901512115e-16
6.804913262450995717e+03 1.717780688447696376e-16
6.807954672635662973e+03 1.669950112149987473e-16
6.810996082820329320e+03 1.657093354264302561e-16
6.814037493004996577e+03 1.604649331389318974e-16
6.817078903189663833e+03 1.643407137277242136e-16
6.820120313374331090e+03 1.672017488688112195e-16
6.823161723558998347e+03 1.756781157421295210e-16
6.826203133743664694e+03 1.677494230657950717e-16
6.829244543928331950e+03 1.510310625468469405e-16
6.832285954112998297e+03 1.617881985067962448e-16
6.835327364297665554e+03 1.718007822331354389e-16
6.838368774482332810e+03 1.382615752362096708e-16
6.841410184667000067e+03 1.325208314676347725e-16
6.844451594851667323e+03 1.433906622170160472e-16
6.847493005036333670e+03 1.442395810000275849e-16
6.850534415221000927e+03 1.490173275064638687e-16
6.853575825405667274e+03 1.453645120086306319e-16
6.856617235590334531e+03 1.372090153113713568e-16
6.859658645775001787e+03 1.336749739926398366e-16
6.862700055959669044e+03 1.371407452580865045e-16
6.865741466144336300e+03 1.433413108569427705e-16
6.868782876329002647e+03 1.623002548412201457e-16
6.871824286513669904e+03 1.294931127668758267e-16
6.874865696698336251e+03 1.178401843571889005e-16
6.877907106883003507e+03 1.178762359366414647e-16
6.880948517067670764e+03 1.218522565359274037e-16
6.883989927252338020e+03 1.354624768767107277e-16
6.887031337437005277e+03 1.372275037308777594e-16
6.890072747621672534e+03 1.262304756929649476e-16
6.893114157806338881e+03 1.241808445690791336e-16
6.896155567991005228e+03 1.173169689786221009e-16
6.899196978175672484e+03 1.173068533926680996e-16
6.902238388360339741e+03 1.163291820236183459e-16
6.905279798545006997e+03 1.119992262596710767e-16
6.908321208729674254e+03 1.143331514481441846e-16
6.911362618914341510e+03 1.068192812629347767e-16
6.914404029099007857e+03 1.051815699658201273e-16
6.917445439283674204e+03 1.045646317802493954e-16
6.920486849468341461e+03 1.044412776229934177e-16
6.923528259653008718e+03 1.189259585915714174e-16
6.926569669837675974e+03 1.077542390043318390e-16
6.929611080022343231e+03 1.194641071868950153e-16
6.932652490207010487e+03 1.164563051526305067e-16
6.935693900391676834e+03 9.581685818923191024e-17
6.938735310576343181e+03 9.771813250217834501e-17
6.941776720761010438e+03 9.129748063077458214e-17
6.944818130945677694e+03 7.614000530030497681e-17
6.947859541130344951e+03 9.014123600317336874e-17
6.950900951315012207e+03 9.752288935766904881e-17
6.953942361499679464e+03 8.646970273766076068e-17
6.956983771684345811e+03 8.035529038997249926e-17
6.960025181869013068e+03 7.996223353385832553e-17
6.963066592053679415e+03 8.025116953292810080e-17
6.966108002238346671e+03 8.624091717464100485e-17
6.969149412423013928e+03 9.229001534043562460e-17
6.972190822607681184e+03 8.896516589281846398e-17
6.975232232792348441e+03 8.085510891959390467e-17
6.978273642977014788e+03 9.047570145764724902e-17
6.981315053161682044e+03 8.940705183495002059e-17
6.984356463346348391e+03 8.880690362541227383e-17
6.987397873531015648e+03 8.983129608052649538e-17
6.990439283715682905e+03 8.812429904816889230e-17
6.993480693900350161e+03 1.030852870999743544e-16
6.996522104085017418e+03 1.127345666779108443e-16
6.999563514269683765e+03 1.025279571159663367e-16
7.002604924454351021e+03 1.038082983780293569e-16
7.005646334639017368e+03 1.113187642399785211e-16
7.008687744823684625e+03 1.221826982295356590e-16
7.011729155008351881e+03 1.195654732301912884e-16
7.014770565193019138e+03 1.120884543984295587e-16
7.017811975377686394e+03 1.255585461966281891e-16
7.020853385562352742e+03 1.389516093979840303e-16
7.023894795747019998e+03 1.401965479992360184e-16
7.026936205931686345e+03 1.351250213031087271e-16
7.029977616116353602e+03 1.523852425097810527e-16
7.033019026301020858e+03 1.627143904608552858e-16
7.036060436485688115e+03 1.524768977632291344e-16
7.039101846670355371e+03 1.606217022797681041e-16
7.042143256855021718e+03 1.553765519345141092e-16
7.045184667039688975e+03 1.662982380455526420e-16
7.048226077224355322e+03 1.716343135648555314e-16
7.051267487409022579e+03 1.708870151617463608e-16
7.054308897593689835e+03 1.724992871953210113e-16
7.057350307778357092e+03 1.742604768375175783e-16
7.060391717963024348e+03 1.640941257440893923e-16
7.063433128147690695e+03 1.650947301436543297e-16
7.066474538332357952e+03 1.706080035937128890e-16
7.069515948517024299e+03 1.799181076142532575e-16
7.072557358701691555e+03 1.702806661760900257e-16
7.075598768886358812e+03 1.554073923549048838e-16
7.078640179071026068e+03 1.492142479417705253e-16
7.081681589255693325e+03 1.706593299266780596e-16
7.084722999440359672e+03 1.713743333780617671e-16
7.087764409625026929e+03 1.645660109027374472e-16
7.090805819809693276e+03 1.686491759784305309e-16
7.093847229994360532e+03 1.673112246074339732e-16
7.096888640179027789e+03 1.605134320037656841e-16
7.099930050363695045e+03 1.622876675010159505e-16
7.102971460548362302e+03 1.725929677839100471e-16
7.106012870733028649e+03 1.888896735067070219e-16
7.109054280917695905e+03 1.711414224603367358e-16
7.112095691102362252e+03 1.648092732000208620e-16
7.115137101287029509e+03 1.695885024842804270e-16
7.118178511471696766e+03 1.741218866492255563e-16
7.121219921656364022e+03 1.744007558315288346e-16
7.124261331841031279e+03 1.680463454964617286e-16
7.127302742025697626e+03 1.686095403494853998e-16
7.130344152210364882e+03 1.690848555770407493e-16
7.133385562395031229e+03 1.589660559536989557e-16
7.136426972579698486e+03 1.648310683069159969e-16
7.139468382764365742e+03 1.698637519714086910e-16
7.142509792949032999e+03 1.599681768566445843e-16
7.145551203133700255e+03 1.751961269033451521e-16
7.148592613318367512e+03 1.727757547625507172e-16
7.151634023503033859e+03 1.549190868014940174e-16
7.154675433687700206e+03 1.562862512467023947e-16
7.157716843872367463e+03 1.717190068755006447e-16
7.160758254057034719e+03 1.698965612024539605e-16
7.163799664241701976e+03 1.607475638788604474e-16
7.166841074426369232e+03 1.534330135580521065e-16
7.169882484611036489e+03 1.588349211168403391e-16
7.172923894795702836e+03 1.438637313334675761e-16
7.175965304980369183e+03 1.552426389240948742e-16
7.179006715165036439e+03 1.530056996258657606e-16
7.182048125349703696e+03 1.689218635213776586e-16
7.185089535534370953e+03 1.658887551076651878e-16
7.188130945719038209e+03 1.441367927266191753e-16
7.191172355903705466e+03 1.805740180123798357e-16
7.194213766088371813e+03 1.889431854614260555e-16
7.197255176273039069e+03 1.531055961379789077e-16
7.200296586457705416e+03 1.486237586931388574e-16
7.203337996642372673e+03 1.487323236870524532e-16
7.206379406827039929e+03 1.522468602497676925e-16
7.209420817011707186e+03 1.362445714025758669e-16
7.212462227196374442e+03 1.341738840044495845e-16
7.215503637381040789e+03 1.373523697559394725e-16
7.218545047565708046e+03 1.406801863056498634e-16
7.221586457750374393e+03 1.444518043294667818e-16
7.224627867935041650e+03 1.533695636177656574e-16
7.227669278119708906e+03 1.409114427993222438e-16
7.230710688304376163e+03 1.404366640864849750e-16
7.233752098489043419e+03 1.374361784340936923e-16
7.236793508673709766e+03 1.332229300431312297e-16
7.239834918858377023e+03 1.331352102756334775e-16
7.242876329043043370e+03 1.353440055224390744e-16
7.245917739227710626e+03 1.412288581991938845e-16
7.248959149412377883e+03 1.504707583581549838e-16
7.252000559597045140e+03 1.481519666553818066e-16
7.255041969781712396e+03 1.486856808113301241e-16
7.258083379966378743e+03 1.523201597068074928e-16
7.261124790151046000e+03 1.597463049724731741e-16
7.264166200335712347e+03 1.575804170447599457e-16
7.267207610520379603e+03 1.493074352497182068e-16
7.270249020705046860e+03 1.427606121238678808e-16
7.273290430889714116e+03 1.488753450317774524e-16
7.276331841074381373e+03 1.695378033958845954e-16
7.279373251259047720e+03 1.610536890177691958e-16
7.282414661443714976e+03 1.542648286252112120e-16
7.285456071628381324e+03 1.786454403202643501e-16
7.288497481813048580e+03 1.730099616367929302e-16
7.291538891997715837e+03 1.531809478379591133e-16
7.294580302182383093e+03 1.555871028343624999e-16
7.297621712367050350e+03 1.654015501092948567e-16
7.300663122551716697e+03 1.691224539214527566e-16
7.303704532736383953e+03 1.719622836720131574e-16
7.306745942921050300e+03 1.681070231058416035e-16
7.309787353105717557e+03 1.756340393356957387e-16
7.312828763290384813e+03 1.741257426392942077e-16
7.315870173475052070e+03 1.775264181777002733e-16
7.318911583659719327e+03 1.824139046226512721e-16
7.321952993844385674e+03 1.733110197689276167e-16
7.324994404029052930e+03 1.729534378910201353e-16
7.328035814213719277e+03 1.706516680957040159e-16
7.331077224398386534e+03 1.642534537471554919e-16
7.334118634583053790e+03 1.880030501987699638e-16
7.337160044767721047e+03 2.022022429151556800e-16
7.340201454952388303e+03 2.035200615104198374e-16
7.343242865137054650e+03 1.735334740746197604e-16
7.346284275321721907e+03 1.605511114435363121e-16
7.349325685506388254e+03 1.733643144147081351e-16
7.352367095691055511e+03 1.659607968184033896e-16
7.355408505875722767e+03 1.784335584730659888e-16
7.358449916060390024e+03 1.746049114398247045e-16
7.361491326245057280e+03 1.726020890373738955e-16
7.364532736429723627e+03 1.751320681629254695e-16
7.367574146614390884e+03 1.906583044612446200e-16
7.370615556799057231e+03 2.039475889867248377e-16
7.373656966983724487e+03 1.768459175966422398e-16
7.376698377168391744e+03 1.922027242004875987e-16
7.379739787353059000e+03 1.819947017326565987e-16
7.382781197537726257e+03 1.827721417413151382e-16
7.385822607722393514e+03 1.893152615613684559e-16
7.388864017907059861e+03 1.883592628570237064e-16
7.391905428091726208e+03 1.718974312549011551e-16
7.394946838276393464e+03 1.714315960103099787e-16
7.397988248461060721e+03 1.716794856274709391e-16
7.401029658645727977e+03 1.807886354555100044e-16
7.404071068830395234e+03 1.784809889723444029e-16
7.407112479015062490e+03 1.864016242659862121e-16
7.410153889199728837e+03 1.790042401408998027e-16
7.413195299384395184e+03 1.663604974235320290e-16
7.416236709569062441e+03 1.889624162624306253e-16
7.419278119753729698e+03 1.753040505113710889e-16
7.422319529938396954e+03 1.717064332238736908e-16
7.425360940123064211e+03 1.586942615928729375e-16
7.428402350307731467e+03 1.751739159274324138e-16
7.431443760492397814e+03 1.593710569588558612e-16
7.434485170677064161e+03 1.590465647648085592e-16
7.437526580861731418e+03 1.632289327801631979e-16
7.440567991046398674e+03 1.597361511169291109e-16
7.443609401231065931e+03 1.544668880008062915e-16
7.446650811415733187e+03 1.434092082128001121e-16
7.449692221600400444e+03 1.500516215593548575e-16
7.452733631785066791e+03 1.603377629462197052e-16
7.455775041969734048e+03 1.405184513449788494e-16
7.458816452154400395e+03 1.430321994201942874e-16
7.461857862339067651e+03 1.461694129499403502e-16
7.464899272523734908e+03 1.405562768230657023e-16
7.467940682708402164e+03 1.337244754232403574e-16
7.470982092893069421e+03 1.461547108357930344e-16
7.474023503077735768e+03 1.487884299643137663e-16
7.477064913262403024e+03 1.540807357487177921e-16
7.480106323447069371e+03 1.409375308312227649e-16
7.483147733631736628e+03 1.404051536517714174e-16
7.486189143816403885e+03 1.526326766729376311e-16
7.489230554001071141e+03 1.454825957204650136e-16
7.492271964185738398e+03 1.462387650453170134e-16
7.495313374370404745e+03 1.350479968658856354e-16
7.498354784555072001e+03 1.381424045393625946e-16
7.501396194739738348e+03 1.360026889246460146e-16
7.504437604924405605e+03 1.406849763529355917e-16
7.507479015109072861e+03 1.472973734306441597e-16
7.510520425293740118e+03 1.686921743876938703e-16
7.513561835478407374e+03 1.612203190045829924e-16
7.516603245663073722e+03 1.251328124085358531e-16
7.519644655847740978e+03 1.318853552216807686e-16
7.522686066032407325e+03 1.403052177173079123e-16
7.525727476217074582e+03 1.183986671667177843e-16
7.528768886401741838e+03 1.312414237355338724e-16
7.531810296586409095e+03 1.351396564021387042e-16
7.534851706771076351e+03 1.340260302346978590e-16
7.537893116955742698e+03 1.389281513313305574e-16
7.540934527140409955e+03 1.469652115621271638e-16
7.543975937325076302e+03 1.453589494302587215e-16
7.547017347509743558e+03 1.286852504821848621e-16
7.550058757694410815e+03 1.403227010608205665e-16
7.553100167879078072e+03 1.362890901547154269e-16
7.556141578063745328e+03 1.383702426281630994e-16
7.559182988248411675e+03 1.347787727162674667e-16
7.562224398433078932e+03 1.221300201340284498e-16
7.565265808617745279e+03 1.255028703852786249e-16
7.568307218802412535e+03 1.310988852733403076e-16
7.571348628987079792e+03 1.351475783000197415e-16
7.574390039171747048e+03 1.307391658099486195e-16
7.577431449356414305e+03 1.236826118462933450e-16
7.580472859541080652e+03 1.256081652818463876e-16
7.583514269725747909e+03 1.283166495568723198e-16
7.586555679910414256e+03 1.249085425554504712e-16
7.589597090095081512e+03 1.222442782802559704e-16
7.592638500279748769e+03 1.230026445800464892e-16
7.595679910464416025e+03 1.237608362618771990e-16
7.598721320649083282e+03 1.245190795976513244e-16
7.601762730833749629e+03 1.252772615821296316e-16
7.604804141018416885e+03 1.260353823039428127e-16
7.607845551203083232e+03 1.267934418516058683e-16
7.610886961387750489e+03 1.275513272490181882e-16
7.613928371572417745e+03 1.283092647183619323e-16
7.616969781757085002e+03 1.290671412784026824e-16
7.620011191941752259e+03 1.298249570171934623e-16
7.623052602126418606e+03 1.305827261532888292e-16
7.626094012311085862e+03 1.031337263117042376e-16
7.629135422495752209e+03 1.049419881697863180e-16
7.632176832680419466e+03 1.106908502590686264e-16
7.635218242865086722e+03 1.204038288020909951e-16
7.638259653049753979e+03 1.194328042582228869e-16
7.641301063234421235e+03 8.624034990361840020e-17
7.644342473419088492e+03 9.967880297820128646e-17
7.647383883603754839e+03 1.022215980393817416e-16
7.650425293788421186e+03 9.828901335981028689e-17
7.653466703973088443e+03 1.045204300030361820e-16
7.656508114157755699e+03 1.107824532633178354e-16
7.659549524342422956e+03 1.028342531061440771e-16
7.662590934527090212e+03 1.376646452693616880e-16
7.665632344711757469e+03 1.174122633974829899e-16
7.668673754896423816e+03 1.045585538085562882e-16
7.671715165081090163e+03 1.150501138725738929e-16
7.674756575265757419e+03 1.194214597316178689e-16
7.677797985450424676e+03 1.128081608967713469e-16
7.680839395635091932e+03 1.023852553812903247e-16
7.683880805819759189e+03 1.077507148771630739e-16
7.686922216004426446e+03 1.086886659657492107e-16
7.689963626189092793e+03 1.048015138385270511e-16
7.693005036373760049e+03 1.126381175635631684e-16
7.696046446558426396e+03 1.071808775782480628e-16
7.699087856743093653e+03 9.897484772886676521e-17
7.702129266927760909e+03 1.026816009725769903e-16
7.705170677112428166e+03 9.745898481207523329e-17
7.708212087297095422e+03 9.253747772496156618e-17
7.711253497481761769e+03 8.803293836780184503e-17
7.714294907666429026e+03 9.850637500833633366e-17
7.717336317851095373e+03 1.328094673013228466e-16
7.720377728035762630e+03 1.094681655314236104e-16
7.723419138220429886e+03 1.163800602877893451e-16
7.726460548405097143e+03 1.077414576471145325e-16
7.729501958589764399e+03 1.162490588843531564e-16
7.732543368774430746e+03 9.781387963937312205e-17
7.735584778959098003e+03 9.120244219630685494e-17
7.738626189143764350e+03 1.077345118274426116e-16
7.741667599328431606e+03 9.785777268555679478e-17
7.744709009513098863e+03 9.742628985815397391e-17
7.747750419697766119e+03 9.177542386010929880e-17
7.750791829882433376e+03 1.013839774783969148e-16
7.753833240067099723e+03 1.066382587795619449e-16
7.756874650251766980e+03 1.197449718799713190e-16
7.759916060436433327e+03 1.212455188871380363e-16
7.762957470621100583e+03 1.156641448055488517e-16
7.765998880805767840e+03 1.196829328757453145e-16
7.769040290990435096e+03 1.200617223153118681e-16
7.772081701175102353e+03 1.252294297125657050e-16
7.775123111359768700e+03 1.256106886028534136e-16
7.778164521544435956e+03 1.087182764745462830e-16
7.781205931729102304e+03 1.126924376293642822e-16
7.784247341913769560e+03 1.234603106912316836e-16
7.787288752098436817e+03 1.364826214121923387e-16
7.790330162283104073e+03 1.241913337723281251e-16
7.793371572467771330e+03 1.247698878123135079e-16
7.796412982652437677e+03 1.085946919995367057e-16
7.799454392837104933e+03 1.192036574248207930e-16
7.802495803021771280e+03 1.257693464951976316e-16
7.805537213206438537e+03 1.173237723232535818e-16
7.808578623391105793e+03 1.212479445772965736e-16
7.811620033575773050e+03 1.252561025705511339e-16
7.814661443760440307e+03 1.341210749673920419e-16
7.817702853945106654e+03 1.315395543901230503e-16
7.820744264129773910e+03 1.430414911778456105e-16
7.823785674314440257e+03 1.104213619568441009e-16
7.826827084499107514e+03 1.290567295666074537e-16
7.829868494683774770e+03 1.332289667018598087e-16
7.832909904868442027e+03 1.198704994455776074e-16
7.835951315053109283e+03 1.199452534853269587e-16
7.838992725237775630e+03 1.173640745505318352e-16
7.842034135422442887e+03 1.262126945785390231e-16
7.845075545607109234e+03 1.342326484724304704e-16
7.848116955791776491e+03 1.084500534642995104e-16
7.851158365976443747e+03 1.136475543630417111e-16
7.854199776161111004e+03 1.403187934901120926e-16
7.857241186345778260e+03 1.220803843766000402e-16
7.860282596530444607e+03 1.190984216581178213e-16
7.863324006715111864e+03 1.360111540416109924e-16
7.866365416899778211e+03 1.436833061563239469e-16
7.869406827084445467e+03 1.310591785650172489e-16
7.872448237269112724e+03 1.088655024651331277e-16
7.875489647453779980e+03 1.068039764797598964e-16
7.878531057638447237e+03 1.109738998077965126e-16
7.881572467823114494e+03 1.168158503537110805e-16
7.884613878007780841e+03 9.644821752837983297e-17
7.887655288192447188e+03 1.045807775639710465e-16
7.890696698377114444e+03 1.210831063159079186e-16
7.893738108561781701e+03 9.867867332085331997e-17
7.896779518746448957e+03 1.307674950487922404e-16
7.899820928931116214e+03 1.158683851207496492e-16
7.902862339115782561e+03 1.135023662484152902e-16
7.905903749300449817e+03 1.132154913007846138e-16
7.908945159485117074e+03 1.246122890388140810e-16
7.911986569669783421e+03 9.917983574071764516e-17
7.915027979854450678e+03 1.136346738736682757e-16
7.918069390039117934e+03 1.095713342214428679e-16
7.921110800223785191e+03 1.294566119156819818e-16
7.924152210408451538e+03 1.190296098363872453e-16
7.927193620593118794e+03 1.076931299672011694e-16
7.930235030777786051e+03 1.017271257634488761e-16
7.933276440962452398e+03 1.008846926978052130e-16
7.936317851147119654e+03 1.086084441259516328e-16
7.939359261331786911e+03 1.075644836977070247e-16
7.942400671516454167e+03 1.046754102713020671e-16
7.945442081701120514e+03 9.979719842184607948e-17
7.948483491885787771e+03 9.902991044821650061e-17
7.951524902070455028e+03 9.743444341288226546e-17
7.954566312255121375e+03 1.006505506953615295e-16
7.957607722439788631e+03 8.499754733533210079e-17
7.960649132624455888e+03 1.010563552084121206e-16
7.963690542809123144e+03 1.026291953461705557e-16
7.966731952993789491e+03 7.758120812898371044e-17
7.969773363178456748e+03 7.714839437202640065e-17
7.972814773363124004e+03 1.085986330722555560e-16
7.975856183547791261e+03 9.548735482225406544e-17
7.978897593732457608e+03 1.007390005217307056e-16
7.981939003917124865e+03 9.903496303044095434e-17
7.984980414101792121e+03 8.695349973045834390e-17
7.988021824286458468e+03 8.583894125902167102e-17
7.991063234471125725e+03 1.014257095920812331e-16
7.994104644655792981e+03 1.126598398185105381e-16
7.997146054840460238e+03 9.851311800492366354e-17
8.000187465025126585e+03 8.515488503317799454e-17
8.003228875209793841e+03 8.863647730341296812e-17
8.006270285394461098e+03 8.601902483037753173e-17
8.009311695579127445e+03 9.811307785516888858e-17
8.012353105763794701e+03 1.011781460533808200e-16
8.015394515948461958e+03 8.053416733748833092e-17
8.018435926133129215e+03 8.286197810520155679e-17
8.021477336317795562e+03 8.676079374722686675e-17
8.024518746502462818e+03 6.888369945107593045e-17
8.027560156687130075e+03 6.877815179127494335e-17
8.030601566871796422e+03 9.703612351005230452e-17
8.033642977056463678e+03 9.008655082586790411e-17
8.036684387241130935e+03 8.484413505413878099e-17
8.039725797425798191e+03 9.046100235356757035e-17
8.042767207610464538e+03 9.014849692893784178e-17
8.045808617795131795e+03 1.014081307486942492e-16
8.048850027979799052e+03 9.785612329932927145e-17
8.051891438164465399e+03 8.640085813542200093e-17
8.054932848349132655e+03 8.135635175624190464e-17
8.057974258533799912e+03 8.511853018659962033e-17
8.061015668718467168e+03 8.846011115387958285e-17
8.064057078903133515e+03 7.323818511286791514e-17
8.067098489087800772e+03 9.205811072528875562e-17
8.070139899272468028e+03 8.502467248448789675e-17
8.073181309457134375e+03 7.368456930400336840e-17
8.076222719641801632e+03 8.083923676986510518e-17
8.079264129826468888e+03 7.870826928746288315e-17
8.082305540011136145e+03 8.225910319192097451e-17
8.085346950195802492e+03 6.940235957683855306e-17
8.088388360380469749e+03 8.164080372701639906e-17
8.091429770565137005e+03 8.933788551499446771e-17
8.094471180749803352e+03 8.895359286945628964e-17
8.097512590934470609e+03 8.968085809395344540e-17
8.100554001119137865e+03 7.848636700859533992e-17
8.103595411303805122e+03 7.154871131530555112e-17
8.106636821488471469e+03 7.852666126625726529e-17
8.109678231673138725e+03 9.003415449097955999e-17
8.112719641857805982e+03 9.383268090405603111e-17
8.115761052042473239e+03 7.947339932398314933e-17
8.118802462227139586e+03 8.486986766122901711e-17
8.121843872411806842e+03 7.908637476870277160e-17
8.124885282596474099e+03 6.868257461788592780e-17
8.127926692781140446e+03 7.908433503446965063e-17
8.130968102965807702e+03 8.821290741363474560e-17
8.134009513150474959e+03 8.816790698431288025e-17
8.137050923335142215e+03 8.994668554401347356e-17
8.140092333519808562e+03 8.438009454549353467e-17
8.143133743704475819e+03 6.913729698680044295e-17
8.146175153889143076e+03 7.974832260721166527e-17
8.149216564073809423e+03 8.097741868786367746e-17
8.152257974258476679e+03 5.944350701226724085e-17
8.155299384443143936e+03 6.590281107597353245e-17
8.158340794627811192e+03 7.814727344399769507e-17
8.161382204812477539e+03 7.439563175015780284e-17
8.164423614997144796e+03 7.112229013932235579e-17
8.167465025181812052e+03 6.537208947690750089e-17
8.170506435366478399e+03 6.757243334288741234e-17
8.173547845551145656e+03 7.108187510832445268e-17
8.176589255735812912e+03 7.316154346096996313e-17
8.179630665920480169e+03 7.522618481362339048e-17
8.182672076105146516e+03 7.486980263170093982e-17
8.185713486289813773e+03 6.494315926947258456e-17
8.188754896474481029e+03 6.650138656012723476e-17
8.191796306659147376e+03 6.503323949403972903e-17
8.194837716843814633e+03 6.464894568569275699e-17
8.197879127028481889e+03 6.847666951380856992e-17
8.200920537213149146e+03 6.297895319023270141e-17
8.203961947397816402e+03 7.381988408320467074e-17
8.207003357582481840e+03 6.629726256898510950e-17
8.210044767767150915e+03 6.188809062250248313e-17
8.213086177951816353e+03 6.946425202859599805e-17
8.216127588136483610e+03 7.669407279587203350e-17
8.219168998321150866e+03 7.084053897883529573e-17
8.222210408505818123e+03 6.126849090331824597e-17
8.225251818690485379e+03 7.455028266399775733e-17
8.228293228875150817e+03 7.715905086174719477e-17
8.231334639059819892e+03 6.130416932512759125e-17
8.234376049244485330e+03 7.332119370750881668e-17
8.237417459429152586e+03 7.506922455768457772e-17
8.240458869613819843e+03 8.620079538187486141e-17
8.243500279798487099e+03 7.174338875937150925e-17
8.246541689983154356e+03 7.735180362232714975e-17
8.249583100167819794e+03 7.736313150215960242e-17
8.252624510352488869e+03 5.612584776193107754e-17
8.255665920537154307e+03 6.675885842027511865e-17
8.258707330721821563e+03 8.083126188181986876e-17
8.261748740906488820e+03 8.415086354316174447e-17
8.264790151091156076e+03 7.437552757539113280e-17
8.267831561275823333e+03 6.671562801601085476e-17
8.270872971460488770e+03 7.111144657059992190e-17
8.273914381645157846e+03 6.805262400493537738e-17
8.276955791829823283e+03 5.413932662379438251e-17
8.279997202014490540e+03 5.379446920667374516e-17
8.283038612199157797e+03 6.819975199476525623e-17
8.286080022383825053e+03 6.690694643623663100e-17
8.289121432568492310e+03 5.348180246519510969e-17
8.292162842753157747e+03 6.116953675964596740e-17
8.295204252937826823e+03 5.704052154915017171e-17
8.298245663122492260e+03 6.847849160231509759e-17
8.301287073307159517e+03 6.574615327074643866e-17
8.304328483491826773e+03 6.133885716124703987e-17
8.307369893676494030e+03 5.846524408663328628e-17
8.310411303861161286e+03 7.338565308100225829e-17
8.313452714045826724e+03 6.643088254140903756e-17
8.316494124230495800e+03 7.446152159343577520e-17
8.319535534415161237e+03 7.275040993487473647e-17
8.322576944599828494e+03 5.812348305213641608e-17
8.325618354784495750e+03 5.715788194472124027e-17
8.328659764969163007e+03 4.792705393634280981e-17
8.331701175153830263e+03 6.561600535193261623e-17
8.334742585338495701e+03 6.400143845658237718e-17
8.337783995523164776e+03 7.900572651341316099e-17
8.340825405707830214e+03 8.327329353550915750e-17
8.343866815892497470e+03 8.887423378346630664e-17
8.346908226077164727e+03 9.730699734520211621e-17
8.349949636261831984e+03 8.202413468990104082e-17
8.352991046446499240e+03 7.445872772857069784e-17
8.356032456631164678e+03 4.803612481530518094e-17
8.359073866815833753e+03 7.677349313994103816e-17
8.362115277000499191e+03 4.903537706000299214e-17
8.365156687185166447e+03 5.299304674599355707e-17
8.368198097369833704e+03 6.718350657481887537e-17
8.371239507554500960e+03 6.223804348602371818e-17
8.374280917739168217e+03 6.010505542223539095e-17
8.377322327923833654e+03 7.265551246356032145e-17
8.380363738108502730e+03 6.377693598353974170e-17
8.383405148293168168e+03 5.343237542033002331e-17
8.386446558477835424e+03 5.013339379158698401e-17
8.389487968662502681e+03 6.656566620111796902e-17
8.392529378847169937e+03 6.870543993583585981e-17
8.395570789031837194e+03 5.058977248585391570e-17
8.398612199216502631e+03 3.769785440379820478e-17
8.401653609401171707e+03 2.010441230364014230e-17
8.404695019585837144e+03 3.085566939735366870e-17
8.407736429770504401e+03 3.439913193468637880e-17
8.410777839955171657e+03 3.072944229650095196e-17
8.413819250139838914e+03 4.971637218507277085e-17
8.416860660324506171e+03 6.923865705200060371e-17
8.419902070509171608e+03 6.522655297255338812e-17
8.422943480693840684e+03 6.572654806376288784e-17
8.425984890878506121e+03 2.512681207810780658e-17
8.429026301063173378e+03 3.588071368127355460e-17
8.432067711247840634e+03 1.092708815010521946e-17
8.435109121432507891e+03 2.120519513807491547e-17
8.438150531617175147e+03 5.901062501587707784e-17
8.441191941801840585e+03 4.275203243402052647e-17
8.444233351986509660e+03 4.456408902306358038e-17
8.447274762171175098e+03 3.805705202427242983e-17
8.450316172355842355e+03 4.786896613810572892e-17
8.453357582540509611e+03 1.134449921039476291e-17
8.456398992725176868e+03 4.065935041030557965e-17
8.459440402909844124e+03 4.748597336640143958e-17
8.462481813094509562e+03 5.041695254174285981e-17
8.465523223279178637e+03 2.109195807933338739e-17
8.468564633463844075e+03 2.043342938815245171e-17
8.471606043648511331e+03 5.311501413280156313e-17
8.474647453833178588e+03 6.917356089387431331e-17
8.477688864017845845e+03 4.333821814698692706e-17
8.480730274202513101e+03 5.035849056424838642e-17
8.483771684387178539e+03 4.465117044179926440e-17
8.486813094571847614e+03 6.140627089466070080e-17
8.489854504756513052e+03 4.177214973095453246e-17
8.492895914941182127e+03 4.174202466415995430e-17
8.495937325125847565e+03 6.144327420178162228e-17
8.498978735310514821e+03 7.805376079314287392e-17
8.502020145495182078e+03 8.675663966912320639e-17
8.505061555679847515e+03 9.041696598062509247e-17
8.508102965864516591e+03 7.573543800482925071e-17
8.511144376049182029e+03 7.389789023784014597e-17
8.514185786233851104e+03 9.556042600822207380e-17
8.517227196418516542e+03 1.105429466370131925e-16
8.520268606603183798e+03 9.396339640445854098e-17
8.523310016787851055e+03 9.941469680819828685e-17
8.526351426972516492e+03 1.071151925688702253e-16
8.529392837157185568e+03 1.033096950237817055e-16
8.532434247341851005e+03 1.025709058562434493e-16
8.535475657526520081e+03 1.066673623338486961e-16
8.538517067711185518e+03 1.070520030821172188e-16
8.541558477895852775e+03 1.184142034160877195e-16
8.544599888080520032e+03 1.177067783590678565e-16
8.547641298265185469e+03 1.061142379188000190e-16
8.550682708449854545e+03 1.083795766038047326e-16
8.553724118634519982e+03 1.042896114974009898e-16
8.556765528819189058e+03 1.006893545208670701e-16
8.559806939003854495e+03 1.101725262213162653e-16
8.562848349188521752e+03 1.015920652893942522e-16
8.565889759373189008e+03 8.526654476853590563e-17
8.568931169557854446e+03 1.027918774667786608e-16
8.571972579742523521e+03 1.048870547214378460e-16
8.575013989927188959e+03 9.916680749174290672e-17
8.578055400111858035e+03 7.995859971689445106e-17
8.581096810296523472e+03 8.913695488446732523e-17
8.584138220481190729e+03 9.698899365687865116e-17
8.587179630665857985e+03 9.708503024117443701e-17
8.590221040850523423e+03 9.285341044994286316e-17
8.593262451035192498e+03 9.903667975518596349e-17
8.596303861219857936e+03 1.028940783048253910e-16
8.599345271404527011e+03 1.138897539137978534e-16
8.602386681589192449e+03 1.013181157698219512e-16
8.605428091773859705e+03 8.641458057585688349e-17
8.608469501958526962e+03 9.457355351425939804e-17
8.611510912143194219e+03 1.130093550939292529e-16
8.614552322327861475e+03 1.262914354995568081e-16
8.617593732512526913e+03 1.014150977024387791e-16
8.620635142697195988e+03 1.036068936883767632e-16
8.623676552881861426e+03 1.066857195549156873e-16
8.626717963066528682e+03 1.050288764669481460e-16
8.629759373251195939e+03 1.005639691773578657e-16
8.632800783435863195e+03 9.911050772479428875e-17
8.635842193620530452e+03 1.247551696575946645e-16
8.638883603805195889e+03 1.262016058954655382e-16
8.641925013989864965e+03 1.263471601138135142e-16
8.644966424174530403e+03 1.430562167611870112e-16
8.648007834359197659e+03 1.508565674133720795e-16
8.651049244543864916e+03 1.397069117131963651e-16
8.654090654728532172e+03 1.134959867729725053e-16
8.657132064913199429e+03 1.561282710744605518e-16
8.660173475097864866e+03 1.373786594359057768e-16
8.663214885282533942e+03 1.313617804124408163e-16
8.666256295467199379e+03 1.627689712839303552e-16
8.669297705651866636e+03 1.634301966638385157e-16
8.672339115836533892e+03 1.769951104843772699e-16
8.675380526021201149e+03 1.900836345612673020e-16
8.678421936205868406e+03 1.680200693590536246e-16
8.681463346390533843e+03 1.800335027725408663e-16
8.684504756575202919e+03 1.764598869150074087e-16
8.687546166759868356e+03 1.879914034655081787e-16
8.690587576944535613e+03 1.804592020078900028e-16
8.693628987129202869e+03 1.799949669689597533e-16
8.696670397313870126e+03 1.846785067122531614e-16
8.699711807498537382e+03 1.874585142605576947e-16
8.702753217683202820e+03 2.054006588186253762e-16
8.705794627867871895e+03 2.072339783029023243e-16
8.708836038052537333e+03 1.596659559080352588e-16
8.711877448237204590e+03 1.898891971834664672e-16
8.714918858421871846e+03 1.875921255820754346e-16
8.717960268606539103e+03 1.827305651009404819e-16
8.721001678791206359e+03 1.776693493425460697e-16
8.724043088975871797e+03 1.851575566246504866e-16
8.727084499160540872e+03 1.965486709384420494e-16
8.730125909345206310e+03 1.813740727455028155e-16
8.733167319529873566e+03 1.591816636380415090e-16
8.736208729714540823e+03 1.707795380299578859e-16
8.739250139899208079e+03 1.759007134948986321e-16
8.742291550083875336e+03 1.992585440267881420e-16
8.745332960268540774e+03 1.934844946747885366e-16
8.748374370453209849e+03 2.078964549766187872e-16
8.751415780637875287e+03 1.806280087379404636e-16
8.754457190822542543e+03 1.593364027660028605e-16
8.757498601007209800e+03 1.672563865689587888e-16
8.760540011191877056e+03 1.529043933787666949e-16
8.763581421376544313e+03 1.364061926502077466e-16
8.766622831561209750e+03 1.579327846463346013e-16
8.769664241745878826e+03 1.565385782422384963e-16
8.772705651930544263e+03 1.428255217482317913e-16
8.775747062115211520e+03 1.515808857231929713e-16
8.778788472299878777e+03 1.969959430130087572e-16
8.781829882484546033e+03 1.939864876916260127e-16
8.784871292669213290e+03 1.704001838089364485e-16
8.787912702853878727e+03 1.997045320596906477e-16
8.790954113038547803e+03 1.642020427410378921e-16
8.793995523223213240e+03 1.643624927112698605e-16
8.797036933407880497e+03 1.872944560863301653e-16
8.800078343592547753e+03 1.730213903060540650e-16
8.803119753777215010e+03 1.349809792676575248e-16
8.806161163961882266e+03 1.622293598061948884e-16
8.809202574146547704e+03 1.752064885450751940e-16
8.812243984331216780e+03 1.431520837394889841e-16
8.815285394515882217e+03 1.171456219960637861e-16
8.818326804700549474e+03 1.507788053832967408e-16
8.821368214885216730e+03 1.123662572605799738e-16
8.824409625069883987e+03 1.423125985561656734e-16
8.827451035254551243e+03 1.555883148773682567e-16
8.830492445439216681e+03 1.436207649623846616e-16
8.833533855623885756e+03 1.705825954418375458e-16
8.836575265808551194e+03 1.279145798151986395e-16
8.839616675993218450e+03 1.591953689317034836e-16
8.842658086177885707e+03 1.675551302892445721e-16
8.845699496362552964e+03 1.122229489159173808e-16
8.848740906547220220e+03 1.202014574754635363e-16
8.851782316731885658e+03 1.281453153727308880e-16
8.854823726916554733e+03 1.203816525891585081e-16
8.857865137101220171e+03 1.540167684468767962e-16
8.860906547285887427e+03 1.102208015906316900e-16
8.863947957470554684e+03 1.203125355720454818e-16
8.866989367655221940e+03 1.285382391953117944e-16
8.870030777839889197e+03 1.042381878582137126e-16
8.873072188024554634e+03 1.114011807900428706e-16
8.876113598209223710e+03 1.343480226197320411e-16
8.879155008393889148e+03 1.149018083510402021e-16
8.882196418578556404e+03 1.160958363671847091e-16
8.885237828763223661e+03 1.191004378909295350e-16
8.888279238947890917e+03 1.178991659401882458e-16
8.891320649132558174e+03 1.156157921832140068e-16
8.894362059317223611e+03 1.151992366975281800e-16
8.897403469501892687e+03 1.002861119187606867e-16
8.900444879686558124e+03 9.501144959812737189e-17
8.903486289871225381e+03 8.496576062286986823e-17
8.906527700055892637e+03 8.465806585530002287e-17
8.909569110240559894e+03 1.137307645141328637e-16
8.912610520425227151e+03 1.069425486550082692e-16
8.915651930609892588e+03 1.001525666010410116e-16
8.918693340794561664e+03 9.336516675379731173e-17
8.921734750979227101e+03 8.657816362091710398e-17
8.924776161163894358e+03 8.859756962975577001e-17
8.927817571348561614e+03 1.019255349745212368e-16
8.930858981533228871e+03 1.123491263562929928e-16
8.933900391717896127e+03 1.107304126449043080e-16
8.936941801902561565e+03 1.047473142548226040e-16
8.939983212087230640e+03 8.866243157519282230e-17
8.943024622271896078e+03 8.020543513131626060e-17
8.946066032456563335e+03 9.874209036398199596e-17
8.949107442641230591e+03 7.510309322344398644e-17
8.952148852825897848e+03 5.867255556491249758e-17
8.955190263010565104e+03 6.185998890345759057e-17
8.958231673195230542e+03 6.202076129017219287e-17
8.961273083379899617e+03 3.579536560636509614e-17
8.964314493564565055e+03 6.898276866259000429e-17
8.967355903749232311e+03 6.944132068758341381e-17
8.970397313933899568e+03 8.169633594855181340e-17
8.973438724118566824e+03 1.005017449970176128e-16
8.976480134303234081e+03 9.680882421910485576e-17
8.979521544487899519e+03 8.686879602111005030e-17
8.982562954672568594e+03 4.397153640854659305e-17
8.985604364857234032e+03 4.521420558941307929e-17
8.988645775041903107e+03 7.802798247887532920e-17
8.991687185226568545e+03 6.812622033634057199e-17
8.994728595411235801e+03 4.427913756999707313e-17
8.997770005595903058e+03 6.429909347380868652e-17
9.000811415780568495e+03 7.691783478904845791e-17
9.003852825965237571e+03 6.867345352051048613e-17
9.006894236149903008e+03 6.989487315203901902e-17
9.009935646334572084e+03 7.201770084980777342e-17
9.012977056519237522e+03 9.198810277060884895e-17
9.016018466703904778e+03 7.437576745808924792e-17
9.019059876888572035e+03 5.633591489491256284e-17
9.022101287073237472e+03 7.570175221780848713e-17
9.025142697257906548e+03 6.684787688200899636e-17
9.028184107442571985e+03 9.140021186454651077e-17
9.031225517627241061e+03 7.765878776426477708e-17
9.034266927811906498e+03 5.079923170443785427e-17
9.037308337996573755e+03 5.667848163815797877e-17
9.040349748181241011e+03 7.533613313597695122e-17
9.043391158365906449e+03 6.923097879846489158e-17
9.046432568550575525e+03 4.111935302607237060e-17
9.049473978735240962e+03 5.203396917328455485e-17
9.052515388919910038e+03 4.496786579932532644e-17
9.055556799104575475e+03 3.214510385862277182e-17
9.058598209289242732e+03 4.062873435925559986e-17
9.061639619473909988e+03 4.372945005535288251e-17
9.064681029658575426e+03 5.072695136449906904e-17
9.067722439843244501e+03 5.201434041423773418e-17
9.070763850027909939e+03 8.592977941590267292e-17
9.073805260212579014e+03 7.576152025823309461e-17
9.076846670397244452e+03 4.232752568738993425e-17
9.079888080581911709e+03 5.046170979296398993e-17
9.082929490766578965e+03 4.453656271773925600e-17
9.085970900951244403e+03 5.825972836844971926e-17
9.089012311135913478e+03 2.989135538254668822e-17
9.092053721320578916e+03 2.961587755944726118e-17
9.095095131505247991e+03 2.934041940931745029e-17
9.098136541689913429e+03 2.906488713667658779e-17
9.101177951874580685e+03 2.878945958700395277e-17
9.104219362059247942e+03 3.208228761171788653e-17
9.107260772243915198e+03 5.247960473271603560e-17
9.110302182428582455e+03 7.348385152413488103e-17
9.113343592613247893e+03 7.440031527665924216e-17
9.116385002797916968e+03 7.376058550114967116e-17
9.119426412982582406e+03 6.104938038743683262e-17
9.122467823167249662e+03 5.704630899510179159e-17
9.125509233351916919e+03 4.476295226048445946e-17
9.128550643536584175e+03 7.502896857169890625e-17
9.131592053721251432e+03 7.703774796780243183e-17
9.134633463905916869e+03 7.904706320739405278e-17
9.137674874090585945e+03 8.105562286222517315e-17
9.140716284275251382e+03 8.306407287789195332e-17
9.143757694459918639e+03 8.507305912806735626e-17
9.146799104644585896e+03 8.708129029146730809e-17
9.149840514829253152e+03 8.909005794912024261e-17
9.152881925013920409e+03 6.763064294084267391e-17
9.155923335198585846e+03 2.161037968393842937e-17
9.158964745383254922e+03 5.076257358103330639e-17
9.162006155567920359e+03 7.799865258059983550e-17
9.165047565752587616e+03 4.941852144870578996e-17
9.168088975937254872e+03 5.353522669224056327e-17
9.171130386121922129e+03 7.011961816041084508e-17
9.174171796306589385e+03 7.191016073031415325e-17
9.177213206491254823e+03 5.295198003655813511e-17
9.180254616675923899e+03 5.397215383247628192e-17
9.183296026860589336e+03 8.745276896818808255e-17
9.186337437045256593e+03 4.467897206984599942e-17
9.189378847229923849e+03 5.702280758883203651e-17
9.192420257414591106e+03 5.075878112026531775e-17
9.195461667599258362e+03 5.855946990065754395e-17
9.198503077783923800e+03 4.572416632866550107e-17
9.201544487968592875e+03 3.159031057619127005e-17
9.204585898153258313e+03 8.122677872488670303e-17
9.207627308337925570e+03 7.671454689062802518e-17
9.210668718522592826e+03 7.124372536310860201e-17
9.213710128707260083e+03 6.434133906898846156e-17
9.216751538891927339e+03 6.668353886623336378e-17
9.219792949076592777e+03 6.519866760237168536e-17
9.222834359261261852e+03 1.107130170554757606e-16
9.225875769445927290e+03 8.835743471670209090e-17
9.228917179630594546e+03 7.378275741932141716e-17
9.231958589815261803e+03 5.629207270161953060e-17
9.234999999999929059e+03 9.435785246371560167e-17
