                    Fe/He      Si/S    O/Si/S   O/Ne/Mg       O/C He/C_core He/N_core  He/C_env  He/N_env  He/N_env  He/N_env  He/N_env  He/N_env  He/N_env
           Mass     0.073     0.019     0.071      0.11     0.079     0.015      0.07      0.14      0.17      0.17      0.13     0.091     0.051      0.03
           V_in         0   2.4e+03   2.6e+03     3e+03   3.4e+03   3.9e+03     4e+03   4.4e+03   5.1e+03   6.2e+03   7.4e+03   8.9e+03   1.1e+04   1.3e+04
          V_out   2.4e+03   2.6e+03     3e+03   3.4e+03   3.9e+03     4e+03   4.4e+03   5.1e+03   6.2e+03   7.4e+03   8.9e+03   1.1e+04   1.3e+04   1.7e+04
             ff      0.84     0.022     0.027     0.044      0.03    0.0059     0.027         1         1         1         1         1         1         1
       rho_100d     2e-15   4.1e-15     5e-15   7.2e-15   2.8e-15   3.5e-13   2.3e-13   2.3e-14   1.2e-15   7.2e-16   3.1e-16   1.3e-16   4.2e-17   8.9e-18
 -------------------------------------------------------------------------
           56Ni      0.66      0.32   4.6e-06   7.8e-07   7.2e-08     5e-08   6.4e-09     5e-08   6.4e-09   6.4e-09   6.4e-09   6.4e-09   6.4e-09   6.4e-09
           57Ni     0.035    0.0052   2.8e-05   2.6e-06   6.1e-08   1.7e-08   5.2e-10   1.7e-08   5.2e-10   5.2e-10   5.2e-10   5.2e-10   5.2e-10   5.2e-10
           44Ti   0.00034     3e-05   1.2e-06   3.7e-10   1.7e-11     6e-13   2.5e-14     6e-13   2.5e-14   2.5e-14   2.5e-14   2.5e-14   2.5e-14   2.5e-14
 -------------------------------------------------------------------------
              2       0.2   1.1e-05   8.4e-06     7e-06     0.053      0.83      0.99      0.83      0.99      0.99      0.99      0.99      0.99      0.99
              6     7e-07   1.7e-06    0.0024     0.012      0.42      0.13   0.00036      0.13   0.00036   0.00036   0.00036   0.00036   0.00036   0.00036
              7   1.1e-06   5.4e-08   7.2e-06   1.9e-05   2.7e-05    0.0002    0.0087    0.0002    0.0087    0.0087    0.0087    0.0087    0.0087    0.0087
              8   1.6e-05   1.5e-05      0.63      0.59      0.47     0.015   0.00056     0.015   0.00056   0.00056   0.00056   0.00056   0.00056   0.00056
             10   1.9e-05   1.4e-06    0.0056      0.19     0.046     0.013    0.0012     0.013    0.0012    0.0012    0.0012    0.0012    0.0012    0.0012
             11   5.8e-07   7.9e-07   5.7e-05     0.002   0.00018   0.00015   0.00015   0.00015   0.00015   0.00015   0.00015   0.00015   0.00015   0.00015
             12   2.4e-05   0.00013     0.045      0.13     0.015    0.0012   0.00073    0.0012   0.00073   0.00073   0.00073   0.00073   0.00073   0.00073
             14   0.00021      0.34      0.25     0.045     0.001   0.00085   0.00082   0.00085   0.00082   0.00082   0.00082   0.00082   0.00082   0.00082
             16   0.00014      0.19     0.049    0.0014   0.00026    0.0004   0.00042    0.0004   0.00042   0.00042   0.00042   0.00042   0.00042   0.00042
             18   0.00013     0.035    0.0067   9.6e-05   8.6e-05    0.0001   0.00011    0.0001   0.00011   0.00011   0.00011   0.00011   0.00011   0.00011
             19   0.00011     3e-05   0.00013   1.3e-05   3.2e-06   5.4e-06   4.5e-06   5.4e-06   4.5e-06   4.5e-06   4.5e-06   4.5e-06   4.5e-06   4.5e-06
             20    0.0018     0.033    0.0029   4.5e-05   3.2e-05   6.8e-05   7.3e-05   6.8e-05   7.3e-05   7.3e-05   7.3e-05   7.3e-05   7.3e-05   7.3e-05
             21   1.6e-05   5.1e-08   6.7e-07   6.6e-07   3.8e-07   7.8e-08     6e-08   7.8e-08     6e-08     6e-08     6e-08     6e-08     6e-08     6e-08
             22     1e-06   2.6e-06   2.5e-05   4.4e-06     5e-06   3.4e-06   3.4e-06   3.4e-06   3.4e-06   3.4e-06   3.4e-06   3.4e-06   3.4e-06   3.4e-06
             24    0.0011    0.0012   0.00018   1.7e-05   1.5e-05     2e-05     2e-05     2e-05     2e-05     2e-05     2e-05     2e-05     2e-05     2e-05
             26    0.0018     0.061    0.0045    0.0011   0.00096    0.0014    0.0014    0.0014    0.0014    0.0014    0.0014    0.0014    0.0014    0.0014
             27   0.00098    0.0062   0.00013   0.00011   0.00013     1e-05     5e-06     1e-05     5e-06     5e-06     5e-06     5e-06     5e-06     5e-06
             28     0.053    0.0059   0.00049   0.00027   0.00048   7.7e-05   8.1e-05   7.7e-05   8.1e-05   8.1e-05   8.1e-05   8.1e-05   8.1e-05   8.1e-05
